# Koester WD models
# teff = 5250 K (value for the effective temperature for the model. Temperatures are given in K)
# logg = 9.25 log(cm/s2) (value for Log(G) for the model.)
#
# column 1: WAVELENGTH (ANGSTROM), Wavelength in Angstrom
# column 2: FLUX (ERG/CM2/S/A), Flux in erg/cm2/s/A
         899.23     0.000603896 
        899.493     0.000609544 
        900.019     0.000620995 
        901.073     0.000644498 
        902.121     0.000668726 
        902.125     0.000668826 
        903.178     0.000694009 
        904.235     0.000720185 
        905.292     0.000747278 
         906.35     0.000775317 
        907.407     0.000804333 
        907.687     0.000812202 
         908.45     0.000833948 
        908.464      0.00083436 
        909.241      0.00085708 
        910.032     0.000880805 
        911.193     0.000916754 
        911.613     0.000930103 
        912.034     0.000943634 
        912.465     0.000957711 
        912.875     0.000971249 
        913.037     0.000976658 
        913.241     0.000983513 
        913.284     0.000984965 
        913.478     0.000991531 
        913.531     0.000993334 
        913.755      0.00100095 
        913.822      0.00100325 
         914.08      0.00101214 
        914.165      0.00101509 
        914.499      0.00102674 
        914.575      0.00102941 
        915.071      0.00104696 
         915.54      0.00106384 
        915.609      0.00106631 
        915.643      0.00106754 
        915.677      0.00106878 
        915.741      0.00107112 
        915.813      0.00107375 
        916.085      0.00108374 
        916.429       0.0010965 
        916.858      0.00111257 
        917.118      0.00112244 
        917.196      0.00112542 
        917.378      0.00113239 
        917.899      0.00115254 
        917.952      0.00115462 
        918.287       0.0011678 
        918.602      0.00118028 
        919.251      0.00120647 
        920.215      0.00124633 
        921.882      0.00131814 
        921.999      0.00132333 
        922.143      0.00132975 
        922.405      0.00134144 
         922.81      0.00135978 
        923.621      0.00139716 
        925.001        0.001463 
        925.242       0.0014748 
        925.484      0.00148669 
        925.564      0.00149065 
        925.966      0.00151073 
        926.164      0.00152071 
        926.369      0.00153104 
        927.173      0.00157241 
        927.276      0.00157772 
        928.182      0.00162571 
        928.917      0.00166567 
         928.98      0.00166915 
        929.089      0.00167519 
        929.261       0.0016848 
        929.317      0.00168788 
        929.543      0.00170055 
        929.655      0.00170685 
        929.769      0.00171327 
        929.827      0.00171655 
        929.883      0.00171972 
         929.91      0.00172126 
        929.939       0.0017229 
        929.954      0.00172375 
        929.968      0.00172455 
        929.982      0.00172534 
        929.996      0.00172614 
         930.01      0.00172694 
        930.024      0.00172773 
        930.038      0.00172853 
        930.052      0.00172933 
        930.081      0.00173098 
        930.137      0.00173418 
        930.201      0.00173784 
        930.247      0.00174047 
        930.249      0.00174059 
        930.251       0.0017407 
        930.301      0.00174357 
        930.326      0.00174495 
        930.329      0.00174512 
        930.402      0.00174932 
        930.478       0.0017537 
         930.63      0.00176246 
        930.931      0.00177967 
        931.229      0.00179679 
         931.49      0.00181182 
        931.534      0.00181435 
        931.838      0.00183208 
        932.447      0.00186821 
        933.265      0.00191779 
        933.403      0.00192631 
        933.432      0.00192802 
        933.542      0.00193477 
        933.652      0.00194155 
        933.872      0.00195523 
        933.973      0.00196156 
        934.073      0.00196785 
        934.312      0.00198303 
        934.316      0.00198329 
        934.652      0.00200491 
         935.23      0.00204346 
        935.688      0.00207562 
        936.144      0.00210907 
        936.372      0.00212571 
        936.601      0.00214183 
        936.714       0.0021497 
        936.829      0.00215774 
        936.887       0.0021618 
        936.944       0.0021658 
        936.973      0.00216784 
        937.001      0.00216981 
        937.015      0.00217079 
        937.029      0.00217178 
        937.043      0.00217277 
        937.058      0.00217382 
        937.072      0.00217481 
        937.086       0.0021758 
        937.101      0.00217686 
        937.115      0.00217784 
        937.143      0.00217982 
          937.2      0.00218385 
        937.314      0.00219193 
        937.493      0.00220468 
        937.542      0.00220817 
        937.593      0.00221179 
        937.694      0.00221884 
        937.788      0.00222527 
        937.894      0.00223236 
            938      0.00223909 
        938.212      0.00225242 
        938.359      0.00226125 
        938.556      0.00227371 
        938.636       0.0022785 
        938.914      0.00229597 
        939.231      0.00231595 
        939.271      0.00231859 
        939.986      0.00236639 
         940.74      0.00241861 
        941.452      0.00246898 
         942.25      0.00252689 
        943.048      0.00258755 
        943.978      0.00265347 
        944.643      0.00271071 
        944.786      0.00272374 
        945.308      0.00277208 
        945.379      0.00277884 
        945.972        0.002838 
        946.233      0.00286587 
        946.565      0.00290313 
        947.158      0.00297363 
        947.621      0.00303294 
        948.083      0.00308996 
        948.314      0.00311516 
        948.546      0.00313837 
        948.661      0.00314979 
        948.777      0.00316135 
        948.835      0.00316713 
        948.893      0.00317295 
        948.922      0.00317584 
        948.951      0.00317876 
        948.966      0.00318023 
         948.98      0.00318165 
        948.994      0.00318306 
        949.009      0.00318457 
        949.023      0.00318598 
        949.037      0.00318737 
        949.052      0.00318887 
        949.066      0.00319029 
        949.095      0.00319321 
        949.153      0.00319905 
         949.23      0.00320684 
        949.258      0.00320967 
        949.269      0.00321077 
         949.28       0.0032119 
         949.33      0.00321696 
         949.36      0.00322001 
         949.43      0.00322711 
          949.5      0.00323424 
         949.64      0.00324847 
        949.795      0.00326355 
        949.879      0.00327134 
        949.921      0.00327492 
        949.963       0.0032785 
        950.047      0.00328557 
        950.131      0.00329217 
        950.467      0.00331586 
        950.888      0.00334388 
        951.728      0.00340875 
          952.4      0.00347165 
        952.569      0.00348952 
        952.738      0.00350768 
        953.076      0.00354328 
        953.753      0.00362113 
        954.198      0.00367409 
        955.106        0.003786 
        956.014      0.00390447 
        956.922      0.00402953 
        958.186       0.0042097 
        958.737      0.00428981 
        959.289      0.00437187 
        960.278      0.00452763 
        960.354      0.00453948 
        960.392      0.00454541 
         960.43      0.00455135 
        960.582      0.00457743 
        960.886      0.00462801 
        961.192      0.00467796 
        961.495       0.0047259 
        962.712      0.00491816 
        964.231      0.00516412 
         965.75      0.00541931 
        966.507      0.00555082 
        966.767      0.00559659 
        967.269      0.00568521 
        968.032      0.00582184 
        968.668      0.00593755 
        968.979      0.00599466 
        969.297      0.00605341 
        969.927      0.00616987 
        970.401      0.00625548 
        970.638      0.00629547 
        970.874      0.00632858 
        970.992      0.00634319 
         971.11      0.00635428 
         971.23      0.00635544 
        971.348      0.00633691 
        971.466       0.0062993 
        971.535      0.00627631 
        971.567      0.00626883 
        971.584      0.00626877 
        971.635      0.00627957 
        971.644      0.00628482 
        971.703      0.00634592 
        971.732      0.00638079 
        971.762      0.00640423 
        971.778      0.00640923 
        971.792      0.00641202 
        971.806      0.00641472 
        971.821      0.00641761 
        971.827      0.00641875 
        971.833      0.00641991 
        971.836       0.0064205 
        971.839      0.00642107 
        971.851      0.00642336 
        971.866      0.00642625 
         971.88      0.00642896 
         971.91      0.00643373 
        971.969      0.00640247 
        972.037      0.00635783 
        972.087      0.00636173 
        972.137      0.00638771 
         972.15      0.00639766 
        972.237      0.00646169 
        972.324      0.00652358 
        972.499       0.0066123 
        972.548      0.00662841 
        972.673      0.00666461 
        972.798      0.00669678 
        973.048      0.00675659 
        973.351      0.00682222 
        973.548      0.00686403 
        973.746      0.00690563 
         974.14      0.00698835 
        974.217      0.00700453 
        974.821      0.00713295 
        974.928      0.00715583 
         975.64      0.00730898 
        977.063      0.00762084 
        979.305      0.00813352 
        981.547      0.00867155 
        983.653      0.00920562 
        983.788      0.00924087 
        983.923      0.00927621 
        984.194      0.00934539 
        984.734        0.009485 
        985.011      0.00955745 
        985.815      0.00977057 
        986.618      0.00998876 
        987.139       0.0101112 
        988.225       0.0104056 
        989.312       0.0107222 
        990.399       0.0110551 
        991.266       0.0113279 
        992.573       0.0117522 
         993.88       0.0121914 
         994.54       0.0124198 
        995.186       0.0126472 
        996.493       0.0131192 
        997.574       0.0135222 
        997.806       0.0136103 
        998.447       0.0138561 
        999.319       0.0141978 
        999.435       0.0142438 
        1001.06       0.0149039 
        1002.69       0.0155929 
        1004.32        0.016312 
        1005.84       0.0170046 
        1005.95       0.0170591 
        1007.58       0.0178421 
        1009.33       0.0187192 
        1011.07       0.0196394 
         1011.3        0.019765 
        1012.82       0.0206023 
        1014.33       0.0214729 
        1015.38       0.0220968 
        1015.84       0.0223785 
        1017.36       0.0233204 
        1017.62       0.0234887 
        1019.33       0.0246073 
        1021.04       0.0257835 
        1022.47       0.0268404 
        1022.76       0.0270736 
        1023.04       0.0273215 
        1023.19       0.0274548 
        1023.54       0.0277954 
        1023.62        0.027868 
        1023.79       0.0280449 
        1024.04       0.0282989 
        1024.17        0.028412 
        1024.29       0.0285172 
        1024.41       0.0285569 
        1024.54       0.0284993 
        1024.67        0.028336 
        1024.74       0.0282459 
        1024.77       0.0282327 
        1024.79       0.0282265 
        1024.84       0.0282912 
        1024.85       0.0283217 
        1024.91       0.0285783 
        1024.95       0.0287241 
        1024.98       0.0288155 
        1024.99       0.0288354 
        1025.01       0.0288489 
        1025.03       0.0288612 
        1025.04       0.0288728 
        1025.06       0.0288851 
        1025.07       0.0288974 
        1025.09        0.028909 
         1025.1       0.0289213 
        1025.13       0.0289448 
         1025.2       0.0288794 
        1025.27       0.0286646 
        1025.32       0.0286217 
        1025.37       0.0286957 
        1025.47       0.0289627 
        1025.52       0.0291152 
        1025.57       0.0292606 
        1025.62       0.0293804 
        1025.72       0.0295745 
        1025.77       0.0296529 
        1025.92       0.0297793 
        1026.07       0.0298785 
        1026.37       0.0300342 
        1026.86       0.0303026 
        1026.96       0.0303644 
        1027.07       0.0304279 
        1027.28       0.0305612 
        1027.69       0.0308526 
        1027.98       0.0310714 
        1028.53       0.0314964 
         1028.8       0.0317144 
        1029.07       0.0319362 
        1029.34       0.0321608 
        1029.88        0.032617 
        1030.96       0.0335535 
        1033.08       0.0354676 
        1033.13       0.0355157 
        1033.19       0.0355644 
        1033.23       0.0356043 
        1033.29       0.0356615 
         1033.5       0.0358563 
        1033.91       0.0362493 
        1034.75       0.0370475 
        1036.27       0.0385448 
        1037.78       0.0400987 
        1039.17       0.0415714 
        1039.26       0.0416644 
         1039.3       0.0417109 
        1039.34       0.0417574 
         1039.5       0.0419318 
        1039.52        0.041945 
        1039.86       0.0423223 
        1040.55       0.0430866 
        1041.92        0.044654 
        1044.35       0.0475392 
        1046.77       0.0505957 
        1049.03       0.0536135 
        1049.19       0.0538334 
        1049.35       0.0540539 
        1049.67        0.054496 
        1050.31         0.05539 
        1051.59       0.0572188 
        1053.95       0.0607374 
        1054.15       0.0610446 
        1054.35       0.0613531 
        1054.75       0.0619748 
        1054.95       0.0622877 
        1055.55       0.0632352 
        1057.15       0.0658274 
        1059.36       0.0695508 
        1061.56       0.0734841 
        1063.16        0.076472 
        1063.76       0.0776209 
        1064.36       0.0787858 
        1065.56        0.081163 
        1066.56       0.0831938 
        1067.96       0.0861155 
        1069.36       0.0891308 
        1069.96       0.0904452 
        1072.16        0.095418 
        1074.36         0.10064 
        1076.56        0.106123 
        1078.16        0.110281 
        1078.69        0.111674 
        1078.76        0.111879 
        1078.98        0.112459 
        1079.36        0.113498 
        1080.57        0.116818 
        1080.71        0.117229 
        1082.44         0.12219 
        1084.17        0.127343 
         1085.9        0.132694 
        1087.64        0.138253 
        1089.32        0.143858 
        1089.37        0.144024 
        1089.42        0.144197 
        1089.52        0.144536 
        1089.72        0.145215 
        1090.12        0.146584 
        1090.67        0.148484 
        1090.92        0.149356 
        1092.52        0.155044 
        1094.37        0.161864 
        1096.22        0.168958 
        1096.77        0.171121 
        1098.07        0.176334 
        1099.37        0.181692 
        1099.57        0.182534 
        1101.97        0.192905 
        1104.37        0.203799 
        1106.78        0.215252 
        1108.98        0.226263 
        1109.18        0.227289 
        1109.38        0.228319 
        1109.78        0.230376 
        1109.98         0.23141 
        1110.58        0.234538 
        1112.18        0.243071 
        1114.38        0.255265 
        1116.58        0.268014 
        1118.18        0.277647 
        1118.68        0.280747 
        1118.78         0.28134 
        1119.38        0.285078 
        1120.08        0.289471 
        1121.47        0.298441 
        1123.78        0.313874 
        1124.25        0.317159 
        1124.73        0.320486 
        1125.68        0.327235 
        1125.79        0.328011 
        1127.08        0.337338 
        1127.59        0.341124 
        1127.85        0.343046 
        1129.38        0.354714 
        1129.77        0.357692 
        1131.69        0.372901 
        1133.62          0.3887 
        1135.54        0.405115 
        1137.46        0.422167 
        1139.39        0.439889 
        1141.31        0.458296 
        1142.08        0.465854 
        1143.23        0.477409 
           1144        0.485269 
        1144.39        0.489234 
         1146.7        0.513704 
        1149.39        0.543593 
        1149.77        0.547991 
        1152.08        0.575113 
        1154.01        0.598659 
        1154.39        0.603453 
         1156.7        0.632946 
        1156.89        0.635437 
        1159.39        0.668324 
        1161.89        0.702177 
        1164.39        0.736911 
        1169.39        0.807405 
         1171.9          0.8431 
         1174.4         0.88192 
         1176.9        0.924907 
        1177.86        0.942588 
         1179.4        0.972354 
        1180.94         1.00352 
        1182.86         1.04382 
        1184.01         1.06836 
        1185.17         1.09339 
        1185.56          1.1019 
        1187.48         1.14481 
         1189.4         1.18873 
        1192.09         1.25268 
        1193.24         1.28137 
        1194.03         1.30131 
         1194.4         1.31063 
        1196.72         1.37048 
         1196.9         1.37532 
         1199.4         1.44269 
         1201.9          1.5137 
         1204.4         1.58902 
         1206.9         1.66757 
        1208.48         1.71854 
         1209.4          1.7486 
        1210.33         1.77892 
        1211.64         1.82277 
        1212.16         1.84056 
        1212.69          1.8585 
        1213.61         1.89029 
        1213.74         1.89486 
        1213.81         1.89705 
        1213.88         1.89943 
        1214.14          1.9086 
        1214.17         1.90979 
        1214.47         1.92021 
        1214.62         1.92544 
        1214.76         1.93068 
        1214.84          1.9333 
        1214.91         1.93593 
        1214.95         1.93725 
        1214.98         1.93856 
           1215         1.93924 
        1215.02         1.93988 
        1215.04         1.94052 
        1215.06          1.9412 
        1215.08         1.94184 
         1215.1         1.94248 
        1215.11         1.94316 
        1215.13          1.9438 
        1215.17         1.94512 
        1215.24         1.94777 
        1215.39         1.95306 
        1215.64         1.96189 
        1215.69         1.96369 
        1215.74         1.96549 
         1215.8         1.96758 
        1215.84          1.9691 
        1216.04         1.97633 
        1216.06          1.9773 
        1216.28         1.98511 
        1216.76         2.00277 
        1217.46         2.02853 
        1218.32         2.06033 
        1218.86         2.08094 
        1218.98         2.08564 
        1219.41          2.1017 
        1219.83         2.11775 
         1220.1         2.12821 
        1220.67         2.14979 
        1222.36         2.21262 
        1224.62         2.29707 
        1226.88         2.38551 
        1228.86         2.46644 
        1229.13         2.47814 
        1229.41          2.4899 
        1229.74         2.50427 
        1229.96         2.51384 
        1230.18         2.52345 
        1230.62         2.54284 
        1231.49          2.5816 
        1231.69         2.59066 
        1233.24         2.66145 
        1234.79         2.73439 
        1236.38         2.81123 
        1237.89         2.88664 
        1239.41          2.9634 
        1240.47         3.01828 
        1242.44         3.12324 
        1244.41         3.23166 
        1247.29         3.39719 
        1248.35         3.45999 
        1248.65         3.47796 
        1249.41         3.52389 
        1251.53         3.65493 
        1251.91         3.67887 
        1254.41         3.83987 
        1256.91         4.00698 
        1259.41         4.18055 
        1261.91         4.36147 
        1264.41         4.54865 
        1266.91         4.74531 
        1269.41         4.95159 
        1271.91         5.16701 
        1274.41         5.39176 
        1276.91         5.62499 
        1279.42         5.86859 
        1281.92          6.1212 
        1284.42         6.38202 
        1286.92          6.6527 
        1289.42         6.93252 
        1291.92         7.22064 
        1294.42         7.51915 
        1296.92         7.82791 
        1299.42         8.14747 
        1301.92          8.4802 
        1304.42          8.8253 
        1306.92         9.18184 
        1309.42         9.55063 
        1311.92         9.93092 
        1314.42         10.3235 
        1316.92           10.73 
        1319.42         11.1511 
        1321.92         11.5873 
        1324.42         12.0393 
        1326.92         12.5091 
        1329.42         12.9941 
        1334.42         14.0071 
        1339.42         15.0861 
        1341.92         15.6516 
        1344.42         16.2361 
        1346.92         16.8431 
        1349.42         17.4706 
        1354.42         18.7896 
        1359.42          20.195 
        1364.42         21.6815 
        1365.19         21.9179 
        1369.42         23.2596 
        1373.65         24.6754 
        1376.35         25.6193 
        1377.88         26.1726 
        1379.42         26.7376 
        1380.57         27.1678 
         1382.5         27.8999 
        1384.42         28.6494 
        1387.12         29.7289 
        1388.27          30.201 
        1389.03         30.5161 
        1389.42         30.6797 
        1391.73         31.6572 
        1394.42         32.8331 
        1399.42         35.1038 
        1404.42         37.5116 
        1409.42         40.0657 
        1414.42         42.7819 
        1419.42         45.6709 
        1424.42          48.722 
        1429.42          51.945 
        1434.42         55.3326 
        1439.42         58.9027 
        1444.42         62.6685 
        1449.42         66.6589 
        1454.42         70.8957 
        1459.42         75.3712 
        1464.42         80.1068 
        1465.96         81.6179 
        1469.42         85.1042 
        1472.88         88.7038 
        1473.27         89.1078 
        1474.42         90.3312 
        1476.35         92.4024 
        1479.42         95.7903 
        1484.42          101.52 
        1489.42         107.533 
        1494.42         113.811 
        1499.42         120.408 
        1504.42          127.42 
        1509.42          134.84 
        1514.42         142.658 
        1519.42         150.899 
        1524.42          159.61 
        1529.42         168.749 
        1534.42         178.263 
        1539.42         188.131 
        1544.42         198.413 
        1549.42          209.13 
        1554.42         220.201 
        1559.42         231.527 
        1564.42         243.337 
        1566.72         248.954 
        1569.42         255.689 
        1570.19         257.659 
        1572.11         262.641 
        1574.41         268.759 
         1574.8         269.791 
        1579.41         282.481 
        1584.41         296.838 
        1589.41         311.842 
        1594.41         327.552 
        1599.41         344.055 
        1604.41         361.305 
        1609.41         379.523 
        1614.41         398.706 
        1619.41         419.104 
        1624.41           440.8 
        1629.41         463.749 
        1634.41          487.77 
        1639.41         512.303 
        1644.41         537.187 
        1649.41          561.72 
        1654.41         585.951 
        1659.41         609.881 
        1664.41         633.961 
        1665.56         639.506 
         1669.4         658.324 
        1670.17         662.163 
        1673.25         677.761 
         1674.4         683.705 
        1676.33         693.748 
         1679.4         709.991 
         1684.4         737.297 
         1689.4         765.603 
         1694.4          795.15 
         1699.4         826.242 
         1704.4         859.326 
         1709.4          894.33 
         1714.4         930.989 
         1719.4         969.367 
         1724.4          1009.3 
         1729.4         1051.11 
         1734.4         1094.76 
         1739.4         1140.16 
         1744.4         1187.24 
        1749.39         1236.04 
        1754.39         1286.62 
        1759.39         1338.91 
        1764.39         1392.96 
        1767.08         1422.83 
        1767.85         1431.47 
        1769.39         1448.86 
         1771.7         1475.27 
        1774.39         1506.59 
        1775.55         1520.18 
        1779.39         1566.25 
        1784.39         1627.84 
        1789.39         1691.59 
        1794.39         1757.55 
        1799.39         1825.76 
        1809.39         1968.62 
        1819.38         2120.79 
           1824         2194.18 
        1829.38         2282.47 
        1834.77         2373.72 
        1840.15         2467.89 
        1845.54         2565.14 
        1850.92         2665.61 
         1856.3         2769.46 
           1864          2923.6 
        1867.07          2987.1 
        1870.14         3051.75 
        1876.29         3185.04 
        1882.44         3323.11 
        1888.59         3466.18 
        1894.73          3614.4 
        1900.88         3767.87 
        1906.98         3925.51 
        1907.03         3926.74 
        1913.17         4091.14 
        1919.37         4262.39 
        1925.56         4438.63 
        1931.76            4621 
        1937.95          4812.1 
        1944.14         5006.76 
        1944.47         5017.25 
        1950.34         5212.28 
        1956.53         5420.13 
        1968.59         5843.46 
        1980.65         6292.99 
        1992.71         6769.32 
        2004.77         7274.14 
        2015.84         7763.69 
        2016.83         7808.59 
        2017.81         7853.67 
        2019.79         7944.65 
        2023.73         8129.97 
        2031.63         8510.13 
        2039.52         8902.17 
        2047.42         9308.51 
        2055.31         9729.48 
        2059.38         9952.25 
         2063.2         10165.6 
        2067.03         10382.5 
        2074.69         10828.4 
        2082.34         11289.3 
        2089.99         11765.7 
        2094.36         12043.7 
        2097.65         12257.2 
         2105.3         12764.5 
        2116.25         13519.1 
         2127.2         14308.5 
        2138.15         15137.4 
         2149.1         15999.7 
        2154.62         16448.8 
        2160.05         16899.4 
        2165.47         17359.8 
        2176.33         18310.1 
        2181.36         18764.9 
        2187.18         19300.4 
        2198.03         20331.5 
         2214.7         21997.2 
        2231.36         23738.2 
        2232.14         23821.5 
        2248.03         25569.6 
        2263.91           27389 
         2279.8         29327.6 
        2295.69         31353.6 
        2310.03           33288 
        2311.58         33504.8 
        2313.13         33723.1 
        2316.24         34157.9 
        2322.46         35040.1 
         2334.9         36872.9 
        2347.34         38824.4 
        2357.19         40427.6 
        2359.77         40855.8 
        2362.35         41294.7 
        2367.51         42202.9 
        2377.84         44069.3 
        2387.69         45914.1 
        2388.16         46003.9 
        2398.48           48067 
        2409.27         50350.9 
        2420.07         52734.8 
        2427.11         54389.5 
        2430.86         55313.7 
        2441.65         58050.7 
        2451.59         60682.7 
        2456.19         61937.1 
        2460.79         63296.5 
        2465.39         64676.9 
        2474.59         67526.6 
        2475.96         67960.2 
        2483.79         70489.5 
        2484.47         70715.1 
        2492.99         73608.5 
         2501.5         76654.5 
        2510.01           79782 
        2518.53         82801.4 
        2527.04         85738.8 
         2528.9         86462.6 
        2535.55         89092.4 
        2544.07         92568.9 
        2551.65         95767.4 
        2559.23         99069.2 
        2566.81          102619 
         2574.4          106324 
        2581.98          110197 
        2589.56          114230 
        2597.15          118451 
        2604.73          122906 
        2612.31          127557 
        2619.89          132502 
        2627.48          137632 
        2635.06          142982 
        2642.64          148581 
        2642.78          148685 
        2650.22          154519 
        2657.67          160576 
        2672.56          172506 
        2687.45          185265 
        2702.34          198529 
        2708.14          203845 
        2717.23          212352 
        2720.13          215103 
        2732.12          226794 
        2744.11          238885 
        2756.11          251216 
         2768.1          264231 
        2780.09          277620 
        2792.09          291403 
        2804.08          305598 
        2828.07          334859 
        2849.56          362128 
        2852.05          365352 
        2854.55          368581 
        2859.53          375496 
        2869.51          389548 
        2889.45          418523 
         2909.4          448899 
        2929.35          480739 
        2945.61          507609 
         2949.3          513817 
        2952.98          520069 
        2960.36          532189 
        2975.11          556891 
        3004.62          608175 
        3016.82          630307 
        3034.12          662446 
        3042.77          678842 
        3051.42          695464 
        3060.07          714404 
        3068.72          733678 
        3077.37          753250 
        3086.02          773124 
        3103.32          813776 
        3120.62          855578 
        3125.98          868767 
        3137.92          898574 
        3149.86          928997 
         3161.8          963504 
        3173.73          999168 
        3197.61      1.07283e+6 
        3221.49      1.14969e+6 
        3242.43      1.21957e+6 
        3245.36      1.22954e+6 
        3248.29      1.23953e+6 
        3254.16      1.25475e+6 
        3260.03      1.27006e+6 
        3271.76      1.30093e+6 
        3295.23      1.36368e+6 
        3337.59      1.48078e+6 
        3342.16      1.49371e+6 
        3346.73      1.50668e+6 
        3355.87      1.53357e+6 
        3374.16      1.58794e+6 
         3376.3      1.59436e+6 
        3410.74      1.69905e+6 
        3445.17      1.80621e+6 
         3479.6      1.91592e+6 
        3484.46      1.93157e+6 
        3495.92      1.96866e+6 
        3514.03      2.02769e+6 
         3543.6      2.12515e+6 
        3591.28      2.28622e+6 
        3635.88      2.44043e+6 
        3638.96      2.45115e+6 
        3642.04      2.46212e+6 
        3643.12      2.46596e+6 
        3645.12      2.47309e+6 
        3645.28      2.47366e+6 
        3647.12      2.48022e+6 
        3648.96      2.48678e+6 
        3651.32      2.49519e+6 
        3652.64       2.4999e+6 
        3653.96      2.50461e+6 
        3654.24      2.50561e+6 
         3656.6      2.51403e+6 
        3658.96      2.52246e+6 
         3663.4       2.5383e+6 
        3663.68       2.5393e+6 
        3663.96       2.5403e+6 
        3664.52       2.5423e+6 
        3665.64       2.5463e+6 
         3666.8      2.55044e+6 
        3667.88       2.5543e+6 
        3668.28      2.55573e+6 
        3668.95      2.55815e+6 
        3671.11      2.56587e+6 
        3673.95      2.57601e+6 
         3675.2      2.58047e+6 
        3678.95      2.59387e+6 
        3682.58      2.60683e+6 
         3682.7      2.60726e+6 
        3682.82      2.60769e+6 
        3683.06      2.60855e+6 
        3683.18      2.60896e+6 
        3683.54      2.61026e+6 
         3684.5      2.61369e+6 
        3684.82      2.61482e+6 
        3685.83      2.61842e+6 
        3686.83      2.62201e+6 
        3688.74      2.62883e+6 
        3688.85       2.6292e+6 
        3688.94      2.62954e+6 
        3688.95      2.62958e+6 
        3689.16      2.63032e+6 
        3689.38       2.6311e+6 
        3689.73      2.63236e+6 
        3689.82      2.63266e+6 
         3689.9      2.63297e+6 
        3690.07      2.63358e+6 
        3690.41      2.63479e+6 
        3690.62      2.63555e+6 
        3691.09      2.63722e+6 
        3691.47      2.63857e+6 
        3691.55      2.63887e+6 
         3691.7       2.6394e+6 
        3692.48       2.6422e+6 
         3693.5      2.64582e+6 
         3694.4      2.64903e+6 
         3695.3      2.65224e+6 
        3695.81      2.65406e+6 
         3696.2      2.65545e+6 
        3696.53      2.65662e+6 
        3696.59      2.65684e+6 
        3696.65      2.65706e+6 
        3696.67      2.65713e+6 
        3696.76      2.65746e+6 
        3696.77       2.6575e+6 
        3696.87      2.65786e+6 
        3696.93      2.65807e+6 
        3696.99      2.65827e+6 
        3697.04      2.65847e+6 
         3697.1      2.65867e+6 
        3697.15      2.65886e+6 
        3697.21      2.65907e+6 
        3697.26      2.65927e+6 
        3697.32      2.65947e+6 
        3697.35      2.65956e+6 
        3697.41      2.65977e+6 
        3697.43      2.65987e+6 
        3697.46      2.65997e+6 
         3697.5       2.6601e+6 
        3697.53      2.66021e+6 
        3697.58      2.66039e+6 
        3697.66      2.66067e+6 
        3697.82      2.66124e+6 
        3698.11      2.66228e+6 
        3698.43      2.66342e+6 
        3698.69      2.66435e+6 
        3698.89      2.66505e+6 
        3698.95      2.66527e+6 
        3699.01      2.66549e+6 
        3699.13      2.66592e+6 
        3699.37      2.66679e+6 
        3699.53      2.66736e+6 
        3699.86      2.66854e+6 
        3699.88       2.6686e+6 
        3700.19      2.66971e+6 
         3700.2      2.66973e+6 
         3700.5      2.67082e+6 
        3700.81      2.67191e+6 
        3700.84      2.67203e+6 
        3701.09      2.67293e+6 
        3701.42      2.67409e+6 
        3701.99      2.67614e+6 
        3702.44      2.67775e+6 
        3702.89      2.67936e+6 
        3703.12      2.68017e+6 
        3703.35      2.68097e+6 
        3703.46      2.68137e+6 
        3703.57      2.68177e+6 
        3703.63      2.68197e+6 
        3703.68      2.68218e+6 
        3703.74      2.68237e+6 
         3703.8      2.68258e+6 
        3703.85      2.68278e+6 
        3703.91      2.68298e+6 
        3703.97      2.68318e+6 
        3704.02      2.68338e+6 
        3704.09       2.6836e+6 
        3704.13      2.68378e+6 
        3704.18      2.68396e+6 
        3704.21      2.68405e+6 
        3704.22       2.6841e+6 
        3704.28      2.68432e+6 
        3704.31      2.68442e+6 
        3704.36      2.68459e+6 
        3704.41      2.68475e+6 
        3704.49      2.68505e+6 
        3704.57      2.68532e+6 
        3704.59      2.68541e+6 
        3704.69      2.68576e+6 
        3704.81      2.68619e+6 
        3705.05      2.68706e+6 
        3705.37       2.6882e+6 
        3705.54       2.6888e+6 
        3705.71      2.68941e+6 
        3706.05      2.69062e+6 
        3706.07       2.6907e+6 
        3706.73      2.69305e+6 
        3707.27      2.69496e+6 
        3707.39       2.6954e+6 
        3707.51      2.69584e+6 
        3707.61      2.69619e+6 
        3707.76      2.69672e+6 
        3707.91      2.69726e+6 
        3708.12      2.69799e+6 
        3708.21      2.69832e+6 
         3708.3      2.69864e+6 
        3708.49       2.6993e+6 
        3708.76      2.70029e+6 
        3708.85      2.70061e+6 
        3708.87      2.70068e+6 
        3708.95      2.70094e+6 
        3709.13      2.70158e+6 
        3709.21      2.70187e+6 
        3709.49      2.70288e+6 
        3710.11      2.70508e+6 
         3710.9      2.70791e+6 
        3711.01       2.7083e+6 
        3711.12      2.70869e+6 
        3711.21      2.70902e+6 
        3711.32      2.70941e+6 
        3711.34      2.70947e+6 
        3711.46      2.70991e+6 
        3711.52       2.7101e+6 
        3711.58      2.71031e+6 
         3711.6      2.71041e+6 
        3711.69      2.71072e+6 
        3711.75      2.71092e+6 
         3711.8      2.71112e+6 
        3711.86      2.71132e+6 
        3711.91      2.71152e+6 
        3711.97      2.71172e+6 
        3712.03      2.71192e+6 
        3712.08      2.71213e+6 
        3712.14      2.71233e+6 
         3712.2      2.71255e+6 
        3712.25      2.71272e+6 
         3712.3      2.71291e+6 
        3712.33      2.71299e+6 
        3712.33      2.71301e+6 
         3712.4      2.71326e+6 
        3712.48      2.71353e+6 
        3712.63      2.71408e+6 
        3712.93      2.71514e+6 
        3713.23       2.7162e+6 
        3713.53      2.71728e+6 
        3713.83      2.71836e+6 
        3714.24      2.71982e+6 
        3714.42      2.72045e+6 
        3714.44      2.72052e+6 
        3714.64      2.72122e+6 
        3715.03      2.72263e+6 
        3715.64       2.7248e+6 
        3716.76      2.72881e+6 
        3716.79       2.7289e+6 
        3716.86      2.72915e+6 
        3716.95      2.72948e+6 
        3717.14      2.73016e+6 
        3717.52      2.73151e+6 
        3718.19      2.73388e+6 
        3718.26      2.73413e+6 
        3718.33      2.73438e+6 
        3718.47      2.73488e+6 
        3718.56      2.73519e+6 
        3718.63      2.73546e+6 
        3718.73      2.73582e+6 
        3718.75      2.73588e+6 
        3718.94      2.73657e+6 
        3719.25      2.73767e+6 
        3719.47      2.73846e+6 
        3719.77      2.73952e+6 
        3720.07      2.74058e+6 
        3720.36       2.7415e+6 
        3720.52      2.74203e+6 
        3720.67      2.74248e+6 
        3720.98      2.74347e+6 
         3721.2      2.74415e+6 
        3721.43      2.74483e+6 
        3721.54      2.74517e+6 
        3721.66      2.74551e+6 
        3721.71      2.74568e+6 
        3721.77      2.74585e+6 
        3721.82      2.74602e+6 
        3721.88      2.74619e+6 
        3721.94      2.74636e+6 
        3721.99      2.74653e+6 
        3722.05       2.7467e+6 
        3722.11      2.74687e+6 
        3722.22      2.74721e+6 
         3722.4      2.74774e+6 
        3722.45      2.74789e+6 
         3722.5      2.74804e+6 
         3722.6      2.74834e+6 
         3722.7      2.74863e+6 
         3722.8      2.74894e+6 
         3722.9      2.74925e+6 
        3723.11      2.74986e+6 
        3723.23      2.75024e+6 
        3723.52       2.7511e+6 
        3723.81      2.75196e+6 
        3724.38      2.75369e+6 
        3725.45      2.75689e+6 
        3725.53      2.75714e+6 
        3725.62      2.75739e+6 
        3725.75      2.75779e+6 
        3725.78      2.75789e+6 
        3725.92      2.75829e+6 
        3725.93      2.75833e+6 
        3726.11      2.75888e+6 
        3726.48      2.75997e+6 
        3727.04      2.76166e+6 
        3727.37      2.76263e+6 
        3728.15      2.76499e+6 
        3728.64      2.76645e+6 
        3728.94      2.76735e+6 
        3729.01      2.76756e+6 
        3729.24      2.76825e+6 
        3729.84      2.77006e+6 
        3730.68      2.77256e+6 
        3732.19       2.7771e+6 
        3732.34      2.77755e+6 
        3732.49        2.778e+6 
        3732.79       2.7789e+6 
        3733.35      2.78057e+6 
        3733.38      2.78067e+6 
        3733.39       2.7807e+6 
         3733.4      2.78072e+6 
        3733.45      2.78087e+6 
        3733.55      2.78117e+6 
        3733.65      2.78146e+6 
        3733.75      2.78177e+6 
        3733.86      2.78208e+6 
           3734      2.78252e+6 
        3734.04      2.78265e+6 
        3734.06      2.78271e+6 
        3734.08      2.78277e+6 
        3734.13       2.7829e+6 
        3734.14      2.78293e+6 
        3734.16        2.783e+6 
         3734.2       2.7831e+6 
        3734.25      2.78328e+6 
        3734.31      2.78344e+6 
        3734.37      2.78361e+6 
        3734.43      2.78379e+6 
        3734.48      2.78396e+6 
        3734.54      2.78413e+6 
        3734.65      2.78447e+6 
        3734.83        2.785e+6 
        3734.88      2.78514e+6 
        3734.93       2.7853e+6 
        3735.03       2.7856e+6 
        3735.12      2.78588e+6 
        3735.17      2.78603e+6 
        3735.23      2.78619e+6 
        3735.33      2.78651e+6 
        3735.39      2.78668e+6 
        3735.49      2.78699e+6 
        3735.82      2.78796e+6 
           3736       2.7885e+6 
        3736.24      2.78923e+6 
        3736.49      2.78996e+6 
        3736.97      2.79141e+6 
        3737.83      2.79397e+6 
        3737.94      2.79432e+6 
        3738.06      2.79467e+6 
        3738.29      2.79537e+6 
        3738.59      2.79625e+6 
        3738.76      2.79677e+6 
        3738.94       2.7973e+6 
        3739.29      2.79835e+6 
         3739.5      2.79898e+6 
        3739.99      2.80044e+6 
        3740.48       2.8019e+6 
        3741.21      2.80411e+6 
        3741.45      2.80483e+6 
        3741.69      2.80555e+6 
        3742.09      2.80674e+6 
        3742.18      2.80699e+6 
        3742.26      2.80724e+6 
        3742.43      2.80775e+6 
        3742.67      2.80847e+6 
        3742.73      2.80866e+6 
        3742.76      2.80875e+6 
         3742.8      2.80884e+6 
        3742.86      2.80905e+6 
        3742.92      2.80921e+6 
        3743.17      2.80995e+6 
        3743.66      2.81144e+6 
        3744.62       2.8143e+6 
        3744.65      2.81441e+6 
        3746.45      2.81976e+6 
        3747.61      2.82323e+6 
        3748.27      2.82522e+6 
        3748.84      2.82693e+6 
         3748.9      2.82711e+6 
        3748.93       2.8272e+6 
        3748.96      2.82729e+6 
        3748.99      2.82736e+6 
        3749.08      2.82765e+6 
        3749.12      2.82775e+6 
        3749.18      2.82794e+6 
        3749.38      2.82853e+6 
        3749.41      2.82862e+6 
        3749.64      2.82931e+6 
        3749.75      2.82965e+6 
        3749.87      2.82999e+6 
        3749.92      2.83016e+6 
        3749.98      2.83033e+6 
        3750.04       2.8305e+6 
        3750.09      2.83067e+6 
        3750.15      2.83084e+6 
        3750.21      2.83101e+6 
        3750.27      2.83118e+6 
        3750.32      2.83135e+6 
        3750.44      2.83169e+6 
        3750.62      2.83223e+6 
        3750.66      2.83238e+6 
        3750.72      2.83253e+6 
        3750.82      2.83282e+6 
        3750.91      2.83311e+6 
        3751.02      2.83342e+6 
        3751.12      2.83374e+6 
        3751.33      2.83437e+6 
        3751.48      2.83481e+6 
        3751.76      2.83564e+6 
        3752.03      2.83647e+6 
        3752.59      2.83812e+6 
        3753.53      2.84094e+6 
         3753.7      2.84143e+6 
        3753.78      2.84169e+6 
        3753.86      2.84192e+6 
        3754.18      2.84289e+6 
        3754.27      2.84316e+6 
        3754.84      2.84484e+6 
        3755.89      2.84799e+6 
        3756.09      2.84857e+6 
        3757.47      2.85271e+6 
        3757.51      2.85281e+6 
        3757.55      2.85293e+6 
        3758.93      2.85706e+6 
        3760.39      2.86141e+6 
        3761.66      2.86518e+6 
        3762.72      2.86835e+6 
        3763.23      2.86988e+6 
        3764.81      2.87458e+6 
        3765.07      2.87535e+6 
         3766.9      2.88082e+6 
        3768.55      2.88571e+6 
        3768.74      2.88628e+6 
        3768.93      2.88685e+6 
        3768.97      2.88698e+6 
         3769.2      2.88765e+6 
        3769.31      2.88799e+6 
        3769.66      2.88901e+6 
        3769.89       2.8897e+6 
        3770.11      2.89038e+6 
        3770.23      2.89071e+6 
        3770.34      2.89106e+6 
         3770.4      2.89123e+6 
        3770.46       2.8914e+6 
        3770.51      2.89157e+6 
        3770.57      2.89174e+6 
        3770.63      2.89191e+6 
        3770.69      2.89208e+6 
        3770.74      2.89225e+6 
         3770.8      2.89242e+6 
        3770.87      2.89262e+6 
        3770.92      2.89276e+6 
        3770.97      2.89291e+6 
        3770.99      2.89298e+6 
           3771      2.89302e+6 
        3771.07      2.89321e+6 
        3771.15      2.89345e+6 
         3771.3      2.89392e+6 
         3771.6      2.89481e+6 
        3771.89      2.89566e+6 
        3771.95      2.89584e+6 
        3772.21       2.8966e+6 
        3772.52      2.89754e+6 
        3773.15      2.89942e+6 
        3774.36        2.903e+6 
         3775.5      2.90639e+6 
        3776.76      2.91015e+6 
        3777.13      2.91123e+6 
        3778.03      2.91391e+6 
         3778.4      2.91501e+6 
        3778.93      2.91658e+6 
        3780.73      2.92192e+6 
        3781.84      2.92524e+6 
        3783.05      2.92883e+6 
        3783.16      2.92915e+6 
        3784.26      2.93242e+6 
        3785.37      2.93569e+6 
        3786.22      2.93824e+6 
         3787.4      2.94172e+6 
        3787.57      2.94224e+6 
        3788.92      2.94624e+6 
        3790.45      2.95075e+6 
        3792.84      2.95784e+6 
        3793.49      2.95977e+6 
        3794.14       2.9617e+6 
         3794.9      2.96393e+6 
        3795.07      2.96443e+6 
        3795.44      2.96554e+6 
        3795.99      2.96716e+6 
        3796.45      2.96853e+6 
        3796.92       2.9699e+6 
        3797.15      2.97058e+6 
        3797.38      2.97126e+6 
        3797.49       2.9716e+6 
        3797.61      2.97194e+6 
        3797.67      2.97211e+6 
        3797.72      2.97228e+6 
        3797.78      2.97245e+6 
        3797.84      2.97262e+6 
         3797.9      2.97279e+6 
        3797.96      2.97296e+6 
        3798.01      2.97314e+6 
        3798.07      2.97331e+6 
        3798.19      2.97365e+6 
        3798.37      2.97419e+6 
        3798.42      2.97433e+6 
        3798.47      2.97449e+6 
        3798.57      2.97478e+6 
        3798.66      2.97504e+6 
        3798.75      2.97533e+6 
        3798.77      2.97537e+6 
        3798.84      2.97558e+6 
        3798.88       2.9757e+6 
        3798.92      2.97583e+6 
        3799.05       2.9762e+6 
        3799.09      2.97632e+6 
        3799.43      2.97732e+6 
        3799.47      2.97745e+6 
         3799.8      2.97844e+6 
        3800.56      2.98068e+6 
        3801.65       2.9839e+6 
        3802.32      2.98587e+6 
        3803.83      2.99034e+6 
        3805.35      2.99481e+6 
        3807.84      3.00215e+6 
        3808.38      3.00375e+6 
        3808.92      3.00534e+6 
           3810      3.00853e+6 
        3811.59      3.01321e+6 
        3812.16       3.0149e+6 
        3812.74      3.01661e+6 
         3813.9      3.02001e+6 
        3815.78      3.02554e+6 
        3816.09      3.02647e+6 
        3816.21      3.02681e+6 
        3816.64      3.02808e+6 
        3817.44       3.0305e+6 
         3817.5      3.03069e+6 
        3818.92      3.03496e+6 
        3820.39       3.0395e+6 
        3822.57      3.04618e+6 
        3823.35      3.04857e+6 
        3823.51      3.04908e+6 
        3824.13      3.05097e+6 
        3825.68      3.05575e+6 
         3826.8      3.05919e+6 
        3827.86      3.06242e+6 
        3828.91      3.06565e+6 
        3830.45      3.07038e+6 
        3831.02      3.07212e+6 
        3831.59      3.07386e+6 
           3832      3.07511e+6 
        3832.53      3.07672e+6 
        3832.73      3.07734e+6 
        3833.46      3.07957e+6 
        3833.93        3.081e+6 
        3834.39      3.08243e+6 
        3834.63      3.08315e+6 
        3834.86      3.08386e+6 
        3834.97      3.08421e+6 
        3835.09      3.08457e+6 
        3835.15      3.08475e+6 
        3835.21      3.08492e+6 
        3835.27       3.0851e+6 
        3835.33      3.08528e+6 
        3835.38      3.08545e+6 
        3835.44      3.08563e+6 
         3835.5      3.08581e+6 
        3835.56      3.08599e+6 
        3835.63       3.0862e+6 
        3835.68      3.08635e+6 
        3835.73      3.08651e+6 
        3835.74      3.08656e+6 
        3835.77      3.08666e+6 
        3835.83      3.08682e+6 
        3835.91      3.08707e+6 
        3836.07      3.08758e+6 
        3836.38       3.0885e+6 
        3836.65      3.08933e+6 
        3836.98      3.09034e+6 
        3837.03       3.0905e+6 
        3837.31      3.09136e+6 
        3837.97      3.09338e+6 
        3838.65      3.09545e+6 
        3838.91      3.09626e+6 
        3839.18      3.09706e+6 
         3839.7      3.09868e+6 
        3840.76      3.10189e+6 
        3842.75      3.10798e+6 
        3842.83      3.10822e+6 
        3842.87      3.10834e+6 
        3842.91      3.10846e+6 
        3843.07      3.10894e+6 
        3843.38      3.10989e+6 
           3844      3.11179e+6 
        3844.59      3.11359e+6 
        3845.25       3.1156e+6 
        3845.55      3.11651e+6 
        3845.91      3.11761e+6 
        3847.23      3.12163e+6 
        3847.44      3.12229e+6 
        3848.91      3.12676e+6 
        3850.38      3.13123e+6 
        3851.98       3.1361e+6 
        3853.31      3.14015e+6 
        3854.64       3.1442e+6 
         3855.7      3.14744e+6 
         3857.3      3.15231e+6 
        3858.91      3.15714e+6 
        3862.01      3.16654e+6 
        3862.11      3.16685e+6 
        3862.22       3.1672e+6 
        3862.43      3.16782e+6 
        3862.85      3.16908e+6 
        3863.68      3.17163e+6 
        3865.17      3.17612e+6 
        3865.36      3.17672e+6 
        3865.56      3.17731e+6 
        3865.95      3.17847e+6 
        3866.73      3.18083e+6 
        3867.68      3.18369e+6 
        3868.29      3.18554e+6 
         3868.9       3.1874e+6 
        3870.13       3.1911e+6 
        3871.32      3.19472e+6 
        3872.59      3.19852e+6 
        3873.85      3.20232e+6 
        3876.32       3.2098e+6 
        3876.37      3.20992e+6 
        3876.37      3.20992e+6 
        3876.37      3.20992e+6 
        3876.42      3.21008e+6 
        3876.52      3.21039e+6 
        3876.72      3.21099e+6 
        3876.95      3.21165e+6 
        3877.12      3.21218e+6 
        3877.92       3.2146e+6 
         3878.9      3.21752e+6 
        3880.29       3.2217e+6 
        3880.85       3.2234e+6 
        3881.42       3.2251e+6 
        3882.55      3.22849e+6 
         3884.4      3.23405e+6 
         3884.8      3.23527e+6 
        3884.92      3.23562e+6 
         3885.2      3.23647e+6 
        3886.01      3.23889e+6 
        3886.15       3.2393e+6 
         3887.1      3.24216e+6 
        3887.57      3.24357e+6 
        3888.04      3.24498e+6 
        3888.28      3.24567e+6 
        3888.52       3.2464e+6 
        3888.63      3.24674e+6 
        3888.75      3.24709e+6 
        3888.84      3.24737e+6 
        3888.87      3.24743e+6 
        3888.87      3.24743e+6 
         3888.9      3.24753e+6 
        3888.93      3.24762e+6 
        3888.99      3.24778e+6 
        3889.05      3.24797e+6 
        3889.11      3.24812e+6 
        3889.17      3.24831e+6 
        3889.22       3.2485e+6 
        3889.29      3.24872e+6 
        3889.34      3.24885e+6 
        3889.39        3.249e+6 
        3889.41      3.24907e+6 
        3889.45      3.24919e+6 
        3889.49      3.24932e+6 
        3889.58      3.24957e+6 
        3889.75       3.2501e+6 
        3890.05      3.25101e+6 
        3890.32       3.2518e+6 
        3890.47      3.25227e+6 
        3890.66      3.25281e+6 
           3891      3.25384e+6 
        3891.68      3.25588e+6 
        3892.89       3.2595e+6 
        3893.94      3.26264e+6 
        3894.46      3.26418e+6 
        3895.31      3.26672e+6 
        3896.22      3.26946e+6 
        3896.68      3.27084e+6 
        3898.89      3.27744e+6 
         3899.6      3.27957e+6 
        3901.57      3.28545e+6 
        3903.89      3.29236e+6 
        3904.25      3.29339e+6 
        3908.89      3.30722e+6 
        3913.89      3.32208e+6 
        3918.89      3.33807e+6 
        3923.89      3.35425e+6 
        3928.22       3.3682e+6 
        3928.35      3.36864e+6 
        3928.89      3.37036e+6 
        3929.56      3.37253e+6 
         3930.9      3.37687e+6 
        3933.45      3.38507e+6 
        3935.81      3.39264e+6 
        3937.35       3.3976e+6 
        3938.89      3.40253e+6 
        3940.04      3.40621e+6 
        3941.96      3.41237e+6 
        3943.88      3.41856e+6 
        3946.58      3.42716e+6 
        3947.73      3.43084e+6 
        3948.88      3.43451e+6 
        3950.65      3.44017e+6 
        3951.01      3.44133e+6 
        3951.19      3.44187e+6 
        3951.72      3.44359e+6 
        3952.78      3.44702e+6 
        3954.55       3.4527e+6 
        3957.31      3.46153e+6 
        3958.09      3.46405e+6 
        3958.62      3.46574e+6 
        3958.88      3.46656e+6 
        3960.45      3.47159e+6 
        3962.28      3.47746e+6 
        3965.74      3.48849e+6 
        3965.94      3.48912e+6 
        3966.15      3.48978e+6 
        3966.56      3.49109e+6 
        3966.68      3.49147e+6 
        3967.28      3.49339e+6 
        3967.38       3.4937e+6 
        3968.08      3.49593e+6 
        3968.71      3.49791e+6 
        3968.88      3.49845e+6 
        3969.05      3.49898e+6 
        3969.23      3.49958e+6 
        3969.29      3.49977e+6 
        3969.38      3.50005e+6 
        3969.53      3.50052e+6 
        3969.65       3.5009e+6 
        3969.77      3.50124e+6 
        3969.83      3.50143e+6 
        3969.89      3.50162e+6 
        3969.95      3.50181e+6 
        3970.01      3.50196e+6 
        3970.07      3.50215e+6 
        3970.13      3.50237e+6 
        3970.19      3.50256e+6 
        3970.25      3.50278e+6 
        3970.32        3.503e+6 
        3970.37      3.50316e+6 
        3970.42      3.50335e+6 
        3970.43      3.50338e+6 
        3970.49      3.50357e+6 
        3970.52      3.50366e+6 
        3970.61      3.50398e+6 
         3970.8      3.50454e+6 
         3971.1      3.50551e+6 
        3971.33      3.50627e+6 
        3971.59      3.50709e+6 
         3971.7      3.50743e+6 
        3972.06      3.50859e+6 
        3972.79      3.51092e+6 
        3973.99      3.51475e+6 
        3974.94      3.51774e+6 
         3976.4      3.52239e+6 
        3976.84       3.5238e+6 
        3977.86        3.527e+6 
        3978.87      3.53021e+6 
        3979.58      3.53244e+6 
         3980.9      3.53665e+6 
        3982.23      3.54083e+6 
        3984.18      3.54698e+6 
        3984.88      3.54921e+6 
        3985.12      3.54994e+6 
        3985.59      3.55141e+6 
        3986.99      3.55584e+6 
        3988.87      3.56175e+6 
        3991.38      3.56963e+6 
        3992.62      3.57353e+6 
        3993.85      3.57739e+6 
        3993.87      3.57746e+6 
        3996.36      3.58525e+6 
        3998.87      3.59307e+6 
        4003.87      3.60865e+6 
        4008.87      3.62417e+6 
        4013.86      3.63991e+6 
        4018.86      3.65593e+6 
        4023.86      3.67189e+6 
        4025.34      3.67661e+6 
        4028.86      3.68779e+6 
        4032.38      3.69897e+6 
        4032.95      3.70076e+6 
        4033.86      3.70365e+6 
         4035.9       3.7101e+6 
        4038.86      3.71943e+6 
        4043.86      3.73513e+6 
        4048.86      3.75081e+6 
        4053.86      3.76642e+6 
        4058.85      3.78194e+6 
        4063.85       3.7974e+6 
        4068.85      3.81279e+6 
        4073.85      3.82809e+6 
        4075.42       3.8329e+6 
        4078.85      3.84333e+6 
        4082.28      3.85376e+6 
        4082.56      3.85461e+6 
           4084      3.85898e+6 
         4085.7      3.86413e+6 
        4088.84      3.87358e+6 
         4089.7      3.87616e+6 
        4093.69      3.88813e+6 
        4096.52      3.89658e+6 
        4097.68      3.90004e+6 
        4098.01      3.90104e+6 
        4098.68      3.90302e+6 
        4098.84      3.90349e+6 
        4099.68      3.90597e+6 
        4100.17      3.90745e+6 
        4100.67       3.9089e+6 
        4100.92      3.90962e+6 
        4101.17      3.91034e+6 
         4101.3      3.91069e+6 
        4101.42      3.91103e+6 
        4101.48      3.91122e+6 
        4101.55      3.91138e+6 
        4101.61      3.91153e+6 
        4101.67      3.91166e+6 
        4101.73      3.91185e+6 
         4101.8      3.91204e+6 
        4101.86      3.91226e+6 
        4101.92      3.91248e+6 
        4102.05      3.91292e+6 
         4102.3       3.9137e+6 
        4102.74      3.91505e+6 
        4102.79      3.91521e+6 
        4102.85      3.91537e+6 
        4102.94      3.91568e+6 
        4103.15      3.91628e+6 
         4103.3      3.91672e+6 
        4103.55      3.91747e+6 
        4103.79      3.91823e+6 
        4104.29       3.9197e+6 
        4104.78      3.92118e+6 
        4105.29      3.92269e+6 
        4105.79      3.92419e+6 
        4106.79      3.92718e+6 
        4108.68      3.93277e+6 
        4108.76      3.93302e+6 
         4108.8      3.93312e+6 
        4108.84      3.93324e+6 
        4108.86      3.93331e+6 
           4109      3.93375e+6 
        4109.32      3.93478e+6 
        4109.78      3.93623e+6 
         4110.7      3.93915e+6 
        4111.32       3.9411e+6 
        4112.55      3.94499e+6 
        4113.77      3.94889e+6 
        4114.69      3.95178e+6 
        4116.23      3.95662e+6 
        4116.69      3.95806e+6 
        4117.77      3.96145e+6 
        4118.13      3.96259e+6 
        4118.84      3.96482e+6 
        4120.98      3.97151e+6 
        4123.84      3.98043e+6 
        4126.14      3.98762e+6 
        4128.84      3.99598e+6 
         4129.6      3.99837e+6 
        4131.53      4.00431e+6 
        4133.83      4.01141e+6 
        4134.22       4.0126e+6 
        4138.83      4.02677e+6 
        4143.83        4.042e+6 
        4148.83      4.05718e+6 
        4153.83      4.07223e+6 
        4158.83      4.08718e+6 
        4163.83      4.10207e+6 
        4168.82      4.11684e+6 
        4173.82      4.13151e+6 
        4178.82      4.14609e+6 
        4183.82      4.16057e+6 
        4188.82      4.17496e+6 
        4193.82      4.18925e+6 
        4198.82      4.20345e+6 
        4203.81      4.21756e+6 
        4208.81      4.23176e+6 
        4213.81      4.24605e+6 
        4216.52      4.25375e+6 
        4217.24      4.25576e+6 
        4218.81      4.26022e+6 
         4221.1      4.26666e+6 
        4223.81      4.27426e+6 
        4224.95      4.27747e+6 
        4228.81      4.28824e+6 
        4233.81      4.30207e+6 
        4238.81      4.31583e+6 
        4243.81      4.32946e+6 
         4248.8      4.34297e+6 
         4253.8      4.35638e+6 
         4258.8      4.36967e+6 
         4263.8      4.38287e+6 
         4268.8      4.39597e+6 
         4273.8      4.40894e+6 
         4278.8      4.42179e+6 
        4283.79      4.43455e+6 
        4288.79      4.44718e+6 
        4293.79      4.45968e+6 
        4298.79      4.47209e+6 
        4303.79      4.48428e+6 
        4308.79        4.496e+6 
        4313.79      4.50756e+6 
        4314.07      4.50822e+6 
        4318.78      4.51902e+6 
        4320.85      4.52374e+6 
         4323.5      4.52977e+6 
        4326.14      4.53574e+6 
        4326.48      4.53649e+6 
        4328.78      4.54167e+6 
        4330.23      4.54491e+6 
        4331.09      4.54683e+6 
        4331.15      4.54695e+6 
        4331.95      4.54874e+6 
        4333.66      4.55254e+6 
        4334.06      4.55342e+6 
        4336.17      4.55811e+6 
        4337.79      4.56162e+6 
        4338.22      4.56257e+6 
        4338.28      4.56269e+6 
        4338.78      4.56376e+6 
        4338.81      4.56382e+6 
        4339.34      4.56495e+6 
         4339.6      4.56549e+6 
        4339.87      4.56602e+6 
           4340      4.56627e+6 
        4340.13      4.56649e+6 
         4340.2      4.56659e+6 
        4340.26      4.56665e+6 
        4340.33      4.56671e+6 
         4340.4      4.56678e+6 
        4340.46      4.56687e+6 
        4340.53      4.56706e+6 
        4340.59      4.56731e+6 
        4340.66      4.56753e+6 
        4340.79      4.56794e+6 
        4341.01      4.56854e+6 
        4341.06      4.56866e+6 
         4341.1      4.56879e+6 
         4341.2      4.56904e+6 
        4341.23       4.5691e+6 
        4341.24      4.56913e+6 
         4341.4      4.56954e+6 
        4341.58      4.56995e+6 
        4341.94       4.5708e+6 
        4342.64      4.57243e+6 
        4343.33        4.574e+6 
        4343.57      4.57454e+6 
        4344.04       4.5756e+6 
        4344.75      4.57724e+6 
        4346.17      4.58044e+6 
        4348.58      4.58581e+6 
        4348.78      4.58629e+6 
        4348.98      4.58673e+6 
        4349.37       4.5876e+6 
        4350.17      4.58936e+6 
        4350.32      4.58971e+6 
        4351.76      4.59291e+6 
         4353.2      4.59612e+6 
        4354.73      4.59951e+6 
        4356.08      4.60246e+6 
        4356.08      4.60246e+6 
        4357.43      4.60545e+6 
        4358.77       4.6084e+6 
        4359.17      4.60925e+6 
        4361.47      4.61409e+6 
        4363.77      4.61912e+6 
        4367.98      4.62819e+6 
        4368.38      4.62904e+6 
        4368.52      4.62939e+6 
        4368.77      4.62992e+6 
        4369.56      4.63162e+6 
        4371.15      4.63501e+6 
        4373.77       4.6406e+6 
        4378.77      4.65119e+6 
        4383.77      4.66165e+6 
        4388.77      4.67205e+6 
        4393.77      4.68232e+6 
        4398.76       4.6925e+6 
        4403.76       4.7007e+6 
        4408.76      4.70808e+6 
        4413.76       4.7154e+6 
        4418.76      4.72269e+6 
        4423.76      4.72992e+6 
        4428.76      4.73711e+6 
        4433.75      4.74421e+6 
        4438.75      4.75128e+6 
        4443.75      4.75832e+6 
        4448.75      4.76529e+6 
        4453.75       4.7722e+6 
        4458.75      4.77908e+6 
        4463.75       4.7859e+6 
        4468.74      4.79269e+6 
        4473.74      4.79941e+6 
        4478.74      4.80607e+6 
        4483.74       4.8127e+6 
        4488.74      4.81927e+6 
        4493.74       4.8258e+6 
        4498.74       4.8335e+6 
        4503.74      4.84415e+6 
        4508.73      4.85461e+6 
        4513.73      4.86498e+6 
        4514.12      4.86576e+6 
        4518.73      4.87519e+6 
        4523.35      4.88445e+6 
        4527.19      4.89212e+6 
        4527.96      4.89366e+6 
        4528.73      4.89517e+6 
        4530.27      4.89818e+6 
        4532.97      4.90346e+6 
        4533.29      4.90409e+6 
        4533.35      4.90421e+6 
        4533.73      4.90497e+6 
        4534.49      4.90641e+6 
        4536.01      4.90937e+6 
        4538.73      4.91461e+6 
        4543.73      4.92413e+6 
        4548.72      4.93349e+6 
        4553.72      4.94276e+6 
        4558.72      4.95187e+6 
        4563.72      4.96086e+6 
        4568.72      4.96972e+6 
        4573.72      4.97845e+6 
        4578.72      4.98706e+6 
        4583.72      4.99554e+6 
        4588.71      5.00393e+6 
        4593.71      5.01216e+6 
        4596.53      5.01612e+6 
        4596.98      5.01675e+6 
        4598.71      5.01917e+6 
        4600.89      5.02212e+6 
        4603.71      5.02592e+6 
         4604.8      5.02737e+6 
        4608.71      5.03258e+6 
        4613.71      5.03918e+6 
         4618.7      5.04568e+6 
         4623.7      5.05212e+6 
         4628.7      5.05847e+6 
         4633.7      5.06475e+6 
         4638.7      5.07097e+6 
         4643.7       5.0771e+6 
         4648.7      5.08313e+6 
         4653.7       5.0891e+6 
        4658.69        5.095e+6 
        4663.69      5.10085e+6 
        4668.69       5.1066e+6 
        4673.69      5.11228e+6 
        4678.69      5.11787e+6 
        4683.69       5.1234e+6 
        4688.69      5.12887e+6 
        4693.69      5.13405e+6 
        4698.68      5.13895e+6 
        4703.68      5.14379e+6 
        4708.68      5.14854e+6 
        4713.68      5.15325e+6 
         4715.6      5.15504e+6 
        4718.68       5.1579e+6 
        4720.98         5.16e+6 
        4721.76      5.16073e+6 
        4723.68      5.16248e+6 
        4724.83      5.16352e+6 
        4728.68      5.16698e+6 
        4733.68      5.17144e+6 
        4738.67      5.17581e+6 
        4743.67      5.18011e+6 
        4748.67      5.18435e+6 
        4753.67      5.18853e+6 
        4758.67      5.19264e+6 
        4763.67      5.19667e+6 
        4768.67      5.20062e+6 
        4773.66      5.20449e+6 
        4778.66      5.20829e+6 
        4783.66      5.21203e+6 
        4788.66      5.21564e+6 
        4793.66       5.2191e+6 
        4798.66      5.22246e+6 
        4803.66      5.22573e+6 
        4808.65       5.2289e+6 
        4813.65      5.23198e+6 
        4818.65      5.23496e+6 
        4823.65      5.23785e+6 
        4828.65      5.24065e+6 
        4833.65      5.24335e+6 
        4834.97      5.24404e+6 
        4838.65      5.24596e+6 
        4839.16      5.24621e+6 
        4842.32      5.24787e+6 
        4845.48      5.24948e+6 
         4845.5      5.24948e+6 
        4847.05      5.25026e+6 
        4848.64      5.25105e+6 
        4851.78      5.25259e+6 
        4854.39      5.25387e+6 
        4856.52      5.25488e+6 
         4858.4      5.25573e+6 
        4858.64      5.25582e+6 
        4858.66      5.25582e+6 
        4858.88      5.25592e+6 
        4859.36       5.2561e+6 
        4859.47      5.25614e+6 
        4860.06      5.25626e+6 
        4860.36      5.25629e+6 
        4860.66      5.25626e+6 
        4860.81       5.2562e+6 
        4860.95      5.25604e+6 
        4861.03      5.25592e+6 
         4861.1       5.2557e+6 
        4861.18      5.25541e+6 
        4861.25      5.25516e+6 
        4861.32      5.25504e+6 
         4861.4      5.25526e+6 
        4861.47       5.2556e+6 
        4861.54      5.25598e+6 
        4861.64      5.25636e+6 
        4861.69      5.25648e+6 
        4861.69      5.25651e+6 
        4861.69      5.25651e+6 
        4861.69      5.25651e+6 
        4861.74      5.25664e+6 
        4861.84      5.25686e+6 
        4861.98      5.25711e+6 
        4861.99      5.25711e+6 
        4862.28      5.25752e+6 
        4862.58       5.2579e+6 
         4862.6       5.2579e+6 
        4863.18      5.25849e+6 
        4863.73      5.25899e+6 
        4863.76      5.25903e+6 
        4864.93      5.26003e+6 
        4866.13      5.26104e+6 
        4868.41      5.26286e+6 
        4868.53      5.26295e+6 
        4868.64      5.26305e+6 
        4868.86       5.2632e+6 
        4869.32      5.26358e+6 
        4869.58      5.26377e+6 
        4870.22      5.26427e+6 
        4870.86      5.26478e+6 
        4872.13      5.26578e+6 
        4874.62      5.26773e+6 
        4874.69      5.26779e+6 
        4874.75      5.26782e+6 
        4874.87      5.26792e+6 
        4875.12      5.26814e+6 
        4875.61      5.26851e+6 
        4876.61      5.26927e+6 
        4878.45      5.27071e+6 
        4878.54      5.27078e+6 
        4878.59      5.27081e+6 
        4878.64      5.27087e+6 
        4878.82        5.271e+6 
        4879.19      5.27128e+6 
        4879.53      5.27156e+6 
        4879.92      5.27184e+6 
        4880.32      5.27216e+6 
        4880.94      5.27263e+6 
        4881.12      5.27279e+6 
        4882.71      5.27398e+6 
        4884.48      5.27533e+6 
         4887.4      5.27753e+6 
        4888.02        5.278e+6 
        4888.63      5.27847e+6 
        4889.87      5.27938e+6 
        4891.06      5.28026e+6 
        4892.35      5.28121e+6 
        4893.63      5.28212e+6 
        4893.78      5.28224e+6 
         4896.2      5.28397e+6 
        4898.63       5.2857e+6 
        4903.34        5.289e+6 
        4903.48      5.28909e+6 
        4903.63      5.28919e+6 
        4903.92      5.28941e+6 
         4904.5      5.28978e+6 
        4905.66      5.29057e+6 
        4907.33       5.2917e+6 
        4907.98      5.29214e+6 
        4908.63      5.29258e+6 
        4909.93      5.29346e+6 
        4911.43      5.29446e+6 
        4912.53      5.29519e+6 
        4913.01       5.2955e+6 
        4913.63      5.29588e+6 
        4915.55      5.29713e+6 
        4915.82      5.29732e+6 
        4918.24      5.29886e+6 
        4918.63      5.29911e+6 
         4921.7      5.30103e+6 
        4923.62      5.30222e+6 
        4925.16      5.30317e+6 
        4928.62      5.30527e+6 
        4933.62      5.30825e+6 
        4938.62      5.31115e+6 
        4943.62      5.31394e+6 
        4948.62      5.31671e+6 
        4953.62      5.31938e+6 
        4958.61      5.32202e+6 
        4963.61      5.32456e+6 
        4968.61      5.32704e+6 
        4973.61      5.32949e+6 
        4978.61      5.33188e+6 
        4983.61       5.3342e+6 
        4988.61      5.33637e+6 
        4993.61      5.33848e+6 
         4998.6      5.34055e+6 
         5003.6      5.34259e+6 
         5008.6      5.34457e+6 
         5013.6      5.34652e+6 
         5018.6       5.3484e+6 
         5023.6      5.35026e+6 
         5028.6      5.35208e+6 
         5033.6      5.35387e+6 
        5038.59       5.3556e+6 
        5043.59       5.3573e+6 
        5048.59      5.35896e+6 
        5053.59      5.36059e+6 
        5058.59      5.36216e+6 
        5063.59      5.36374e+6 
        5068.59      5.36524e+6 
        5073.58      5.36672e+6 
        5078.58      5.36817e+6 
        5083.58      5.36939e+6 
        5088.58      5.37052e+6 
        5093.58      5.37162e+6 
        5098.58      5.37269e+6 
        5103.58      5.37373e+6 
        5108.57      5.37473e+6 
        5113.57       5.3757e+6 
        5118.57      5.37665e+6 
        5123.57      5.37756e+6 
        5128.57      5.37847e+6 
        5133.57      5.37932e+6 
        5138.57      5.38017e+6 
        5143.57      5.38098e+6 
        5148.56      5.38177e+6 
        5153.56      5.38252e+6 
        5158.56      5.38324e+6 
        5163.56      5.38394e+6 
        5168.56      5.38463e+6 
        5173.56      5.38529e+6 
        5178.56      5.38585e+6 
        5183.56      5.38623e+6 
        5188.55      5.38661e+6 
        5193.55      5.38695e+6 
        5198.55      5.38727e+6 
        5203.55      5.38758e+6 
        5208.55      5.38786e+6 
        5213.55      5.38811e+6 
        5218.55      5.38833e+6 
        5223.54      5.38855e+6 
        5228.54      5.38874e+6 
        5233.54       5.3889e+6 
        5238.54      5.38903e+6 
        5243.54      5.38915e+6 
        5248.54      5.38925e+6 
        5253.54      5.38931e+6 
        5258.53      5.38934e+6 
        5263.53      5.38937e+6 
        5268.53      5.38937e+6 
        5273.53      5.38937e+6 
        5278.53      5.39003e+6 
        5283.53      5.39078e+6 
        5288.53      5.39151e+6 
        5293.52       5.3922e+6 
        5298.52      5.39283e+6 
        5303.52      5.39342e+6 
        5308.52      5.39399e+6 
        5313.52      5.39452e+6 
        5318.52      5.39499e+6 
        5323.52      5.39543e+6 
        5328.52      5.39584e+6 
        5333.52      5.39622e+6 
        5338.51      5.39657e+6 
        5343.51      5.39685e+6 
        5348.51      5.39713e+6 
        5353.51      5.39735e+6 
        5358.51      5.39754e+6 
        5363.51      5.39788e+6 
        5368.51      5.39801e+6 
         5373.5      5.39776e+6 
         5378.5      5.39704e+6 
         5383.5      5.39631e+6 
         5388.5      5.39556e+6 
         5393.5      5.39477e+6 
         5398.5      5.39399e+6 
         5403.5      5.39317e+6 
        5408.49      5.39236e+6 
        5413.49      5.39148e+6 
        5418.49      5.39063e+6 
        5423.49      5.38972e+6 
        5428.49      5.38881e+6 
        5433.49      5.38789e+6 
        5438.49      5.38695e+6 
        5443.48      5.38598e+6 
        5448.48        5.385e+6 
        5453.48        5.384e+6 
        5458.48      5.38299e+6 
        5463.48      5.38196e+6 
        5468.48      5.38089e+6 
        5473.48      5.38032e+6 
        5478.48      5.37973e+6 
        5483.48      5.37913e+6 
        5488.47       5.3785e+6 
        5493.47      5.37784e+6 
        5498.47      5.37718e+6 
        5503.47      5.37649e+6 
        5508.47      5.37577e+6 
        5513.47      5.37501e+6 
        5518.47      5.37426e+6 
        5523.46      5.37347e+6 
        5528.46      5.37266e+6 
        5533.46      5.37184e+6 
        5538.46      5.37096e+6 
        5543.46      5.37011e+6 
        5548.46       5.3692e+6 
        5553.46      5.36829e+6 
        5558.45      5.36735e+6 
        5563.45      5.36641e+6 
        5568.45      5.36543e+6 
        5573.45       5.3644e+6 
        5578.45      5.36336e+6 
        5583.45      5.36232e+6 
        5588.45      5.36125e+6 
        5593.44      5.36015e+6 
        5598.44      5.35905e+6 
        5603.44      5.35789e+6 
        5608.44      5.35676e+6 
        5613.44       5.3556e+6 
        5618.44       5.3544e+6 
        5623.44      5.35318e+6 
        5628.44      5.35195e+6 
        5633.43       5.3507e+6 
        5638.43      5.34944e+6 
        5643.43      5.34815e+6 
        5648.43      5.34687e+6 
        5653.43      5.34555e+6 
        5658.43      5.34419e+6 
        5663.43      5.34284e+6 
        5668.43      5.34156e+6 
        5673.42      5.34014e+6 
        5673.98      5.33998e+6 
        5678.42      5.33873e+6 
        5682.86      5.33744e+6 
         5686.2      5.33647e+6 
        5687.31      5.33615e+6 
        5687.86        5.336e+6 
        5688.42      5.33581e+6 
        5690.64      5.33518e+6 
        5693.42      5.33436e+6 
        5698.42      5.33285e+6 
        5703.41      5.33135e+6 
        5704.77      5.33094e+6 
        5708.41      5.32981e+6 
        5708.88      5.32968e+6 
        5712.06      5.32871e+6 
        5713.41      5.32827e+6 
        5715.23       5.3277e+6 
        5718.41      5.32673e+6 
        5723.41      5.32513e+6 
        5728.41      5.32355e+6 
        5733.41      5.32192e+6 
        5738.41      5.32032e+6 
         5743.4      5.31865e+6 
         5748.4      5.31702e+6 
         5753.4      5.31532e+6 
         5758.4      5.31363e+6 
         5763.4      5.31061e+6 
         5768.4      5.30885e+6 
         5773.4      5.30709e+6 
         5778.4      5.30533e+6 
        5783.39      5.30354e+6 
        5788.39      5.30175e+6 
        5793.39      5.29993e+6 
        5798.39      5.29811e+6 
        5803.39      5.29625e+6 
        5808.39       5.2944e+6 
        5813.39      5.29252e+6 
        5818.39       5.2906e+6 
        5823.38      5.28871e+6 
        5828.38      5.28677e+6 
        5833.38      5.28485e+6 
        5838.38      5.28287e+6 
        5843.38      5.28092e+6 
        5848.38      5.27894e+6 
        5853.38      5.27693e+6 
        5858.37      5.27492e+6 
        5863.37      5.27291e+6 
        5868.37      5.27087e+6 
        5873.37      5.26883e+6 
        5878.37      5.26679e+6 
        5883.37      5.26468e+6 
        5888.37      5.26261e+6 
        5893.36       5.2605e+6 
        5898.36       5.2584e+6 
        5903.36      5.25626e+6 
        5908.36      5.25409e+6 
        5913.36      5.25196e+6 
        5918.36      5.24979e+6 
        5923.36      5.24759e+6 
        5928.35      5.24539e+6 
        5933.35      5.24316e+6 
        5938.35      5.24093e+6 
        5943.35       5.2387e+6 
        5948.35      5.23644e+6 
        5953.35      5.23418e+6 
        5958.35      5.23188e+6 
        5963.35      5.22956e+6 
        5968.34      5.22723e+6 
        5973.34      5.22488e+6 
        5978.34      5.22252e+6 
        5983.34      5.22016e+6 
        5988.34      5.21778e+6 
        5993.34      5.21539e+6 
        5998.34      5.21297e+6 
        6003.34      5.21055e+6 
        6008.33      5.20813e+6 
        6013.33      5.20568e+6 
        6018.33      5.20323e+6 
        6023.33      5.20075e+6 
        6028.33      5.19827e+6 
        6033.33      5.19579e+6 
        6038.32      5.19327e+6 
        6043.32      5.19076e+6 
        6048.32      5.18825e+6 
        6053.32       5.1857e+6 
        6058.32      5.18313e+6 
        6063.32      5.18058e+6 
        6068.32        5.178e+6 
        6073.32       5.1754e+6 
        6078.31      5.17279e+6 
        6083.31      5.17018e+6 
        6088.31      5.16754e+6 
        6093.31       5.1649e+6 
        6098.31      5.16227e+6 
        6103.31      5.15959e+6 
        6108.31      5.15692e+6 
        6113.31      5.15422e+6 
         6118.3      5.15152e+6 
         6123.3      5.14882e+6 
         6128.3      5.14612e+6 
         6133.3      5.14335e+6 
         6138.3      5.14062e+6 
         6143.3      5.13785e+6 
         6148.3      5.13509e+6 
        6153.29      5.13229e+6 
        6158.29       5.1295e+6 
        6163.29      5.12667e+6 
        6168.29      5.12384e+6 
        6173.29      5.12102e+6 
        6178.29      5.11816e+6 
        6183.29       5.1153e+6 
        6188.28      5.11244e+6 
        6193.28      5.10955e+6 
        6198.28      5.10666e+6 
        6203.28      5.10374e+6 
        6208.28      5.10082e+6 
        6213.28      5.09786e+6 
        6218.28      5.09491e+6 
        6223.28      5.09196e+6 
        6228.27      5.08897e+6 
        6233.27      5.08599e+6 
        6238.27      5.08297e+6 
        6243.27      5.07996e+6 
        6244.38       5.0793e+6 
        6248.27      5.07694e+6 
        6252.16      5.07455e+6 
        6253.82      5.07355e+6 
        6256.04       5.0722e+6 
        6258.27      5.07081e+6 
        6262.16      5.06843e+6 
        6262.71      5.06808e+6 
        6263.27      5.06773e+6 
        6264.37      5.06704e+6 
        6264.91      5.06673e+6 
        6266.59      5.06569e+6 
        6268.26      5.06466e+6 
        6269.97      5.06359e+6 
        6271.61      5.06255e+6 
        6273.26      5.06155e+6 
        6274.85      5.06054e+6 
        6276.56      5.05947e+6 
        6278.26       5.0584e+6 
        6280.08      5.05727e+6 
        6281.67      5.05627e+6 
        6283.26      5.05526e+6 
        6284.63      5.05441e+6 
        6286.44      5.05328e+6 
        6288.26      5.05212e+6 
        6290.52      5.05068e+6 
        6291.89      5.04983e+6 
        6293.26      5.04895e+6 
        6293.73      5.04863e+6 
        6295.99      5.04719e+6 
        6298.26      5.04574e+6 
        6302.31      5.04317e+6 
        6302.78      5.04285e+6 
        6303.25      5.04254e+6 
        6303.92      5.04213e+6 
         6304.2      5.04194e+6 
        6306.09      5.04072e+6 
        6308.25      5.03933e+6 
        6311.92      5.03695e+6 
        6312.59      5.03651e+6 
        6313.25      5.03607e+6 
        6314.58      5.03522e+6 
        6316.22      5.03415e+6 
        6317.23      5.03346e+6 
        6317.31      5.03343e+6 
        6318.25       5.0328e+6 
        6320.28      5.03148e+6 
        6323.25      5.02953e+6 
        6328.25       5.0262e+6 
        6333.25      5.02287e+6 
        6338.24      5.01954e+6 
        6343.24      5.01615e+6 
        6348.24      5.01276e+6 
        6353.24      5.00933e+6 
        6358.24      5.00588e+6 
        6363.24      5.00239e+6 
        6368.24       4.9989e+6 
        6373.23      4.99535e+6 
        6378.23      4.99177e+6 
        6383.23      4.98819e+6 
        6388.23      4.98455e+6 
        6393.23      4.98087e+6 
        6398.23      4.97716e+6 
        6403.23      4.97339e+6 
        6408.23      4.96962e+6 
        6413.22      4.96576e+6 
        6418.22      4.96186e+6 
        6423.22      4.95794e+6 
        6428.22      4.95395e+6 
        6433.22      4.94989e+6 
        6438.22      4.94578e+6 
        6443.22      4.94163e+6 
        6448.22      4.93739e+6 
        6453.21      4.93309e+6 
        6458.21      4.92869e+6 
        6463.21      4.92423e+6 
        6468.21       4.9197e+6 
        6473.21      4.91508e+6 
        6478.21      4.91037e+6 
         6483.2      4.90557e+6 
         6488.2      4.90066e+6 
         6493.2      4.89564e+6 
         6498.2      4.89055e+6 
         6503.2      4.88537e+6 
         6508.2      4.88006e+6 
         6513.2      4.87468e+6 
         6518.2      4.86919e+6 
        6523.19      4.86363e+6 
        6523.72      4.86306e+6 
        6528.19        4.858e+6 
        6532.67      4.85294e+6 
         6536.1      4.84905e+6 
        6537.14      4.84785e+6 
        6537.38      4.84757e+6 
        6538.19      4.84666e+6 
        6540.29      4.84427e+6 
        6543.19      4.84104e+6 
        6546.46       4.8373e+6 
        6546.72      4.83702e+6 
        6548.19      4.83532e+6 
        6549.92      4.83328e+6 
        6553.11      4.82957e+6 
        6554.43      4.82803e+6 
        6556.31      4.82574e+6 
        6556.87      4.82502e+6 
         6557.9      4.82366e+6 
        6558.19      4.82329e+6 
         6559.5      4.82137e+6 
         6560.3      4.82002e+6 
         6561.1      4.81832e+6 
         6561.5      4.81722e+6 
         6561.9      4.81575e+6 
        6562.09      4.81474e+6 
        6562.29       4.8133e+6 
        6562.39      4.81229e+6 
        6562.49      4.81094e+6 
        6562.59      4.80918e+6 
        6562.69      4.80748e+6 
        6562.79      4.80651e+6 
        6562.89      4.80736e+6 
        6562.99      4.80893e+6 
        6563.09      4.81056e+6 
        6563.29      4.81267e+6 
        6563.64      4.81443e+6 
        6563.69      4.81458e+6 
        6563.69      4.81462e+6 
        6563.69      4.81462e+6 
        6563.74      4.81477e+6 
        6563.84      4.81502e+6 
        6564.04       4.8155e+6 
        6564.29       4.8159e+6 
        6564.39      4.81606e+6 
        6564.44      4.81612e+6 
        6564.49      4.81616e+6 
        6564.69      4.81638e+6 
        6565.08      4.81669e+6 
        6565.64        4.817e+6 
        6565.86       4.8171e+6 
        6566.09      4.81716e+6 
        6566.54      4.81729e+6 
        6566.69      4.81732e+6 
        6567.09      4.81738e+6 
        6567.44      4.81741e+6 
        6568.18      4.81744e+6 
        6569.28      4.81744e+6 
        6570.48      4.81738e+6 
        6571.48      4.81729e+6 
        6572.47      4.81719e+6 
        6573.27       4.8171e+6 
        6574.47      4.81697e+6 
        6575.67      4.81682e+6 
        6577.95      4.81656e+6 
        6578.06      4.81656e+6 
        6578.18      4.81653e+6 
        6578.41       4.8165e+6 
        6578.87      4.81644e+6 
        6579.79      4.81631e+6 
        6580.08      4.81628e+6 
        6581.63      4.81603e+6 
        6583.18      4.81581e+6 
        6584.38      4.81565e+6 
        6586.28      4.81537e+6 
        6587.91      4.81512e+6 
        6588.18      4.81509e+6 
        6588.44      4.81506e+6 
        6588.98      4.81496e+6 
        6590.04       4.8148e+6 
        6591.02      4.81465e+6 
        6592.17      4.81449e+6 
        6593.01      4.81433e+6 
        6593.31       4.8143e+6 
        6595.59      4.81393e+6 
        6598.17      4.81352e+6 
        6603.34      4.81261e+6 
        6613.66      4.81056e+6 
         6634.3      4.80513e+6 
        6639.69       4.8034e+6 
        6675.58      4.78911e+6 
        6711.48      4.77104e+6 
        6741.75      4.75392e+6 
        6783.26      4.72857e+6 
        6824.78      4.70171e+6 
        6907.81      4.64572e+6 
        6990.84      4.58754e+6 
         7038.6      4.55346e+6 
        7073.87      4.52801e+6 
        7109.15      4.50244e+6 
        7179.69      4.45132e+6 
        7250.24      4.39974e+6 
        7320.78      4.34781e+6 
        7389.14      4.29789e+6 
        7391.33      4.29625e+6 
        7393.51      4.29462e+6 
        7397.89      4.29138e+6 
        7406.65      4.28494e+6 
        7424.15      4.27203e+6 
        7459.17      4.24621e+6 
         7529.2      4.19443e+6 
        7599.23      4.14263e+6 
        7660.63      4.09717e+6 
        7669.25      4.09079e+6 
        7677.88      4.08442e+6 
        7695.14      4.07179e+6 
        7729.65       4.0465e+6 
        7798.67      3.99601e+6 
        7867.69      3.94562e+6 
        7911.17      3.91392e+6 
        7936.71      3.89535e+6 
        7962.25      3.87682e+6 
        8013.32      3.84003e+6 
        8046.24      3.81638e+6 
         8064.4      3.80334e+6 
        8082.55      3.79033e+6 
        8118.86      3.76444e+6 
        8180.09      3.72097e+6 
        8191.47      3.71292e+6 
        8200.85      3.70629e+6 
        8202.85      3.70488e+6 
        8204.85      3.70347e+6 
        8208.85      3.70064e+6 
        8216.85      3.69502e+6 
        8232.84      3.68377e+6 
        8264.83      3.66134e+6 
        8289.72      3.64393e+6 
        8328.82      3.61666e+6 
        8343.44      3.60649e+6 
        8367.92      3.58949e+6 
        8371.47      3.58704e+6 
        8388.68      3.57516e+6 
        8392.39      3.57262e+6 
        8408.65       3.5614e+6 
        8413.32       3.5582e+6 
        8432.02      3.54535e+6 
        8437.95       3.5413e+6 
        8467.25      3.52125e+6 
        8473.98      3.51664e+6 
        8502.48      3.49722e+6 
        8516.58      3.48761e+6 
        8530.98      3.47784e+6 
        8545.38      3.46813e+6 
        8549.97      3.46505e+6 
        8574.18      3.44878e+6 
        8598.39      3.43254e+6 
         8628.6      3.41237e+6 
        8646.81      3.40024e+6 
        8652.39       3.3965e+6 
        8665.01      3.38811e+6 
        8685.59      3.37448e+6 
        8701.43      3.36399e+6 
        8750.47      3.33166e+6 
        8767.92      3.32022e+6 
        8815.35      3.28922e+6 
        8862.78      3.25865e+6 
        8900.38      3.23455e+6 
        8957.65      3.19811e+6 
        9014.91      3.16195e+6 
        9044.62      3.14329e+6 
        9072.17      3.12609e+6 
        9099.72      3.10894e+6 
        9154.81      3.07513e+6 
         9190.8       3.0532e+6 
         9209.9      3.04161e+6 
        9229.01      3.03004e+6 
        9267.22      3.00701e+6 
         9303.2      2.98545e+6 
        9343.64      2.96136e+6 
        9384.08      2.93743e+6 
        9464.96      2.89042e+6 
        9545.72      2.84407e+6 
        9545.84      2.84401e+6 
        9545.97      2.84394e+6 
        9546.21       2.8438e+6 
        9546.69      2.84352e+6 
        9546.87      2.84342e+6 
        9547.66      2.84297e+6 
        9549.59      2.84187e+6 
        9553.47      2.83967e+6 
        9561.21      2.83526e+6 
        9576.69      2.82647e+6 
        9607.66      2.80895e+6 
        9668.45      2.77482e+6 
        9729.24      2.74133e+6 
        9790.04      2.70818e+6 
        9850.83      2.67537e+6 
        9870.42      2.66487e+6 
        9911.62      2.64291e+6 
        9952.82      2.62111e+6 
        10021.1      2.58564e+6 
        10035.2      2.57834e+6 
        10049.4      2.57106e+6 
        10077.7      2.55656e+6 
        10134.2      2.52776e+6 
        10144.5      2.52258e+6 
        10190.8      2.49926e+6 
        10237.2      2.47613e+6 
        10329.9      2.43142e+6 
        10422.6      2.38744e+6 
        10515.3      2.34418e+6 
          10608      2.30164e+6 
        10700.7      2.25983e+6 
        10793.4      2.21873e+6 
        10834.1      2.20091e+6 
        10886.1      2.17836e+6 
        10938.1      2.15602e+6 
        10990.1      2.13393e+6 
          11042      2.11205e+6 
          11094      2.09039e+6 
          11146      2.06895e+6 
          11198      2.04772e+6 
          11239      2.03113e+6 
          11250      2.02672e+6 
        11260.9      2.02232e+6 
        11282.8      2.01387e+6 
        11326.6      1.99708e+6 
        11414.2      1.96388e+6 
        11501.8      1.93122e+6 
        11589.4       1.8991e+6 
          11677      1.86751e+6 
        11764.6      1.83644e+6 
        11852.2      1.80589e+6 
        11939.8      1.77586e+6 
        12027.4      1.74633e+6 
          12115      1.71732e+6 
        12120.6      1.71548e+6 
        12202.6       1.6888e+6 
        12284.6      1.66255e+6 
        12366.6      1.63782e+6 
        12448.7      1.61345e+6 
        12530.7      1.58945e+6 
        12612.7      1.56581e+6 
        12694.7      1.54253e+6 
        12735.4      1.53112e+6 
        12776.7       1.5196e+6 
        12818.1      1.50817e+6 
        12900.8      1.48561e+6 
        12983.5      1.46339e+6 
        13066.2      1.44151e+6 
        13148.9      1.41998e+6 
        13154.8      1.41845e+6 
        13231.6      1.39879e+6 
        13308.4      1.37941e+6 
        13385.1      1.36133e+6 
        13461.9      1.34349e+6 
        13538.7      1.32588e+6 
        13615.5       1.3085e+6 
        13692.3      1.29135e+6 
        13769.1      1.27443e+6 
        13845.9      1.25774e+6 
        13922.7      1.24127e+6 
        13999.5      1.22502e+6 
        14076.2      1.20899e+6 
          14153      1.19317e+6 
        14229.8      1.17758e+6 
        14281.2      1.16727e+6 
        14306.6       1.1622e+6 
        14332.1      1.15715e+6 
          14383      1.14744e+6 
        14410.1      1.14231e+6 
        14427.1      1.13911e+6 
        14433.9      1.13783e+6 
        14457.6      1.13337e+6 
        14505.2      1.12457e+6 
        14581.2      1.11064e+6 
        14583.2      1.11027e+6 
        14585.2      1.10991e+6 
        14589.2      1.10921e+6 
        14597.2       1.1078e+6 
        14613.2      1.10499e+6 
        14645.2      1.09938e+6 
        14709.2      1.08825e+6 
        14773.2      1.07722e+6 
        14837.1       1.0663e+6 
        14901.1      1.05548e+6 
        14965.1      1.04477e+6 
        15029.1      1.03416e+6 
        15093.1      1.02365e+6 
        15157.1      1.01325e+6 
          15221      1.00295e+6 
          15285          992753 
          15349          982659 
          15413          972665 
        15471.6          963608 
          15477          962779 
        15482.4          961949 
        15493.1          960259 
        15514.7          956885 
        15557.9          950175 
        15644.2          936898 
        15730.5          923814 
        15816.8          910917 
        15903.1          898206 
        15989.4          885678 
        16075.8          873331 
        16162.1          861167 
        16248.4          849185 
        16289.9          843486 
        16334.7          837379 
        16379.5          831316 
        16469.1          817292 
        16558.8          803550 
        16648.4          790089 
          16738          776900 
        16827.7          763979 
        16917.3          751318 
        17006.9          738909 
        17096.6          726748 
        17186.2          714832 
        17275.8          703151 
        17327.7          696501 
        17365.5          691703 
        17403.2          686947 
        17478.8          677544 
        17554.3          668302 
        17629.9          659210 
        17705.4          650266 
          17781          641472 
        17856.5          632824 
        17932.1          624316 
        18007.6          615714 
        18083.2          607461 
        18158.7          599340 
        18234.3          591348 
        18309.8          583479 
        18343.7          579985 
        18385.3          575738 
          18427          571525 
        18510.2          563212 
        18593.4          555047 
        18602.1          554202 
        18676.6          547033 
        18751.1          539974 
        18825.6          533097 
        18900.2          526324 
        18974.7          519660 
        19049.2          513104 
        19123.7          506645 
        19198.3          500280 
        19272.8          494009 
        19347.3          487833 
          19393          484088 
        19421.9          481748 
        19450.7          479416 
        19508.3          474801 
        19565.9          470372 
        19623.6          465848 
        19681.2          461377 
        19738.8          456960 
        19796.5          452597 
        19854.1          448280 
        19911.7          444017 
        19969.4          439801 
          20027          435635 
        20084.6          431520 
        20142.3          427448 
        20199.9          423427 
        20257.5          419450 
        20315.2          415520 
        20372.8          411633 
        20386.4          410719 
        20430.4          407791 
        20474.4          404892 
        20562.3          399168 
        20650.3          393541 
        20738.2          388012 
        20826.2          382580 
        20914.1          377239 
        21002.1          371990 
          21090          366828 
        21177.9          361758 
        21265.9          356772 
        21353.8          351871 
        21441.8          347052 
        21529.7          342311 
        21604.7          338334 
        21617.7          337652 
        21630.6          336974 
        21656.5          335619 
        21708.4          332930 
        21760.2          330269 
          21812          327634 
        21863.8          325023 
        21915.7          322441 
        21967.5          319880 
        22019.3          317348 
        22071.1          314838 
          22123          312353 
        22174.8          309891 
        22226.6          307454 
        22278.4          305041 
        22330.3          302651 
        22382.1          300284 
        22433.9          297940 
        22485.8          295618 
        22537.6          293318 
        22589.4          291041 
        22641.2          288785 
        22693.1          286550 
        22702.9          286127 
        22744.9          284337 
        22784.8          282645 
        22786.8          282561 
        22788.8          282477 
        22792.8          282308 
        22800.8          281971 
        22816.8          281300 
        22848.8          279963 
        22912.8          277312 
        22976.8          274691 
        23040.8          272102 
        23104.8          269542 
        23168.7          267012 
        23232.7          264511 
        23296.7          262039 
        23360.7          259595 
        23424.7          257179 
        23488.6          254791 
        23552.6          252431 
        23616.6          250097 
        23680.6          247790 
        23744.6          245509 
        23808.6          243254 
        23872.5          241024 
        23936.5          238819 
        24000.5          236640 
        24064.5          234484 
        24128.5          232353 
        24192.5          230246 
        24256.4          228163 
        24320.4          226102 
        24384.4          224065 
        24448.4          222050 
        24512.4          220057 
        24576.3          218087 
        24640.3          216138 
        24704.3          214211 
        24768.3          212305 
        24832.3          210419 
        24896.3          208555 
        24960.2          206711 
        25004.4          205449 
        25024.2          204887 
          25044          204327 
        25083.6          203213 
        25162.8          201007 
        25241.9          198830 
        25321.1          196683 
        25400.2          194564 
        25479.4          192474 
        25558.5          190411 
        25637.7          188376 
        25716.9          186367 
          25796          184384 
        25875.2          182428 
        25954.3          180497 
        26033.5          178592 
        26112.7          176711 
        26191.8          174855 
          26271          173023 
        26350.1          171214 
        26429.3          169429 
        26508.4          167666 
        26587.6          165927 
        26666.8          164209 
        26745.9          162514 
        26825.1          160840 
        26904.2          159188 
        26983.4          157556 
        27062.6          155945 
        27141.7          154354 
        27142.5          154338 
        27220.9          152784 
        27299.2          151249 
        27377.5          149734 
        27455.8          148238 
        27534.2          146760 
        27612.5          145301 
        27690.8          143859 
        27769.1          142435 
        27847.5          141028 
        27925.8          139639 
        28004.1          138267 
        28082.4          136911 
        28160.8          135571 
        28239.1          134248 
        28317.4          132941 
        28395.7          131650 
          28474          130374 
        28552.4          129113 
        28630.7          127867 
          28709          126637 
        28787.3          125421 
        28865.7          124219 
          28944          123031 
        29022.3          121858 
        29100.6          120698 
          29179          119552 
        29257.3          118420 
        29335.6          117300 
        29413.9          116194 
        29492.3          115101 
        29570.6          114021 
        29648.9          112953 
        29727.2          111897 
        29805.5          110854 
        29883.9          109822 
        29932.6          109186 
        29962.2          108802 
        29991.8          108420 
