# Koester WD models
# teff = 5500 K (value for the effective temperature for the model. Temperatures are given in K)
# logg = 8.75 log(cm/s2) (value for Log(G) for the model.)
#
# column 1: WAVELENGTH (ANGSTROM), Wavelength in Angstrom
# column 2: FLUX (ERG/CM2/S/A), Flux in erg/cm2/s/A
         899.23      0.00338601 
        899.665      0.00343574 
        900.537      0.00353724 
         902.28      0.00374864 
         903.81      0.00394389 
        904.023      0.00397173 
        904.235      0.00399978 
        904.661      0.00405639 
        905.511      0.00417188 
        907.212      0.00441208 
        908.584      0.00461516 
        908.912      0.00466505 
        909.241      0.00471544 
        909.764      0.00479671 
        909.897       0.0048177 
        910.032      0.00483881 
        910.299      0.00488125 
        910.834      0.00496714 
        911.777      0.00512183 
        911.906       0.0051432 
        912.034      0.00516465 
         912.29      0.00520779 
        912.321        0.005213 
        912.803      0.00529506 
        913.037      0.00533543 
        913.241      0.00537084 
        913.284      0.00537834 
        913.478      0.00541224 
        913.531      0.00542154 
        913.755      0.00546084 
        913.822      0.00547272 
         914.08      0.00551858 
        914.165      0.00553379 
        914.499      0.00559386 
        914.575      0.00560762 
        915.071      0.00569797 
         915.54      0.00578483 
        915.609      0.00579753 
        915.643      0.00580387 
        915.677      0.00581025 
        915.741      0.00582225 
        915.813      0.00583576 
        916.085      0.00588712 
        916.429      0.00595266 
        916.858      0.00603516 
        917.118      0.00608577 
        917.196      0.00610104 
        917.378      0.00613679 
        917.899      0.00624002 
        917.952      0.00625064 
        918.287      0.00631809 
        918.602      0.00638193 
        919.251      0.00651579 
        920.215      0.00671918 
        921.882      0.00708445 
        921.999      0.00711093 
        922.143      0.00714373 
        922.405      0.00720317 
         922.81      0.00729569 
        923.621      0.00748114 
        925.001      0.00781584 
        925.242      0.00787855 
        925.484      0.00793865 
        925.564      0.00795869 
        925.966      0.00805514 
        926.164      0.00809818 
        926.369      0.00814379 
        927.173      0.00833031 
        927.276      0.00835485 
        928.182      0.00857997 
        928.917      0.00878493 
         928.98        0.008805 
        929.089      0.00884041 
        929.261      0.00890114 
        929.317      0.00892149 
        929.543      0.00900582 
        929.655      0.00904408 
        929.769      0.00907829 
        929.827      0.00909479 
        929.883      0.00911068 
         929.91      0.00911835 
        929.939      0.00912658 
        929.954      0.00913085 
        929.968      0.00913484 
        929.982      0.00913883 
        929.996      0.00914282 
         930.01      0.00914681 
        930.024       0.0091508 
        930.038      0.00915479 
        930.052      0.00915878 
        930.081      0.00916707 
        930.137      0.00918306 
        930.201      0.00920141 
        930.247      0.00921454 
        930.249      0.00921511 
        930.251      0.00921567 
        930.301      0.00922962 
        930.326        0.009236 
        930.329      0.00923679 
        930.402      0.00925447 
        930.478      0.00927034 
         930.63      0.00929456 
        930.931      0.00933465 
        931.229      0.00937712 
        931.534      0.00942773 
        931.838      0.00948406 
        932.142      0.00950649 
        932.447      0.00956668 
        932.707      0.00962914 
        932.751      0.00964032 
        933.055      0.00972015 
        933.265      0.00977843 
        933.403      0.00981801 
        933.432      0.00982615 
        933.542      0.00985847 
        933.652      0.00989137 
        933.872      0.00995872 
        933.973      0.00999055 
        934.073       0.0100227 
        934.312        0.010102 
        934.652       0.0102224 
        934.941       0.0103323 
         935.23       0.0104518 
        935.473       0.0105641 
         935.52        0.010586 
        935.688        0.010673 
        935.809       0.0107389 
        936.144       0.0109379 
        936.372       0.0110784 
        936.601       0.0112016 
        936.714       0.0112495 
        936.829       0.0112909 
        936.887       0.0113111 
        936.944       0.0113309 
        936.973        0.011341 
        937.001       0.0113507 
        937.015       0.0113556 
        937.029       0.0113604 
        937.043       0.0113653 
        937.058       0.0113706 
        937.072       0.0113754 
        937.086       0.0113803 
        937.101       0.0113855 
        937.115       0.0113904 
        937.143       0.0114002 
          937.2       0.0114201 
        937.314       0.0114601 
        937.493       0.0115173 
        937.542       0.0115296 
        937.593       0.0115399 
        937.694       0.0115557 
        937.788       0.0115643 
        937.894       0.0115712 
            938       0.0115752 
        938.212       0.0115851 
        938.359       0.0115966 
        938.556       0.0116142 
        938.636       0.0116241 
        938.914       0.0116697 
        939.271       0.0117459 
        939.628       0.0118404 
        939.986       0.0119412 
         940.58       0.0121325 
         940.66       0.0121601 
        940.675       0.0121653 
          940.7       0.0121741 
         940.74       0.0121881 
        940.787       0.0122052 
        940.901       0.0122467 
        941.221       0.0123674 
        941.861       0.0126188 
        943.048       0.0131021 
        943.457       0.0132836 
        944.382       0.0136738 
        945.308       0.0140598 
         945.77       0.0142638 
        946.233       0.0144876 
        946.696       0.0147347 
        947.158       0.0150254 
        947.621       0.0153654 
        948.083       0.0157465 
        948.314       0.0159304 
        948.546       0.0160836 
        948.661       0.0161453 
        948.777        0.016202 
        948.835         0.01623 
        948.893       0.0162582 
        948.922       0.0162722 
        948.951       0.0162863 
        948.966       0.0162936 
         948.98       0.0163004 
        948.994       0.0163072 
        949.009       0.0163145 
        949.023       0.0163213 
        949.037       0.0163281 
        949.052       0.0163354 
        949.066       0.0163423 
        949.095       0.0163564 
        949.153       0.0163847 
         949.23       0.0164224 
        949.258       0.0164361 
        949.269       0.0164415 
         949.28       0.0164468 
         949.33       0.0164712 
         949.36       0.0164857 
         949.43       0.0165184 
          949.5       0.0165477 
         949.64       0.0165947 
        949.795       0.0166294 
        949.879       0.0166429 
        949.921       0.0166492 
        949.963       0.0166534 
        950.047       0.0166627 
        950.131       0.0166703 
        950.467       0.0167108 
        950.888       0.0167896 
        951.308       0.0169095 
        951.728       0.0170723 
        952.149       0.0172637 
          952.4       0.0173933 
        952.569       0.0174857 
        952.738       0.0175835 
        953.076       0.0177878 
        953.753       0.0182201 
        954.198       0.0185244 
         954.43       0.0186825 
        955.106       0.0191547 
        956.014       0.0198124 
         956.37       0.0200868 
        956.922       0.0205165 
         957.83       0.0212346 
        958.148       0.0214889 
        959.289       0.0224116 
         960.43       0.0233519 
        961.192       0.0239897 
        962.712       0.0252638 
        964.231       0.0265612 
         965.75       0.0279051 
        966.507       0.0285841 
        966.767       0.0288192 
        967.269       0.0292749 
        968.032       0.0299697 
        968.668       0.0305484 
        969.297       0.0311052 
        969.611        0.031369 
        969.927       0.0316066 
        970.238       0.0317942 
        970.242       0.0317961 
        970.397       0.0318532 
        970.556       0.0318749 
        970.715         0.03184 
        970.874       0.0317131 
        971.033       0.0314605 
        971.037        0.031453 
        971.193       0.0310619 
        971.348       0.0305804 
        971.421       0.0303955 
        971.467       0.0303436 
        971.503       0.0303454 
        971.585        0.030563 
        971.644       0.0309054 
        971.703        0.031326 
        971.732       0.0314901 
        971.762       0.0315821 
        971.778       0.0316032 
        971.792       0.0316164 
        971.806       0.0316289 
        971.821       0.0316421 
        971.827       0.0316478 
        971.833       0.0316531 
        971.836       0.0316556 
        971.839       0.0316585 
        971.851       0.0316691 
        971.866       0.0316826 
         971.88       0.0316952 
         971.91       0.0317188 
        971.969       0.0315944 
        972.037       0.0312353 
        972.087       0.0310292 
        972.137       0.0309253 
         972.15       0.0309235 
        972.237       0.0310542 
        972.324       0.0314131 
        972.499       0.0322792 
        972.548       0.0325054 
        972.673       0.0330404 
        972.798       0.0334834 
        972.923       0.0338525 
        973.048       0.0341623 
        973.298       0.0346738 
        973.351       0.0347699 
        973.548       0.0350994 
        973.746        0.035397 
         974.14       0.0359392 
        974.217         0.03604 
        974.534       0.0364456 
        974.821       0.0367987 
        974.928       0.0369285 
         975.64       0.0377739 
        977.063       0.0394477 
        979.305       0.0421564 
        981.547       0.0449848 
        983.653       0.0477758 
        983.788       0.0479596 
        983.923        0.048144 
        984.194       0.0485159 
        984.734       0.0492668 
        985.011       0.0496544 
        985.815       0.0507948 
        986.618       0.0519553 
        987.139       0.0527181 
        988.225       0.0543448 
        989.312       0.0560143 
        991.486       0.0594835 
        993.439       0.0627656 
        993.659       0.0631454 
         993.88       0.0635274 
         994.32       0.0642971 
          995.2        0.065861 
        995.477       0.0663573 
        996.962       0.0690833 
        997.574       0.0702372 
        997.806       0.0706789 
        998.447       0.0719107 
        999.319       0.0736191 
        999.435       0.0738494 
        1001.06       0.0771487 
        1002.69       0.0805784 
        1004.32       0.0841425 
        1005.84       0.0875779 
        1005.95       0.0878465 
        1007.58       0.0916943 
        1009.33       0.0959816 
        1011.07        0.100436 
         1011.3        0.101042 
        1012.82        0.105072 
        1014.33        0.109242 
        1015.38         0.11222 
        1015.84        0.113566 
        1017.36        0.118021 
        1017.62        0.118836 
        1019.05        0.123173 
        1019.33        0.124043 
        1020.05        0.126211 
        1021.04        0.129183 
        1021.54        0.130585 
        1022.04        0.131878 
        1022.54        0.132961 
        1022.99        0.133503 
        1023.04        0.133517 
        1023.09        0.133534 
        1023.19        0.133542 
        1023.39        0.133359 
        1023.54        0.133003 
        1023.59        0.132876 
        1023.67        0.132659 
        1023.79         0.13221 
        1023.92        0.131552 
        1023.99        0.131075 
        1024.04        0.130729 
        1024.09        0.130362 
        1024.19        0.129545 
        1024.24        0.129082 
        1024.29        0.128655 
        1024.39        0.127729 
        1024.41        0.127492 
        1024.54        0.126366 
        1024.67        0.125857 
        1024.79        0.127022 
        1024.85        0.128316 
        1024.91        0.129881 
        1024.95         0.13049 
        1024.98        0.130821 
        1024.99        0.130897 
        1025.01        0.130954 
        1025.03        0.131006 
        1025.04        0.131056 
        1025.06        0.131109 
        1025.07        0.131162 
        1025.09        0.131211 
         1025.1        0.131264 
        1025.13        0.131365 
         1025.2        0.131164 
        1025.27        0.129875 
        1025.32        0.129037 
        1025.37        0.128501 
        1025.47        0.128451 
        1025.52        0.128853 
        1025.57        0.129485 
        1025.62        0.130226 
        1025.72        0.131869 
        1025.77        0.132698 
        1025.92        0.135094 
        1026.07        0.137349 
        1026.22        0.139379 
        1026.37        0.141215 
        1026.52        0.142776 
        1026.67        0.144219 
        1026.86        0.145999 
        1026.96        0.146779 
        1027.07        0.147525 
        1027.28        0.148962 
        1027.69          0.1514 
        1028.11        0.153532 
        1028.82        0.156843 
        1028.94        0.157402 
        1029.07        0.157957 
        1029.25        0.158786 
         1029.3        0.158972 
        1029.32        0.159065 
        1029.34        0.159158 
        1029.42        0.159523 
        1029.59        0.160251 
        1029.93        0.161706 
         1030.6        0.164606 
         1030.7        0.165046 
        1031.94        0.170376 
        1033.19        0.175769 
        1035.08        0.184206 
        1035.56        0.186412 
        1035.67        0.186929 
        1036.27         0.18969 
        1037.45        0.195309 
        1039.34        0.204552 
        1041.24        0.214143 
        1041.91        0.217652 
        1043.13        0.224135 
        1044.35        0.230791 
        1046.78        0.244643 
        1049.09        0.258454 
        1049.22         0.25924 
        1049.35        0.260028 
        1049.61        0.261617 
        1050.12         0.26482 
        1051.14        0.271334 
        1052.03        0.277099 
        1053.19        0.284799 
        1053.99        0.290221 
        1054.35        0.292692 
        1056.67        0.309076 
        1059.36        0.329035 
        1059.71        0.331793 
        1062.04         0.35008 
        1064.36        0.369285 
        1066.68        0.389422 
        1068.64        0.407188 
        1068.68        0.407562 
           1069        0.410531 
        1069.36        0.413899 
        1070.08         0.42075 
        1071.52        0.434759 
        1074.36        0.463636 
        1075.04        0.470802 
         1077.2        0.494245 
        1079.36        0.518743 
        1080.61        0.533248 
        1081.53        0.544177 
        1082.44        0.555311 
        1082.65        0.557849 
        1084.28        0.578191 
         1085.9        0.599202 
        1088.95        0.640395 
        1089.16        0.643295 
        1089.37        0.646207 
        1089.78          0.6521 
        1090.19        0.657837 
        1090.62        0.664035 
        1092.28        0.688496 
        1094.37        0.720443 
        1096.46        0.753737 
        1097.74        0.774714 
        1098.56         0.78842 
        1099.37         0.80235 
        1101.01        0.830725 
        1104.17        0.888336 
        1104.27        0.890227 
        1104.37        0.892121 
        1104.58        0.895916 
        1104.98         0.90356 
        1105.41        0.911841 
        1105.78         0.91901 
        1107.39        0.950605 
        1109.38        0.990839 
        1111.36         1.03315 
         1112.3          1.0539 
        1113.34         1.07709 
        1113.52          1.0812 
        1114.38         1.10073 
        1116.45         1.14944 
        1118.68         1.20403 
        1119.38         1.22154 
        1120.08         1.23927 
        1121.47         1.27544 
        1123.78         1.33751 
        1124.25         1.35058 
        1124.73         1.36369 
        1125.68         1.39024 
        1125.79         1.39328 
        1127.08          1.4299 
        1127.59         1.44474 
        1127.85         1.45227 
        1129.38         1.49791 
        1129.77         1.50953 
        1131.69          1.5688 
        1133.62         1.63011 
        1135.54          1.6935 
        1139.39         1.82661 
        1142.08         1.92482 
        1143.23         1.96822 
           1144         1.99758 
        1144.39         2.01237 
         1146.7         2.10282 
        1149.39         2.21177 
        1154.39         2.42153 
        1159.39         2.63686 
        1164.39         2.85191 
        1169.39         3.06409 
         1171.9         3.16811 
        1173.15         3.22202 
         1174.4         3.27954 
        1175.65         3.34278 
         1176.9         3.41073 
        1177.86         3.46722 
        1178.15         3.48456 
         1179.4         3.56269 
        1180.94         3.66589 
        1182.47          3.7739 
        1182.86         3.80167 
        1184.01         3.88624 
        1185.17         3.97198 
        1185.56         4.00113 
        1187.48         4.14784 
         1189.4         4.29896 
        1192.09         4.51802 
        1193.24         4.61591 
        1194.03         4.68399 
         1194.4         4.71603 
        1196.72         4.92247 
         1196.9         4.93905 
         1199.4         5.16915 
         1201.9         5.41168 
         1204.4         5.67453 
         1206.9         5.95929 
        1208.48         6.14857 
         1209.4         6.26298 
        1210.33         6.37913 
        1211.64         6.54626 
        1212.16         6.61195 
        1212.69          6.6757 
        1213.61          6.7843 
        1213.74         6.79973 
        1213.81         6.80717 
        1213.88         6.81521 
        1214.14         6.84622 
        1214.17         6.85027 
        1214.47         6.88549 
        1214.62         6.90315 
        1214.76         6.92087 
        1214.84         6.92973 
        1214.91         6.93862 
        1214.95         6.94308 
        1214.98         6.94751 
           1215          6.9498 
        1215.02         6.95197 
        1215.04         6.95414 
        1215.06         6.95643 
        1215.08          6.9586 
         1215.1         6.96076 
        1215.11         6.96303 
        1215.13         6.96519 
        1215.17         6.96965 
        1215.24         6.97861 
        1215.39         6.99648 
        1215.64          7.0263 
        1215.69         7.03236 
        1215.74         7.03846 
         1215.8         7.04552 
        1215.84         7.05061 
        1216.04         7.07502 
        1216.06         7.07832 
        1216.28         7.10465 
        1216.76         7.16424 
        1217.46         7.25067 
        1218.32         7.35265 
        1218.86         7.41366 
        1218.98         7.42685 
        1219.41         7.47058 
        1219.83         7.51334 
         1220.1         7.54023 
        1220.67         7.59499 
        1222.36         7.76335 
        1224.62         8.01335 
        1226.88          8.2923 
        1228.86         8.55877 
        1229.13         8.59731 
        1229.41         8.63561 
        1229.74         8.68211 
        1229.96         8.71314 
        1230.18         8.74437 
        1230.62         8.80758 
        1231.49         8.93595 
        1231.69         8.96595 
        1233.24         9.19984 
        1234.79         9.44067 
        1236.38         9.69222 
        1237.89         9.93931 
        1239.41         10.1931 
        1240.47         10.3748 
        1242.44         10.7184 
        1244.41          11.074 
        1247.29          11.611 
        1248.35         11.8145 
        1248.65         11.8726 
        1249.41         12.0208 
        1251.53         12.4428 
        1251.91         12.5199 
        1254.41         13.0382 
        1256.91         13.5776 
        1259.41         14.1398 
        1261.91         14.7278 
        1264.41         15.3466 
        1266.91         16.0004 
        1269.41         16.6846 
        1271.91         17.4074 
        1274.41         18.1627 
        1276.91         18.9438 
        1279.42         19.7564 
        1281.92         20.5882 
        1284.42         21.4416 
        1286.92         22.3256 
        1289.42         23.2385 
        1294.42         25.1188 
        1296.92          26.104 
        1299.42         27.1232 
        1301.92         28.1914 
        1304.42         29.2965 
        1309.42         31.6016 
        1314.42         34.0165 
        1319.42          36.597 
        1321.92         37.9539 
        1324.42         39.3594 
        1326.92         40.8322 
        1329.42          42.354 
        1334.42         45.4771 
        1339.42          48.772 
        1341.92          50.486 
        1344.42         52.2535 
        1346.92         54.1108 
        1349.42         56.0319 
        1354.42         60.0588 
        1359.42         64.3448 
        1364.42         68.7924 
        1365.19          69.493 
        1369.42         73.4592 
        1373.65         77.6391 
        1376.35         80.4399 
        1377.88         82.0791 
        1379.42          83.752 
        1380.57         85.0244 
         1382.5         87.1874 
        1384.42         89.4069 
        1387.12         92.6066 
        1388.27         94.0043 
        1389.03         94.9364 
        1389.42         95.4205 
        1391.73         98.3095 
        1394.42         101.759 
        1399.42          108.33 
        1404.42         115.243 
        1409.42         122.558 
        1414.42         130.369 
        1419.42         138.699 
        1424.42         147.435 
        1429.42         156.604 
        1434.42         166.082 
        1439.42         175.982 
        1444.42         186.364 
        1449.42         197.459 
        1454.42         209.307 
        1459.42          221.79 
        1464.42          235.04 
        1465.96         239.288 
        1469.42         249.003 
        1472.88         258.879 
        1473.27         259.962 
        1474.42          263.24 
        1476.35         268.779 
        1479.42         277.767 
        1484.42         292.959 
        1489.42         308.827 
        1494.42         325.215 
        1499.42         342.562 
        1504.42         361.217 
        1509.42         381.094 
        1514.42         402.058 
        1519.42         424.153 
        1524.42         447.661 
        1529.42         472.442 
        1534.42         497.905 
        1539.42         523.606 
        1544.42         549.838 
        1549.42          576.69 
        1554.42         603.846 
        1559.42         631.212 
        1564.42         659.489 
        1566.72         673.074 
        1569.42         689.526 
        1570.19         694.311 
        1572.11         706.415 
        1574.41         721.376 
         1574.8         723.898 
        1579.41         754.922 
        1584.41         789.862 
        1589.41         826.185 
        1594.41         864.258 
        1599.41         904.703 
        1604.41         947.065 
        1609.41         992.658 
        1614.41         1041.49 
        1619.41         1094.13 
        1624.41         1150.88 
        1629.41         1212.22 
        1634.41         1277.77 
        1639.41         1347.73 
        1644.41         1420.17 
        1649.41         1494.29 
        1654.41         1569.58 
        1659.41         1646.33 
        1664.41         1724.67 
        1665.56         1743.16 
         1669.4         1804.99 
        1670.17         1817.48 
        1673.25         1867.75 
         1674.4         1886.97 
        1676.33         1918.99 
         1679.4         1971.15 
         1684.4         2058.26 
         1689.4         2149.34 
         1694.4         2244.61 
         1699.4         2342.88 
         1704.4         2445.34 
         1709.4         2549.54 
         1714.4         2657.49 
         1719.4         2769.56 
         1724.4          2885.9 
         1729.4         3004.98 
         1734.4         3128.38 
         1739.4         3254.97 
         1744.4         3385.32 
        1749.39          3517.7 
        1754.39         3654.11 
        1759.39          3794.2 
        1764.39         3938.68 
        1767.08         4018.32 
        1767.85         4041.34 
        1769.39         4087.65 
         1771.7         4158.21 
        1774.39         4242.25 
        1775.55         4278.72 
        1779.39         4402.13 
        1784.39         4569.01 
        1789.39         4741.45 
        1794.39         4916.25 
        1799.39          5097.3 
        1809.39         5473.82 
        1819.38         5873.24 
           1824         6064.72 
        1829.38         6294.59 
        1834.77         6531.62 
        1840.15         6774.75 
        1845.54         7025.23 
        1850.92         7284.51 
         1856.3         7554.74 
           1864         7951.09 
        1867.07         8113.01 
        1870.14         8277.56 
        1876.29          8618.9 
        1882.44          8971.7 
        1888.59         9336.37 
        1894.73         9713.11 
        1900.88         10100.8 
        1906.98         10498.9 
        1907.03           10502 
        1913.17         10916.7 
        1919.37         11348.2 
        1925.56         11787.8 
        1931.76         12243.9 
        1937.95         12729.4 
        1944.14         13213.5 
        1944.47         13239.6 
        1956.53         14242.5 
        1968.59         15285.3 
        1980.65         16386.8 
        1992.71         17550.3 
        2004.77         18779.2 
        2015.84         19967.5 
        2016.83         20076.3 
        2017.81         20185.5 
        2019.79         20406.7 
        2023.73         20862.1 
        2031.63         21789.3 
        2039.52         22729.3 
        2047.42         23700.7 
        2055.31         24704.5 
        2059.38         25234.6 
         2063.2         25741.5 
        2067.03         26256.3 
        2074.69         27317.8 
        2082.34         28412.9 
        2089.99         29542.7 
        2094.36         30201.9 
         2105.3         31908.2 
        2116.25         33689.8 
         2127.2         35552.8 
        2132.72         36534.2 
        2138.15         37526.6 
         2149.1         39550.8 
        2165.47         42726.3 
        2181.85         46089.7 
        2198.22         49655.7 
         2214.5         53409.9 
         2214.6         53432.8 
         2214.7         53456.1 
        2214.74         53466.8 
        2214.89         53501.6 
        2215.28         53593.4 
        2216.05         53776.8 
         2217.6         54144.7 
        2220.71           54878 
        2226.91         56364.6 
        2227.03         56393.8 
        2239.33         59426.1 
        2251.62         62554.1 
        2263.91         65809.1 
        2276.21         69341.9 
         2288.5         72956.9 
        2300.79         76699.8 
        2312.95         80603.2 
        2313.04           80634 
        2313.09         80649.4 
        2313.13         80664.8 
        2313.32         80724.2 
         2313.7         80843.5 
        2314.45         81082.3 
        2315.95         81561.4 
        2318.95         82525.6 
        2324.96         84478.7 
        2336.98         88557.1 
           2349         92870.5 
        2359.67         96846.5 
        2361.01         97355.1 
        2362.35         97884.5 
        2365.04         98953.6 
         2370.4          101123 
        2381.12          105591 
        2391.85          110235 
        2395.88          112116 
        2402.58          115340 
        2409.27          118672 
        2415.97          122118 
        2422.67          125693 
        2429.36          129609 
        2436.06          133690 
        2442.71          137873 
        2449.45          142262 
        2451.59          143691 
        2456.19          146815 
        2460.79          150410 
        2465.39          154036 
        2474.59          161657 
        2483.79          169721 
        2492.99          178368 
        2494.35          179743 
        2502.18          187802 
        2510.01          196150 
        2517.84          204424 
        2525.67          212852 
         2533.5          221760 
        2541.33          230953 
        2549.16          240459 
        2554.74          247350 
        2556.99          250150 
        2559.23          252969 
        2563.72          259278 
        2568.21          265723 
        2577.19          279075 
        2586.17          293010 
        2595.14          307465 
        2604.12          322459 
         2613.1          337969 
        2622.08          353812 
        2631.05          370133 
        2640.03          386937 
        2640.35          387544 
        2649.01          404282 
        2653.34          412890 
        2657.67          421611 
           2662          429010 
        2666.33          436452 
        2670.66          443935 
        2674.99          451463 
        2679.32          459037 
        2687.98          474293 
         2705.3          505419 
        2722.61          537285 
        2723.75          539405 
        2739.93          569901 
        2756.11          601185 
        2772.29          634828 
        2788.47          669379 
        2804.64          704860 
        2820.82          741362 
           2837          778810 
        2851.81          813936 
        2853.18          817213 
        2854.55          820499 
        2857.28          827640 
        2862.75          842013 
        2873.68          871161 
        2895.55          931269 
        2917.41          993802 
        2925.58      1.01785e+6 
        2939.28      1.05911e+6 
        2952.98      1.10134e+6 
        2980.39      1.18393e+6 
         3007.8      1.27004e+6 
        3018.99      1.30613e+6 
         3035.2      1.35937e+6 
        3043.31       1.3864e+6 
        3051.42      1.41365e+6 
        3059.53      1.44476e+6 
        3067.64      1.47625e+6 
        3075.74      1.50814e+6 
        3083.85      1.54042e+6 
        3100.07      1.60616e+6 
        3115.14       1.6689e+6 
         3132.5      1.74281e+6 
        3141.18      1.78042e+6 
        3149.86      1.81845e+6 
        3158.53      1.86088e+6 
        3167.21      1.90391e+6 
        3175.89      1.94745e+6 
        3184.57      1.99151e+6 
        3201.93      2.08114e+6 
        3224.99      2.20329e+6 
        3236.64      2.26635e+6 
        3242.47      2.29821e+6 
        3248.29      2.33026e+6 
        3254.12      2.35383e+6 
        3259.95      2.37748e+6 
        3265.78       2.4012e+6 
         3266.4      2.40375e+6 
         3271.6        2.425e+6 
        3283.26      2.47283e+6 
        3306.56      2.56935e+6 
        3346.73      2.73814e+6 
         3386.9      2.91285e+6 
        3408.95      3.00989e+6 
        3419.16        3.055e+6 
        3427.06      3.09008e+6 
        3445.17      3.17072e+6 
        3481.38      3.33075e+6 
        3495.92      3.39534e+6 
         3543.6      3.60809e+6 
        3591.28      3.82046e+6 
        3635.88      4.01854e+6 
        3638.96       4.0322e+6 
        3642.04      4.04612e+6 
        3643.12      4.05096e+6 
        3645.12      4.05997e+6 
        3645.28       4.0607e+6 
        3647.12      4.06899e+6 
        3648.96      4.07725e+6 
        3651.32      4.08787e+6 
        3652.64      4.09381e+6 
        3653.96      4.09972e+6 
        3654.24      4.10097e+6 
         3656.6      4.11156e+6 
        3658.96      4.12215e+6 
         3663.4      4.14203e+6 
        3663.68      4.14326e+6 
        3663.96      4.14451e+6 
        3664.52      4.14703e+6 
        3665.64      4.15202e+6 
         3666.8      4.15721e+6 
        3667.88      4.16201e+6 
        3668.28       4.1638e+6 
        3668.95      4.16685e+6 
        3671.11      4.17646e+6 
        3673.95      4.18913e+6 
         3675.2      4.19465e+6 
        3678.95      4.21134e+6 
        3682.58      4.22748e+6 
         3682.7      4.22802e+6 
        3682.82      4.22855e+6 
        3683.06      4.22962e+6 
        3683.18      4.23012e+6 
        3683.54      4.23173e+6 
         3684.5        4.236e+6 
        3684.82      4.23741e+6 
        3685.83      4.24187e+6 
        3686.83      4.24637e+6 
        3688.74      4.25482e+6 
        3688.85      4.25529e+6 
        3688.94       4.2557e+6 
        3688.95      4.25576e+6 
        3689.16      4.25667e+6 
        3689.38      4.25764e+6 
        3689.73      4.25921e+6 
        3689.82      4.25959e+6 
         3689.9      4.25997e+6 
        3690.07      4.26072e+6 
        3690.41      4.26223e+6 
        3690.62      4.26317e+6 
        3691.09      4.26521e+6 
        3691.47      4.26691e+6 
        3691.55      4.26729e+6 
         3691.7      4.26792e+6 
        3692.48       4.2714e+6 
         3693.5       4.2759e+6 
         3694.4      4.27985e+6 
         3695.3      4.28384e+6 
        3695.81      4.28607e+6 
         3696.2       4.2878e+6 
        3696.53      4.28925e+6 
        3696.59      4.28953e+6 
        3696.65      4.28978e+6 
        3696.67      4.28988e+6 
        3696.76      4.29028e+6 
        3696.77      4.29032e+6 
        3696.87      4.29079e+6 
        3696.93      4.29104e+6 
        3696.99      4.29129e+6 
        3697.04      4.29154e+6 
         3697.1      4.29176e+6 
        3697.15      4.29201e+6 
        3697.21      4.29226e+6 
        3697.26      4.29252e+6 
        3697.32      4.29277e+6 
        3697.35      4.29289e+6 
        3697.41      4.29314e+6 
        3697.43      4.29327e+6 
        3697.46      4.29339e+6 
         3697.5      4.29355e+6 
        3697.53      4.29368e+6 
        3697.58       4.2939e+6 
        3697.66      4.29424e+6 
        3697.82      4.29497e+6 
        3698.11      4.29622e+6 
        3698.43      4.29764e+6 
        3698.69       4.2988e+6 
        3698.89      4.29968e+6 
        3698.95      4.29993e+6 
        3699.01      4.30021e+6 
        3699.13      4.30075e+6 
        3699.37      4.30181e+6 
        3699.53      4.30251e+6 
        3699.86      4.30395e+6 
        3699.88      4.30404e+6 
        3700.19      4.30543e+6 
         3700.2      4.30546e+6 
         3700.5      4.30678e+6 
        3700.81      4.30813e+6 
        3700.84      4.30829e+6 
        3701.09      4.30939e+6 
        3701.42       4.3108e+6 
        3701.99      4.31334e+6 
        3702.44      4.31532e+6 
        3702.89       4.3173e+6 
        3703.12      4.31831e+6 
        3703.35      4.31928e+6 
        3703.46      4.31978e+6 
        3703.57      4.32029e+6 
        3703.63      4.32054e+6 
        3703.68      4.32079e+6 
        3703.74      4.32101e+6 
         3703.8      4.32126e+6 
        3703.85      4.32151e+6 
        3703.91      4.32176e+6 
        3703.97      4.32201e+6 
        3704.02      4.32227e+6 
        3704.09      4.32255e+6 
        3704.13      4.32274e+6 
        3704.18      4.32299e+6 
        3704.21      4.32308e+6 
        3704.22      4.32315e+6 
        3704.28      4.32343e+6 
        3704.31      4.32355e+6 
        3704.36      4.32374e+6 
        3704.41      4.32396e+6 
        3704.49      4.32431e+6 
        3704.57      4.32465e+6 
        3704.59      4.32475e+6 
        3704.69      4.32519e+6 
        3704.81      4.32572e+6 
        3705.05      4.32679e+6 
        3705.37       4.3282e+6 
        3705.54      4.32893e+6 
        3705.71      4.32968e+6 
        3706.05      4.33119e+6 
        3706.07      4.33125e+6 
        3706.73      4.33414e+6 
        3707.27       4.3365e+6 
        3707.39      4.33703e+6 
        3707.51       4.3376e+6 
        3707.61      4.33801e+6 
        3707.76      4.33867e+6 
        3707.91      4.33932e+6 
        3708.12      4.34024e+6 
        3708.21      4.34064e+6 
         3708.3      4.34102e+6 
        3708.49      4.34184e+6 
        3708.76      4.34306e+6 
        3708.85      4.34344e+6 
        3708.87      4.34353e+6 
        3708.95      4.34385e+6 
        3709.13      4.34463e+6 
        3709.21      4.34498e+6 
        3709.49      4.34624e+6 
        3710.11      4.34894e+6 
         3710.9      4.35243e+6 
        3711.01       4.3529e+6 
        3711.12      4.35337e+6 
        3711.21      4.35378e+6 
        3711.32      4.35425e+6 
        3711.34      4.35431e+6 
        3711.46      4.35488e+6 
        3711.52       4.3551e+6 
        3711.58      4.35535e+6 
         3711.6      4.35547e+6 
        3711.69      4.35585e+6 
        3711.75       4.3561e+6 
         3711.8      4.35635e+6 
        3711.86      4.35657e+6 
        3711.91      4.35682e+6 
        3711.97      4.35707e+6 
        3712.03      4.35733e+6 
        3712.08      4.35758e+6 
        3712.14      4.35783e+6 
         3712.2      4.35808e+6 
        3712.25       4.3583e+6 
         3712.3      4.35852e+6 
        3712.33      4.35865e+6 
        3712.33      4.35865e+6 
         3712.4      4.35896e+6 
        3712.48      4.35931e+6 
        3712.63      4.35997e+6 
        3712.93      4.36128e+6 
        3713.23      4.36257e+6 
        3713.53      4.36389e+6 
        3713.83      4.36521e+6 
        3714.24        4.367e+6 
        3714.42      4.36779e+6 
        3714.44      4.36785e+6 
        3714.64      4.36873e+6 
        3715.03      4.37043e+6 
        3715.64       4.3731e+6 
        3716.76        4.378e+6 
        3716.79      4.37809e+6 
        3716.86      4.37841e+6 
        3716.95      4.37881e+6 
        3717.14      4.37966e+6 
        3717.52       4.3813e+6 
        3718.19      4.38419e+6 
        3718.26       4.3845e+6 
        3718.33      4.38482e+6 
        3718.47      4.38541e+6 
        3718.56      4.38579e+6 
        3718.63      4.38613e+6 
        3718.73      4.38657e+6 
        3718.75      4.38664e+6 
        3718.94      4.38749e+6 
        3719.25      4.38884e+6 
        3719.47      4.38978e+6 
        3719.77       4.3911e+6 
        3720.07      4.39239e+6 
        3720.36      4.39349e+6 
        3720.52      4.39415e+6 
        3720.67      4.39471e+6 
        3720.98       4.3959e+6 
         3721.2      4.39672e+6 
        3721.43      4.39757e+6 
        3721.54      4.39798e+6 
        3721.66      4.39839e+6 
        3721.71      4.39861e+6 
        3721.77       4.3988e+6 
        3721.82      4.39902e+6 
        3721.88       4.3992e+6 
        3721.94      4.39942e+6 
        3721.99      4.39964e+6 
        3722.05      4.39983e+6 
        3722.11      4.40005e+6 
        3722.22      4.40046e+6 
         3722.4      4.40112e+6 
        3722.45      4.40131e+6 
         3722.5       4.4015e+6 
         3722.6      4.40184e+6 
         3722.7      4.40222e+6 
         3722.8       4.4026e+6 
         3722.9      4.40297e+6 
        3723.11      4.40373e+6 
        3723.23      4.40417e+6 
        3723.52      4.40524e+6 
        3723.81      4.40627e+6 
        3724.38      4.40838e+6 
        3725.45       4.4123e+6 
        3725.53      4.41259e+6 
        3725.62       4.4129e+6 
        3725.75       4.4134e+6 
        3725.78       4.4135e+6 
        3725.92        4.414e+6 
        3725.93      4.41403e+6 
        3726.11      4.41472e+6 
        3726.48      4.41604e+6 
        3727.04      4.41812e+6 
        3727.37      4.41928e+6 
        3728.15      4.42217e+6 
        3728.64      4.42393e+6 
        3728.94      4.42503e+6 
        3729.01      4.42528e+6 
        3729.24      4.42613e+6 
        3729.84      4.42833e+6 
        3730.68      4.43137e+6 
        3732.19       4.4369e+6 
        3732.34      4.43744e+6 
        3732.49      4.43797e+6 
        3732.79      4.43907e+6 
        3733.35      4.44111e+6 
        3733.38      4.44124e+6 
        3733.39      4.44127e+6 
         3733.4       4.4413e+6 
        3733.45      4.44146e+6 
        3733.55      4.44184e+6 
        3733.65      4.44218e+6 
        3733.75      4.44256e+6 
        3733.86      4.44293e+6 
           3734      4.44347e+6 
        3734.04      4.44363e+6 
        3734.06      4.44369e+6 
        3734.08      4.44375e+6 
        3734.13      4.44394e+6 
        3734.14      4.44397e+6 
        3734.16      4.44403e+6 
         3734.2      4.44416e+6 
        3734.25      4.44438e+6 
        3734.31      4.44457e+6 
        3734.37      4.44476e+6 
        3734.43      4.44498e+6 
        3734.48       4.4452e+6 
        3734.54      4.44542e+6 
        3734.65      4.44582e+6 
        3734.83      4.44648e+6 
        3734.88      4.44664e+6 
        3734.93      4.44683e+6 
        3735.03      4.44721e+6 
        3735.12      4.44755e+6 
        3735.17      4.44774e+6 
        3735.23      4.44793e+6 
        3735.33      4.44831e+6 
        3735.39      4.44853e+6 
        3735.49       4.4489e+6 
        3735.82      4.45007e+6 
           3736      4.45073e+6 
        3736.24      4.45161e+6 
        3736.49      4.45252e+6 
        3736.97      4.45428e+6 
        3737.83      4.45735e+6 
        3737.94      4.45779e+6 
        3738.06       4.4582e+6 
        3738.29      4.45905e+6 
        3738.59      4.46012e+6 
        3738.76      4.46078e+6 
        3738.94      4.46141e+6 
        3739.29      4.46266e+6 
         3739.5      4.46342e+6 
        3739.99      4.46521e+6 
        3740.48      4.46697e+6 
        3741.21      4.46964e+6 
        3741.45      4.47052e+6 
        3741.69       4.4714e+6 
        3742.09      4.47284e+6 
        3742.18      4.47313e+6 
        3742.26      4.47344e+6 
        3742.43      4.47404e+6 
        3742.67      4.47492e+6 
        3742.73      4.47514e+6 
        3742.76      4.47526e+6 
         3742.8      4.47539e+6 
        3742.86      4.47561e+6 
        3742.92      4.47583e+6 
        3743.17      4.47671e+6 
        3743.66       4.4785e+6 
        3744.62      4.48198e+6 
        3744.65      4.48211e+6 
        3746.45      4.48855e+6 
        3747.61      4.49276e+6 
        3748.27      4.49515e+6 
        3748.84      4.49722e+6 
         3748.9      4.49744e+6 
        3748.93      4.49754e+6 
        3748.96      4.49766e+6 
        3748.99      4.49772e+6 
        3749.08      4.49807e+6 
        3749.12       4.4982e+6 
        3749.18      4.49845e+6 
        3749.38      4.49914e+6 
        3749.41      4.49926e+6 
        3749.64      4.50008e+6 
        3749.75      4.50049e+6 
        3749.87       4.5009e+6 
        3749.92      4.50109e+6 
        3749.98      4.50127e+6 
        3750.04      4.50146e+6 
        3750.09      4.50165e+6 
        3750.15      4.50187e+6 
        3750.21      4.50209e+6 
        3750.27      4.50228e+6 
        3750.32       4.5025e+6 
        3750.44      4.50294e+6 
        3750.62       4.5036e+6 
        3750.66      4.50376e+6 
        3750.72      4.50394e+6 
        3750.82      4.50432e+6 
        3750.91      4.50467e+6 
        3751.02      4.50504e+6 
        3751.12      4.50542e+6 
        3751.33      4.50617e+6 
        3751.48      4.50671e+6 
        3751.76      4.50771e+6 
        3752.03      4.50872e+6 
        3752.59       4.5107e+6 
        3753.53      4.51409e+6 
         3753.7      4.51469e+6 
        3753.78        4.515e+6 
        3753.86      4.51529e+6 
        3754.18      4.51645e+6 
        3754.27      4.51676e+6 
        3754.84      4.51877e+6 
        3755.89      4.52257e+6 
        3756.09      4.52327e+6 
        3757.47      4.52826e+6 
        3757.51      4.52839e+6 
        3757.55      4.52851e+6 
        3758.93      4.53348e+6 
        3760.39      4.53869e+6 
        3761.66      4.54321e+6 
        3762.72      4.54702e+6 
        3763.23      4.54887e+6 
        3764.81      4.55449e+6 
        3765.07       4.5554e+6 
         3766.9      4.56194e+6 
        3768.55      4.56781e+6 
        3768.74      4.56847e+6 
        3768.93      4.56916e+6 
        3768.97      4.56932e+6 
         3769.2      4.57011e+6 
        3769.31      4.57055e+6 
        3769.66      4.57174e+6 
        3769.89      4.57256e+6 
        3770.11      4.57337e+6 
        3770.23      4.57375e+6 
        3770.34      4.57416e+6 
         3770.4      4.57435e+6 
        3770.46      4.57454e+6 
        3770.51      4.57472e+6 
        3770.57      4.57491e+6 
        3770.63       4.5751e+6 
        3770.69      4.57529e+6 
        3770.74      4.57554e+6 
         3770.8      4.57576e+6 
        3770.87      4.57601e+6 
        3770.92       4.5762e+6 
        3770.97      4.57639e+6 
        3770.99      4.57645e+6 
           3771      4.57652e+6 
        3771.07      4.57674e+6 
        3771.15      4.57702e+6 
         3771.3      4.57761e+6 
         3771.6      4.57868e+6 
        3771.89      4.57969e+6 
        3771.95      4.57991e+6 
        3772.21      4.58082e+6 
        3772.52      4.58195e+6 
        3773.15      4.58418e+6 
        3774.36      4.58845e+6 
         3775.5      4.59251e+6 
        3776.76        4.597e+6 
        3777.13      4.59829e+6 
        3778.03      4.60146e+6 
         3778.4      4.60278e+6 
        3778.93      4.60463e+6 
        3780.73      4.61101e+6 
        3781.84      4.61494e+6 
        3783.05      4.61921e+6 
        3783.16      4.61959e+6 
        3784.26      4.62348e+6 
        3785.37      4.62738e+6 
        3786.22      4.63039e+6 
         3787.4      4.63454e+6 
        3787.57      4.63514e+6 
        3788.92      4.63988e+6 
        3790.45      4.64522e+6 
        3792.84      4.65361e+6 
        3793.49       4.6559e+6 
        3794.14      4.65817e+6 
         3794.9       4.6608e+6 
        3795.07       4.6614e+6 
        3795.44      4.66272e+6 
        3795.99      4.66464e+6 
        3796.45      4.66624e+6 
        3796.92      4.66784e+6 
        3797.15      4.66863e+6 
        3797.38      4.66941e+6 
        3797.49      4.66979e+6 
        3797.61      4.67017e+6 
        3797.67      4.67035e+6 
        3797.72      4.67051e+6 
        3797.78      4.67067e+6 
        3797.84      4.67086e+6 
         3797.9      4.67101e+6 
        3797.96      4.67123e+6 
        3798.01      4.67149e+6 
        3798.07      4.67174e+6 
        3798.19      4.67221e+6 
        3798.37      4.67287e+6 
        3798.42      4.67306e+6 
        3798.47      4.67321e+6 
        3798.57      4.67359e+6 
        3798.66       4.6739e+6 
        3798.75      4.67425e+6 
        3798.77      4.67428e+6 
        3798.84      4.67453e+6 
        3798.88      4.67469e+6 
        3798.92      4.67485e+6 
        3799.05      4.67529e+6 
        3799.09      4.67544e+6 
        3799.43      4.67661e+6 
        3799.47      4.67676e+6 
         3799.8      4.67793e+6 
        3800.56       4.6806e+6 
        3801.65       4.6844e+6 
        3802.32      4.68672e+6 
        3803.83        4.692e+6 
        3805.35      4.69728e+6 
        3807.84      4.70592e+6 
        3808.38       4.7078e+6 
        3808.92      4.70969e+6 
           3810      4.71343e+6 
        3811.59      4.71892e+6 
        3812.16      4.72093e+6 
        3812.74      4.72294e+6 
         3813.9      4.72693e+6 
        3815.78      4.73341e+6 
        3816.09      4.73451e+6 
        3816.21      4.73491e+6 
        3816.64      4.73639e+6 
        3817.44      4.73922e+6 
         3817.5      4.73947e+6 
        3818.92      4.74446e+6 
        3820.39      4.74977e+6 
        3822.57      4.75753e+6 
        3823.35      4.76033e+6 
        3823.51      4.76093e+6 
        3824.13      4.76313e+6 
        3825.68      4.76872e+6 
         3826.8      4.77271e+6 
        3827.86      4.77648e+6 
        3828.91      4.78022e+6 
        3830.45      4.78571e+6 
        3831.02      4.78772e+6 
        3831.59      4.78973e+6 
           3832      4.79118e+6 
        3832.53      4.79303e+6 
        3832.73      4.79376e+6 
        3833.46      4.79633e+6 
        3833.93      4.79797e+6 
        3834.39       4.7996e+6 
        3834.63      4.80038e+6 
        3834.86      4.80117e+6 
        3834.97      4.80155e+6 
        3835.09      4.80189e+6 
        3835.15      4.80208e+6 
        3835.21      4.80221e+6 
        3835.27      4.80233e+6 
        3835.33      4.80246e+6 
        3835.38      4.80262e+6 
        3835.44      4.80287e+6 
         3835.5      4.80318e+6 
        3835.56      4.80346e+6 
        3835.63      4.80375e+6 
        3835.68      4.80397e+6 
        3835.73      4.80419e+6 
        3835.74      4.80425e+6 
        3835.77      4.80437e+6 
        3835.83      4.80456e+6 
        3835.91      4.80488e+6 
        3836.07      4.80551e+6 
        3836.38      4.80664e+6 
        3836.65      4.80761e+6 
        3836.98       4.8088e+6 
        3837.03      4.80899e+6 
        3837.31         4.81e+6 
        3837.97      4.81235e+6 
        3838.65      4.81474e+6 
        3838.91      4.81568e+6 
        3839.18      4.81663e+6 
         3839.7      4.81851e+6 
        3840.76      4.82219e+6 
        3842.75      4.82926e+6 
        3842.83      4.82951e+6 
        3842.87      4.82966e+6 
        3842.91      4.82979e+6 
        3843.07      4.83036e+6 
        3843.38      4.83146e+6 
           3844      4.83365e+6 
        3844.59      4.83573e+6 
        3845.25      4.83805e+6 
        3845.55      4.83909e+6 
        3845.91      4.84035e+6 
        3847.23        4.845e+6 
        3847.44      4.84575e+6 
        3848.91       4.8509e+6 
        3850.38      4.85602e+6 
        3851.98      4.86165e+6 
        3853.31       4.8663e+6 
        3854.64      4.87095e+6 
         3855.7      4.87465e+6 
         3857.3      4.88021e+6 
        3858.91       4.8858e+6 
        3862.01      4.89655e+6 
        3862.11      4.89693e+6 
        3862.22      4.89727e+6 
        3862.43      4.89803e+6 
        3862.85      4.89947e+6 
        3863.68      4.90236e+6 
        3865.17      4.90751e+6 
        3865.36      4.90817e+6 
        3865.56      4.90886e+6 
        3865.95      4.91022e+6 
        3866.73      4.91289e+6 
        3867.68      4.91615e+6 
        3868.29      4.91829e+6 
         3868.9      4.92039e+6 
        3870.13       4.9246e+6 
        3871.32      4.92872e+6 
        3872.59      4.93305e+6 
        3873.85      4.93739e+6 
        3876.32      4.94587e+6 
        3876.37        4.946e+6 
        3876.37      4.94603e+6 
        3876.37      4.94603e+6 
        3876.42      4.94619e+6 
        3876.52      4.94653e+6 
        3876.72      4.94722e+6 
        3876.95      4.94798e+6 
        3877.12      4.94857e+6 
        3877.92      4.95131e+6 
         3878.9      4.95464e+6 
        3880.29      4.95938e+6 
        3880.85       4.9613e+6 
        3881.42      4.96321e+6 
        3882.55      4.96702e+6 
         3884.4      4.97327e+6 
         3884.8      4.97465e+6 
        3884.92      4.97506e+6 
         3885.2        4.976e+6 
        3886.01       4.9787e+6 
        3886.15      4.97917e+6 
         3887.1      4.98228e+6 
        3887.57      4.98382e+6 
        3888.04      4.98536e+6 
        3888.28      4.98608e+6 
        3888.52      4.98678e+6 
        3888.63      4.98712e+6 
        3888.75       4.9874e+6 
        3888.84      4.98756e+6 
        3888.87      4.98759e+6 
        3888.87      4.98759e+6 
         3888.9      4.98762e+6 
        3888.93      4.98762e+6 
        3888.99      4.98769e+6 
        3889.05      4.98781e+6 
        3889.11      4.98806e+6 
        3889.17      4.98844e+6 
        3889.22      4.98879e+6 
        3889.29      4.98916e+6 
        3889.34      4.98938e+6 
        3889.39      4.98963e+6 
        3889.41       4.9897e+6 
        3889.45      4.98985e+6 
        3889.49      4.99004e+6 
        3889.58      4.99039e+6 
        3889.75      4.99105e+6 
        3890.05      4.99215e+6 
        3890.32      4.99309e+6 
        3890.47      4.99366e+6 
        3890.66      4.99432e+6 
           3891      4.99551e+6 
        3891.68      4.99787e+6 
        3892.89      5.00201e+6 
        3893.94      5.00559e+6 
        3894.46      5.00732e+6 
        3895.31      5.01021e+6 
        3896.22      5.01329e+6 
        3896.68      5.01483e+6 
        3898.89      5.02231e+6 
         3899.6      5.02469e+6 
        3901.57      5.03129e+6 
        3903.89      5.03908e+6 
        3904.25      5.04025e+6 
        3908.89      5.05573e+6 
        3913.89      5.07229e+6 
        3918.89       5.0901e+6 
        3923.89      5.10804e+6 
        3928.22      5.12347e+6 
        3928.35      5.12397e+6 
        3928.89      5.12589e+6 
        3929.56      5.12827e+6 
         3930.9      5.13302e+6 
        3933.45      5.14206e+6 
        3935.81      5.15036e+6 
        3937.35      5.15579e+6 
        3938.89       5.1612e+6 
        3940.04      5.16522e+6 
        3941.96      5.17194e+6 
        3943.88      5.17866e+6 
        3946.58      5.18803e+6 
        3947.73      5.19202e+6 
        3948.88      5.19601e+6 
        3950.65       5.2021e+6 
        3951.01      5.20336e+6 
        3951.19      5.20395e+6 
        3951.72      5.20578e+6 
        3952.78      5.20942e+6 
        3954.55      5.21548e+6 
        3957.31      5.22485e+6 
        3958.09      5.22752e+6 
        3958.62      5.22931e+6 
        3958.88      5.23015e+6 
        3960.45      5.23546e+6 
        3962.28      5.24156e+6 
        3965.74      5.25296e+6 
        3965.94      5.25362e+6 
        3966.15      5.25428e+6 
        3966.56       5.2556e+6 
        3966.68      5.25598e+6 
        3967.28      5.25793e+6 
        3967.38      5.25824e+6 
        3968.08      5.26044e+6 
        3968.71      5.26239e+6 
        3968.88      5.26286e+6 
        3969.05      5.26336e+6 
        3969.23      5.26386e+6 
        3969.29      5.26402e+6 
        3969.38      5.26427e+6 
        3969.53      5.26462e+6 
        3969.65      5.26487e+6 
        3969.77      5.26503e+6 
        3969.83      5.26506e+6 
        3969.89      5.26503e+6 
        3969.95      5.26493e+6 
        3970.01      5.26481e+6 
        3970.07      5.26484e+6 
        3970.13      5.26522e+6 
        3970.19      5.26575e+6 
        3970.25      5.26628e+6 
        3970.32      5.26679e+6 
        3970.37      5.26707e+6 
        3970.42      5.26735e+6 
        3970.43      5.26741e+6 
        3970.49      5.26773e+6 
        3970.52      5.26789e+6 
        3970.61      5.26829e+6 
         3970.8      5.26908e+6 
         3971.1       5.2703e+6 
        3971.33      5.27125e+6 
        3971.59      5.27222e+6 
         3971.7      5.27263e+6 
        3972.06      5.27398e+6 
        3972.79      5.27662e+6 
        3973.99      5.28092e+6 
        3974.94      5.28425e+6 
         3976.4      5.28937e+6 
        3976.84      5.29094e+6 
        3977.86      5.29446e+6 
        3978.87      5.29795e+6 
        3979.58      5.30037e+6 
         3980.9      5.30492e+6 
        3982.23      5.30948e+6 
        3984.18      5.31611e+6 
        3984.88       5.3185e+6 
        3985.12      5.31928e+6 
        3985.59      5.32085e+6 
        3986.99       5.3256e+6 
        3988.87      5.33191e+6 
        3991.38       5.3403e+6 
        3992.62      5.34445e+6 
        3993.85      5.34853e+6 
        3993.87      5.34859e+6 
        3996.36      5.35682e+6 
        3998.87      5.36512e+6 
        4003.87      5.38152e+6 
        4008.87      5.39779e+6 
        4013.86      5.41419e+6 
        4018.86      5.43084e+6 
        4023.86      5.44736e+6 
        4025.34      5.45223e+6 
        4028.86      5.46376e+6 
        4032.38      5.47523e+6 
        4032.95      5.47708e+6 
        4033.86      5.48004e+6 
         4035.9      5.48667e+6 
        4038.86      5.49618e+6 
        4043.86      5.51221e+6 
        4048.86      5.52807e+6 
        4053.86      5.54381e+6 
        4058.85      5.55939e+6 
        4063.85      5.57479e+6 
        4068.85      5.58996e+6 
        4073.85      5.60488e+6 
        4075.42       5.6095e+6 
        4078.85      5.61949e+6 
        4082.28      5.62923e+6 
        4082.56      5.63002e+6 
           4084      5.63404e+6 
         4085.7      5.63872e+6 
        4088.84      5.64711e+6 
         4089.7      5.64931e+6 
        4093.69      5.65933e+6 
        4096.52      5.66596e+6 
        4097.68       5.6686e+6 
        4098.01      5.66935e+6 
        4098.68      5.67079e+6 
        4098.84      5.67114e+6 
        4099.68       5.6729e+6 
        4100.17      5.67387e+6 
        4100.67      5.67472e+6 
        4100.92      5.67504e+6 
        4101.17      5.67522e+6 
         4101.3      5.67522e+6 
        4101.42      5.67507e+6 
        4101.48      5.67488e+6 
        4101.55       5.6745e+6 
        4101.61      5.67397e+6 
        4101.67       5.6734e+6 
        4101.73      5.67315e+6 
         4101.8      5.67378e+6 
        4101.86      5.67472e+6 
        4101.92      5.67563e+6 
        4102.05      5.67689e+6 
         4102.3      5.67852e+6 
        4102.74      5.68072e+6 
        4102.79      5.68094e+6 
        4102.85      5.68116e+6 
        4102.94      5.68157e+6 
        4103.15      5.68242e+6 
         4103.3      5.68302e+6 
        4103.55      5.68402e+6 
        4103.79      5.68499e+6 
        4104.29      5.68688e+6 
        4104.78      5.68873e+6 
        4105.29      5.69059e+6 
        4105.79      5.69241e+6 
        4106.79      5.69605e+6 
        4108.68      5.70278e+6 
        4108.76      5.70303e+6 
         4108.8      5.70318e+6 
        4108.84      5.70331e+6 
        4108.86       5.7034e+6 
           4109      5.70391e+6 
        4109.32       5.7051e+6 
        4109.78       5.7068e+6 
         4110.7      5.71016e+6 
        4111.32      5.71239e+6 
        4112.55      5.71679e+6 
        4113.77      5.72115e+6 
        4114.69      5.72433e+6 
        4116.23      5.72964e+6 
        4116.69      5.73124e+6 
        4117.77      5.73485e+6 
        4118.13      5.73608e+6 
        4118.84      5.73846e+6 
        4120.98      5.74556e+6 
        4123.84      5.75486e+6 
        4126.14      5.76225e+6 
        4128.84      5.77076e+6 
         4129.6      5.77318e+6 
        4131.53      5.77915e+6 
        4133.83      5.78628e+6 
        4134.22      5.78747e+6 
        4138.83      5.80155e+6 
        4143.83      5.81656e+6 
        4148.83      5.83139e+6 
        4153.83        5.846e+6 
        4158.83      5.86048e+6 
        4163.83      5.87481e+6 
        4168.82      5.88895e+6 
        4173.82      5.90296e+6 
        4178.82      5.91684e+6 
        4183.82      5.93057e+6 
        4188.82      5.94414e+6 
        4193.82      5.95759e+6 
        4198.82      5.97091e+6 
        4203.81      5.98407e+6 
        4208.81       5.9973e+6 
        4213.81      6.01056e+6 
        4216.52      6.01769e+6 
        4217.24      6.01957e+6 
        4218.81      6.02366e+6 
         4221.1      6.02963e+6 
        4223.81      6.03663e+6 
        4224.95      6.03959e+6 
        4228.81      6.04945e+6 
        4233.81      6.06211e+6 
        4238.81      6.07465e+6 
        4243.81      6.08702e+6 
         4248.8      6.09925e+6 
         4253.8      6.11131e+6 
         4258.8      6.12322e+6 
         4263.8      6.13496e+6 
         4268.8      6.14653e+6 
         4273.8       6.1579e+6 
         4278.8      6.16905e+6 
        4283.79      6.18002e+6 
        4288.79      6.19067e+6 
        4293.79      6.20103e+6 
        4298.79      6.21102e+6 
        4303.79      6.22048e+6 
        4308.79      6.22893e+6 
        4313.79       6.2365e+6 
        4314.07      6.23691e+6 
        4318.78      6.24275e+6 
        4320.85       6.2448e+6 
         4323.5      6.24687e+6 
        4326.14      6.24816e+6 
        4326.48      6.24825e+6 
        4328.78       6.2485e+6 
        4330.23      6.24825e+6 
        4331.09      6.24794e+6 
        4331.15      6.24794e+6 
        4331.95      6.24753e+6 
        4333.66      6.24637e+6 
        4334.06      6.24605e+6 
        4336.17      6.24407e+6 
        4337.79      6.24234e+6 
        4338.22      6.24184e+6 
        4338.28      6.24175e+6 
        4338.78      6.24109e+6 
        4338.81      6.24106e+6 
        4339.34      6.24011e+6 
         4339.6      6.23942e+6 
        4339.87      6.23842e+6 
           4340      6.23763e+6 
        4340.13      6.23647e+6 
         4340.2      6.23562e+6 
        4340.26      6.23433e+6 
        4340.33      6.23245e+6 
         4340.4      6.23056e+6 
        4340.46      6.22968e+6 
        4340.53      6.23081e+6 
        4340.59      6.23295e+6 
        4340.66      6.23509e+6 
        4340.79      6.23776e+6 
        4341.01      6.24024e+6 
        4341.06      6.24068e+6 
         4341.1      6.24112e+6 
         4341.2       6.2419e+6 
        4341.23      6.24206e+6 
        4341.24      6.24216e+6 
         4341.4      6.24329e+6 
        4341.58      6.24442e+6 
        4341.94      6.24646e+6 
        4342.64       6.2501e+6 
        4343.33      6.25356e+6 
        4343.57      6.25475e+6 
        4344.04      6.25705e+6 
        4344.75      6.26053e+6 
        4346.17      6.26738e+6 
        4348.58       6.2785e+6 
        4348.78      6.27938e+6 
        4348.98      6.28026e+6 
        4349.37      6.28202e+6 
        4350.17      6.28542e+6 
        4350.32      6.28608e+6 
        4351.76      6.29195e+6 
         4353.2      6.29754e+6 
        4354.73      6.30317e+6 
        4356.08      6.30782e+6 
        4356.08      6.30782e+6 
        4357.43      6.31228e+6 
        4358.77      6.31655e+6 
        4359.17      6.31777e+6 
        4361.47      6.32431e+6 
        4363.77      6.33065e+6 
        4367.98       6.3414e+6 
        4368.38      6.34234e+6 
        4368.52      6.34272e+6 
        4368.77      6.34332e+6 
        4369.56       6.3452e+6 
        4371.15      6.34888e+6 
        4373.77      6.35481e+6 
        4378.77      6.36553e+6 
        4383.77      6.37567e+6 
        4388.77      6.38538e+6 
        4393.77      6.39474e+6 
        4398.76      6.40385e+6 
        4403.76      6.41114e+6 
        4408.76      6.41765e+6 
        4413.76      6.42402e+6 
        4418.76      6.43031e+6 
        4423.76      6.43646e+6 
        4428.76      6.44253e+6 
        4433.75      6.44853e+6 
        4438.75       6.4544e+6 
        4443.75      6.46025e+6 
        4448.75      6.46599e+6 
        4453.75      6.47168e+6 
        4458.75       6.4773e+6 
        4463.75      6.48286e+6 
        4468.74      6.48836e+6 
        4473.74      6.49377e+6 
        4478.74      6.49914e+6 
        4483.74      6.50445e+6 
        4488.74      6.50969e+6 
        4493.74      6.51488e+6 
        4498.74      6.52107e+6 
        4503.74      6.52967e+6 
        4508.73      6.53813e+6 
        4513.73      6.54642e+6 
        4514.12      6.54705e+6 
        4518.73      6.55459e+6 
        4523.35      6.56197e+6 
        4527.19      6.56803e+6 
        4527.96      6.56923e+6 
        4528.73      6.57045e+6 
        4530.27      6.57284e+6 
        4532.97      6.57699e+6 
        4533.29      6.57749e+6 
        4533.35      6.57758e+6 
        4533.73      6.57818e+6 
        4534.49      6.57931e+6 
        4536.01      6.58164e+6 
        4538.73      6.58575e+6 
        4543.73       6.5932e+6 
        4548.72      6.60052e+6 
        4553.72      6.60768e+6 
        4558.72      6.61475e+6 
        4563.72      6.62166e+6 
        4568.72      6.62845e+6 
        4573.72      6.63511e+6 
        4578.72      6.64164e+6 
        4583.72      6.64805e+6 
        4588.71      6.65433e+6 
        4593.71      6.66052e+6 
        4596.53      6.66344e+6 
        4596.98      6.66391e+6 
        4598.71      6.66571e+6 
        4600.89       6.6679e+6 
        4603.71       6.6707e+6 
         4604.8      6.67177e+6 
        4608.71       6.6756e+6 
        4613.71      6.68041e+6 
         4618.7      6.68512e+6 
         4623.7      6.68977e+6 
         4628.7      6.69436e+6 
         4633.7      6.69885e+6 
         4638.7      6.70325e+6 
         4643.7      6.70758e+6 
         4648.7      6.71182e+6 
         4653.7        6.716e+6 
        4658.69      6.72009e+6 
        4663.69      6.72411e+6 
        4668.69      6.72803e+6 
        4673.69       6.7319e+6 
        4678.69      6.73567e+6 
        4683.69      6.73938e+6 
        4688.69      6.74299e+6 
        4693.69      6.74638e+6 
        4698.68      6.74952e+6 
        4703.68      6.75257e+6 
        4708.68      6.75556e+6 
        4713.68      6.75848e+6 
         4715.6      6.75958e+6 
        4718.68       6.7613e+6 
        4720.98      6.76259e+6 
        4721.76        6.763e+6 
        4723.68      6.76407e+6 
        4724.83       6.7647e+6 
        4728.68      6.76674e+6 
        4733.68      6.76935e+6 
        4738.67      6.77183e+6 
        4743.67      6.77425e+6 
        4748.67      6.77657e+6 
        4753.67      6.77877e+6 
        4758.67      6.78088e+6 
        4763.67      6.78282e+6 
        4768.67      6.78465e+6 
        4773.66      6.78631e+6 
        4778.66      6.78782e+6 
        4783.66      6.78908e+6 
        4788.66      6.79008e+6 
        4793.66      6.79071e+6 
        4798.66      6.79096e+6 
        4803.66      6.79077e+6 
        4808.65      6.78992e+6 
        4813.65      6.78832e+6 
        4818.65      6.78562e+6 
        4823.65      6.78147e+6 
        4828.65      6.77525e+6 
        4833.65      6.76605e+6 
        4834.97      6.76297e+6 
        4838.65      6.75254e+6 
        4839.16      6.75084e+6 
        4842.32      6.73878e+6 
        4845.48      6.72339e+6 
         4845.5      6.72329e+6 
        4847.05      6.71431e+6 
        4848.64        6.704e+6 
        4851.78      6.68019e+6 
        4854.39       6.6571e+6 
        4856.52      6.63665e+6 
         4858.4      6.61814e+6 
        4858.64      6.61575e+6 
        4858.66      6.61553e+6 
        4858.88      6.61334e+6 
        4859.36       6.6084e+6 
        4859.47      6.60724e+6 
        4860.06      6.60049e+6 
        4860.36      6.59643e+6 
        4860.66      6.59128e+6 
        4860.81      6.58783e+6 
        4860.95      6.58302e+6 
        4861.03      6.57956e+6 
         4861.1      6.57463e+6 
        4861.18       6.5675e+6 
        4861.25      6.56005e+6 
        4861.32      6.55619e+6 
         4861.4      6.56012e+6 
        4861.47      6.56769e+6 
        4861.54      6.57476e+6 
        4861.64      6.58101e+6 
        4861.69      6.58311e+6 
        4861.69      6.58318e+6 
        4861.69      6.58327e+6 
        4861.69      6.58343e+6 
        4861.74      6.58516e+6 
        4861.84      6.58823e+6 
        4861.98      6.59156e+6 
        4861.99      6.59172e+6 
        4862.28      6.59703e+6 
        4862.58      6.60137e+6 
         4862.6      6.60159e+6 
        4863.18      6.60859e+6 
        4863.73      6.61462e+6 
        4863.76        6.615e+6 
        4864.93      6.62732e+6 
        4866.13      6.63988e+6 
        4868.41      6.66332e+6 
        4868.53      6.66445e+6 
        4868.64      6.66555e+6 
        4868.86      6.66778e+6 
        4869.32      6.67215e+6 
        4869.58      6.67469e+6 
        4870.22      6.68066e+6 
        4870.86      6.68647e+6 
        4872.13      6.69747e+6 
        4874.62      6.71676e+6 
        4874.69       6.7172e+6 
        4874.75      6.71764e+6 
        4874.87      6.71852e+6 
        4875.12      6.72024e+6 
        4875.61      6.72364e+6 
        4876.61      6.73008e+6 
        4878.45      6.74101e+6 
        4878.54      6.74151e+6 
        4878.59      6.74176e+6 
        4878.64      6.74201e+6 
        4878.82      6.74302e+6 
        4879.19        6.745e+6 
        4879.53      6.74676e+6 
        4879.92      6.74877e+6 
        4880.32      6.75075e+6 
        4880.94      6.75373e+6 
        4881.12      6.75455e+6 
        4882.71      6.76156e+6 
        4884.48      6.76853e+6 
         4887.4      6.77843e+6 
        4888.02      6.78028e+6 
        4888.63       6.7821e+6 
        4889.87      6.78549e+6 
        4891.06      6.78851e+6 
        4892.35      6.79156e+6 
        4893.63      6.79442e+6 
        4893.78       6.7947e+6 
         4896.2      6.79947e+6 
        4898.63      6.80368e+6 
        4903.34      6.81047e+6 
        4903.48      6.81066e+6 
        4903.63      6.81085e+6 
        4903.92      6.81119e+6 
         4904.5      6.81192e+6 
        4905.66       6.8133e+6 
        4907.33      6.81515e+6 
        4907.98      6.81584e+6 
        4908.63       6.8165e+6 
        4909.93      6.81779e+6 
        4911.43      6.81917e+6 
        4912.53      6.82015e+6 
        4913.01      6.82055e+6 
        4913.63      6.82106e+6 
        4915.55       6.8226e+6 
        4915.82      6.82282e+6 
        4918.24      6.82458e+6 
        4918.63      6.82486e+6 
         4921.7      6.82684e+6 
        4923.62        6.828e+6 
        4925.16      6.82888e+6 
        4928.62       6.8307e+6 
        4933.62      6.83303e+6 
        4938.62      6.83507e+6 
        4943.62      6.83683e+6 
        4948.62      6.83843e+6 
        4953.62      6.83984e+6 
        4958.61       6.8411e+6 
        4963.61      6.84226e+6 
        4968.61      6.84327e+6 
        4973.61      6.84421e+6 
        4978.61      6.84506e+6 
        4983.61      6.84578e+6 
        4988.61      6.84638e+6 
        4993.61      6.84691e+6 
         4998.6      6.84738e+6 
         5003.6      6.84779e+6 
         5008.6      6.84814e+6 
         5013.6      6.84842e+6 
         5018.6      6.84864e+6 
         5023.6      6.84883e+6 
         5028.6      6.84899e+6 
         5033.6      6.84908e+6 
        5038.59      6.84914e+6 
        5043.59      6.84914e+6 
        5048.59      6.84911e+6 
        5053.59      6.84902e+6 
        5058.59      6.84892e+6 
        5063.59      6.84877e+6 
        5068.59      6.84858e+6 
        5073.58      6.84833e+6 
        5078.58      6.84804e+6 
        5083.58       6.8476e+6 
        5088.58      6.84707e+6 
        5093.58       6.8465e+6 
        5098.58      6.84591e+6 
        5103.58      6.84528e+6 
        5108.57      6.84462e+6 
        5113.57      6.84393e+6 
        5118.57      6.84321e+6 
        5123.57      6.84245e+6 
        5128.57      6.84167e+6 
        5133.57      6.84085e+6 
        5138.57         6.84e+6 
        5143.57      6.83915e+6 
        5148.56      6.83824e+6 
        5153.56       6.8373e+6 
        5158.56      6.83636e+6 
        5163.56      6.83535e+6 
        5168.56      6.83435e+6 
        5173.56      6.83331e+6 
        5178.56      6.83218e+6 
        5183.56      6.83098e+6 
        5188.55      6.82973e+6 
        5193.55      6.82844e+6 
        5198.55      6.82715e+6 
        5203.55      6.82583e+6 
        5208.55      6.82448e+6 
        5213.55       6.8231e+6 
        5218.55      6.82169e+6 
        5223.54      6.82027e+6 
        5228.54      6.81883e+6 
        5233.54      6.81735e+6 
        5238.54      6.81584e+6 
        5243.54       6.8143e+6 
        5248.54      6.81276e+6 
        5253.54      6.81119e+6 
        5258.53      6.80959e+6 
        5263.53      6.80796e+6 
        5268.53      6.80632e+6 
        5273.53      6.80466e+6 
        5278.53      6.80346e+6 
        5283.53       6.8023e+6 
        5288.53      6.80111e+6 
        5293.52      6.79985e+6 
        5298.52      6.79859e+6 
        5303.52      6.79728e+6 
        5308.52      6.79596e+6 
        5313.52      6.79457e+6 
        5318.52      6.79316e+6 
        5323.52      6.79171e+6 
        5328.52      6.79024e+6 
        5333.52      6.78873e+6 
        5338.51      6.78719e+6 
        5343.51      6.78562e+6 
        5348.51      6.78402e+6 
        5353.51      6.78238e+6 
        5358.51      6.78072e+6 
        5363.51      6.77921e+6 
        5368.51      6.77745e+6 
         5373.5      6.77547e+6 
         5378.5      6.77315e+6 
         5383.5      6.77079e+6 
         5388.5      6.76844e+6 
         5393.5      6.76605e+6 
         5398.5      6.76366e+6 
         5403.5      6.76121e+6 
        5408.49      6.75879e+6 
        5413.49      6.75631e+6 
        5418.49      6.75383e+6 
        5423.49      6.75131e+6 
        5428.49       6.7488e+6 
        5433.49      6.74626e+6 
        5438.49      6.74368e+6 
        5443.48       6.7411e+6 
        5448.48       6.7385e+6 
        5453.48      6.73589e+6 
        5458.48      6.73325e+6 
        5463.48      6.73058e+6 
        5468.48      6.72791e+6 
        5473.48      6.72555e+6 
        5478.48       6.7232e+6 
        5483.48      6.72078e+6 
        5488.47      6.71836e+6 
        5493.47      6.71594e+6 
        5498.47      6.71349e+6 
        5503.47      6.71101e+6 
        5508.47      6.70849e+6 
        5513.47      6.70595e+6 
        5518.47       6.7034e+6 
        5523.46      6.70086e+6 
        5528.46      6.69825e+6 
        5533.46      6.69564e+6 
        5538.46      6.69304e+6 
        5543.46      6.69037e+6 
        5548.46       6.6877e+6 
        5553.46      6.68503e+6 
        5558.45      6.68232e+6 
        5563.45      6.67959e+6 
        5568.45      6.67683e+6 
        5573.45      6.67406e+6 
        5578.45      6.67123e+6 
        5583.45      6.66844e+6 
        5588.45      6.66558e+6 
        5593.44      6.66275e+6 
        5598.44      6.65986e+6 
        5603.44      6.65697e+6 
        5608.44      6.65405e+6 
        5613.44      6.65113e+6 
        5618.44      6.64818e+6 
        5623.44      6.64522e+6 
        5628.44      6.64224e+6 
        5633.43      6.63922e+6 
        5638.43      6.63621e+6 
        5643.43      6.63316e+6 
        5648.43      6.63011e+6 
        5653.43      6.62703e+6 
        5658.43      6.62395e+6 
        5663.43      6.62084e+6 
        5668.43      6.61795e+6 
        5673.42      6.61478e+6 
        5673.98      6.61443e+6 
        5678.42      6.61164e+6 
        5682.86      6.60881e+6 
         5686.2      6.60668e+6 
        5687.31      6.60595e+6 
        5687.86      6.60561e+6 
        5688.42      6.60523e+6 
        5690.64      6.60382e+6 
        5693.42      6.60203e+6 
        5698.42      6.59879e+6 
        5703.41      6.59555e+6 
        5704.77      6.59467e+6 
        5708.41      6.59229e+6 
        5708.88      6.59197e+6 
        5712.06       6.5899e+6 
        5713.41      6.58902e+6 
        5715.23      6.58779e+6 
        5718.41      6.58572e+6 
        5723.41      6.58239e+6 
        5728.41      6.57906e+6 
        5733.41      6.57573e+6 
        5738.41      6.57237e+6 
         5743.4      6.56901e+6 
         5748.4      6.56561e+6 
         5753.4      6.56222e+6 
         5758.4       6.5588e+6 
         5763.4      6.55434e+6 
         5768.4      6.55088e+6 
         5773.4      6.54739e+6 
         5778.4      6.54391e+6 
        5783.39      6.54039e+6 
        5788.39      6.53687e+6 
        5793.39      6.53335e+6 
        5798.39       6.5298e+6 
        5803.39      6.52625e+6 
        5808.39      6.52267e+6 
        5813.39      6.51909e+6 
        5818.39      6.51547e+6 
        5823.38      6.51186e+6 
        5828.38      6.50822e+6 
        5833.38      6.50457e+6 
        5838.38      6.50093e+6 
        5843.38      6.49725e+6 
        5848.38      6.49358e+6 
        5853.38      6.48987e+6 
        5858.37      6.48616e+6 
        5863.37      6.48246e+6 
        5868.37      6.47872e+6 
        5873.37      6.47498e+6 
        5878.37      6.47121e+6 
        5883.37      6.46744e+6 
        5888.37      6.46367e+6 
        5893.36      6.45987e+6 
        5898.36      6.45607e+6 
        5903.36      6.45223e+6 
        5908.36       6.4484e+6 
        5913.36      6.44457e+6 
        5918.36       6.4407e+6 
        5923.36      6.43684e+6 
        5928.35      6.43295e+6 
        5933.35      6.42905e+6 
        5938.35      6.42515e+6 
        5943.35      6.42123e+6 
        5948.35       6.4173e+6 
        5953.35      6.41337e+6 
        5958.35      6.40938e+6 
        5963.35      6.40539e+6 
        5968.34       6.4014e+6 
        5973.34      6.39741e+6 
        5978.34      6.39339e+6 
        5983.34      6.38937e+6 
        5988.34      6.38532e+6 
        5993.34      6.38127e+6 
        5998.34      6.37721e+6 
        6003.34      6.37313e+6 
        6008.33      6.36905e+6 
        6013.33      6.36493e+6 
        6018.33      6.36085e+6 
        6023.33      6.35673e+6 
        6028.33      6.35258e+6 
        6033.33      6.34844e+6 
        6038.32      6.34429e+6 
        6043.32      6.34014e+6 
        6048.32      6.33596e+6 
        6053.32      6.33179e+6 
        6058.32      6.32758e+6 
        6063.32      6.32337e+6 
        6068.32      6.31916e+6 
        6073.32      6.31492e+6 
        6078.31      6.31067e+6 
        6083.31      6.30643e+6 
        6088.31      6.30219e+6 
        6093.31      6.29792e+6 
        6098.31      6.29365e+6 
        6103.31      6.28934e+6 
        6108.31      6.28504e+6 
        6113.31      6.28073e+6 
         6118.3       6.2764e+6 
         6123.3      6.27206e+6 
         6128.3      6.26773e+6 
         6133.3      6.26339e+6 
         6138.3      6.25903e+6 
         6143.3      6.25466e+6 
         6148.3      6.25026e+6 
        6153.29      6.24586e+6 
        6158.29      6.24146e+6 
        6163.29      6.23704e+6 
        6168.29      6.23261e+6 
        6173.29      6.22818e+6 
        6178.29      6.22371e+6 
        6183.29      6.21925e+6 
        6188.28      6.21479e+6 
        6193.28       6.2103e+6 
        6198.28      6.20581e+6 
        6203.28      6.20128e+6 
        6208.28      6.19679e+6 
        6213.28      6.19224e+6 
        6218.28      6.18771e+6 
        6223.28      6.18316e+6 
        6228.27       6.1786e+6 
        6233.27      6.17401e+6 
        6238.27      6.16943e+6 
        6243.27      6.16481e+6 
        6244.38       6.1638e+6 
        6248.27      6.16019e+6 
        6252.16      6.15661e+6 
        6253.82      6.15507e+6 
        6256.04        6.153e+6 
        6258.27      6.15092e+6 
        6262.16      6.14731e+6 
        6262.71      6.14678e+6 
        6263.27      6.14627e+6 
        6264.37      6.14524e+6 
        6264.91      6.14474e+6 
        6266.59      6.14316e+6 
        6268.26      6.14159e+6 
        6269.97      6.13999e+6 
        6271.61      6.13845e+6 
        6273.26      6.13691e+6 
        6274.85       6.1354e+6 
        6276.56       6.1338e+6 
        6278.26       6.1322e+6 
        6280.08      6.13047e+6 
        6281.67      6.12896e+6 
        6283.26      6.12746e+6 
        6284.63      6.12617e+6 
        6286.44      6.12444e+6 
        6288.26      6.12274e+6 
        6290.52      6.12058e+6 
        6291.89      6.11929e+6 
        6293.26      6.11797e+6 
        6293.73      6.11753e+6 
        6295.99      6.11536e+6 
        6298.26      6.11319e+6 
        6302.31       6.1093e+6 
        6302.78      6.10886e+6 
        6303.25      6.10839e+6 
        6303.92      6.10776e+6 
         6304.2      6.10748e+6 
        6306.09      6.10569e+6 
        6308.25      6.10358e+6 
        6311.92      6.10003e+6 
        6312.59      6.09937e+6 
        6313.25      6.09874e+6 
        6314.58      6.09745e+6 
        6316.22      6.09585e+6 
        6317.23      6.09488e+6 
        6317.31      6.09478e+6 
        6318.25      6.09387e+6 
        6320.28      6.09189e+6 
        6323.25        6.089e+6 
        6328.25      6.08407e+6 
        6333.25      6.07914e+6 
        6338.24      6.07418e+6 
        6343.24      6.06918e+6 
        6348.24      6.06412e+6 
        6353.24      6.05906e+6 
        6358.24      6.05394e+6 
        6363.24      6.04882e+6 
        6368.24      6.04361e+6 
        6373.23      6.03836e+6 
        6378.23      6.03308e+6 
        6383.23      6.02774e+6 
        6388.23      6.02231e+6 
        6393.23      6.01684e+6 
        6398.23      6.01125e+6 
        6403.23      6.00563e+6 
        6408.23      5.99988e+6 
        6413.22        5.994e+6 
        6418.22      5.98803e+6 
        6423.22      5.98194e+6 
        6428.22      5.97569e+6 
        6433.22      5.96928e+6 
        6438.22      5.96265e+6 
        6443.22       5.9558e+6 
        6448.22       5.9487e+6 
        6453.21      5.94132e+6 
        6458.21      5.93359e+6 
        6463.21      5.92545e+6 
        6468.21      5.91684e+6 
        6473.21       5.9077e+6 
        6478.21      5.89799e+6 
         6483.2      5.88738e+6 
         6488.2      5.87585e+6 
         6493.2      5.86319e+6 
         6498.2      5.84911e+6 
         6503.2      5.83334e+6 
         6508.2      5.81546e+6 
         6513.2      5.79495e+6 
         6518.2      5.77111e+6 
        6523.19      5.74302e+6 
        6523.72      5.73978e+6 
        6528.19      5.70959e+6 
        6532.67       5.6739e+6 
         6536.1      5.64214e+6 
        6537.14      5.63156e+6 
        6537.38      5.62907e+6 
        6538.19       5.6205e+6 
        6540.29      5.59694e+6 
        6543.19      5.56084e+6 
        6546.46      5.51488e+6 
        6546.72      5.51089e+6 
        6548.19      5.48821e+6 
        6549.92      5.45981e+6 
        6553.11      5.40282e+6 
        6554.43      5.37772e+6 
        6556.31      5.33998e+6 
        6556.87      5.32817e+6 
         6557.9      5.30646e+6 
        6558.19      5.30043e+6 
         6559.5      5.27301e+6 
         6560.3      5.25617e+6 
         6561.1      5.23647e+6 
         6561.5      5.22425e+6 
         6561.9      5.20835e+6 
        6562.09       5.1977e+6 
        6562.29      5.18316e+6 
        6562.39       5.1731e+6 
        6562.49      5.15919e+6 
        6562.59      5.14062e+6 
        6562.69       5.1235e+6 
        6562.79      5.11426e+6 
        6562.89      5.12318e+6 
        6562.99      5.14034e+6 
        6563.09      5.15878e+6 
        6563.29      5.18218e+6 
        6563.29      5.18237e+6 
        6563.49      5.19657e+6 
        6563.69      5.20703e+6 
         6563.7      5.20725e+6 
        6564.09      5.22246e+6 
        6564.48      5.23374e+6 
        6564.49      5.23399e+6 
        6565.28      5.25237e+6 
        6566.09      5.26811e+6 
         6567.2       5.2895e+6 
        6567.69      5.29927e+6 
        6568.18      5.30888e+6 
        6569.05      5.32563e+6 
        6569.16      5.32786e+6 
        6569.28      5.33009e+6 
        6569.33      5.33113e+6 
        6569.51      5.33449e+6 
        6569.98      5.34319e+6 
         6570.9      5.36019e+6 
        6572.47      5.38767e+6 
        6575.56      5.43756e+6 
        6575.61      5.43838e+6 
        6575.67      5.43923e+6 
        6575.78      5.44089e+6 
           6576      5.44419e+6 
        6576.44      5.45073e+6 
        6576.45      5.45098e+6 
        6576.63      5.45358e+6 
        6577.32      5.46345e+6 
        6578.18      5.47548e+6 
         6579.9      5.49826e+6 
        6583.18      5.53696e+6 
        6587.91      5.58321e+6 
        6588.18       5.5855e+6 
        6588.44      5.58776e+6 
        6588.98      5.59219e+6 
        6590.04      5.60071e+6 
        6591.02      5.60821e+6 
        6592.17      5.61648e+6 
        6593.01      5.62229e+6 
        6593.31      5.62427e+6 
        6595.59      5.63859e+6 
        6598.17      5.65289e+6 
        6603.34      5.67639e+6 
        6613.66      5.70809e+6 
        6623.98      5.72612e+6 
         6634.3      5.73564e+6 
        6639.69      5.73828e+6 
        6654.94      5.73988e+6 
        6675.58      5.73353e+6 
        6711.48      5.71116e+6 
        6741.75      5.68726e+6 
        6747.37      5.68251e+6 
        6783.26      5.65097e+6 
        6824.78      5.61268e+6 
        6907.81      5.53379e+6 
        6990.84      5.45311e+6 
         7038.6      5.40627e+6 
        7073.87      5.37153e+6 
        7109.15      5.33675e+6 
        7179.69      5.26763e+6 
        7250.24      5.19839e+6 
        7320.78      5.12915e+6 
        7389.14      5.06261e+6 
        7391.33      5.06045e+6 
        7393.51      5.05831e+6 
        7397.89      5.05407e+6 
        7406.65      5.04555e+6 
        7424.15      5.02856e+6 
        7459.17      4.99457e+6 
         7529.2      4.92677e+6 
        7599.23      4.85926e+6 
        7660.63      4.80029e+6 
        7669.25      4.79203e+6 
        7677.88      4.78377e+6 
        7695.14      4.76743e+6 
        7729.65      4.73479e+6 
        7798.67      4.66979e+6 
        7867.69      4.60517e+6 
        7911.17      4.56467e+6 
        7936.71      4.54098e+6 
        7962.25      4.51736e+6 
        8013.32      4.47058e+6 
        8046.24      4.44055e+6 
         8064.4      4.42405e+6 
        8082.55      4.40759e+6 
        8118.86      4.37489e+6 
        8180.09      4.32004e+6 
        8191.47      4.30989e+6 
        8200.85      4.30153e+6 
        8202.85      4.29974e+6 
        8204.85      4.29798e+6 
        8208.85      4.29443e+6 
        8216.85      4.28736e+6 
        8232.84      4.27323e+6 
        8264.83      4.24505e+6 
        8289.72      4.22321e+6 
        8328.82      4.18906e+6 
        8343.44      4.17634e+6 
        8367.92      4.15507e+6 
        8371.47      4.15202e+6 
        8388.68      4.13719e+6 
        8392.39      4.13402e+6 
        8408.65      4.12004e+6 
        8413.32      4.11605e+6 
        8432.02      4.10003e+6 
        8437.95      4.09497e+6 
        8467.25         4.07e+6 
        8473.98      4.06428e+6 
        8502.48      4.04012e+6 
        8516.58      4.02821e+6 
        8530.98      4.01605e+6 
        8545.38      4.00402e+6 
        8549.97      4.00019e+6 
        8574.18      3.98002e+6 
        8598.39      3.95995e+6 
         8628.6      3.93497e+6 
        8646.81      3.91995e+6 
        8652.39      3.91537e+6 
        8665.01      3.90503e+6 
        8685.59      3.88816e+6 
        8701.43      3.87525e+6 
        8750.47      3.83541e+6 
        8767.92      3.82131e+6 
        8815.35       3.7832e+6 
        8862.78      3.74569e+6 
        8900.38      3.71619e+6 
        8957.65      3.67158e+6 
        9014.91      3.62741e+6 
        9044.62      3.60466e+6 
        9072.17      3.58368e+6 
        9099.72      3.56279e+6 
        9154.81      3.52169e+6 
         9190.8      3.49505e+6 
         9209.9      3.48098e+6 
        9229.01      3.46694e+6 
        9267.22      3.43904e+6 
         9303.2      3.41293e+6 
        9343.64      3.38381e+6 
        9384.08      3.35488e+6 
        9464.96       3.2982e+6 
        9545.72      3.24241e+6 
        9545.84      3.24231e+6 
        9545.97      3.24222e+6 
        9546.21      3.24206e+6 
        9546.69      3.24175e+6 
        9546.87      3.24162e+6 
        9547.66      3.24109e+6 
        9549.59      3.23977e+6 
        9553.47       3.2371e+6 
        9561.21      3.23182e+6 
        9576.69      3.22126e+6 
        9607.66      3.20021e+6 
        9668.45      3.15928e+6 
        9729.24      3.11918e+6 
        9790.04      3.07953e+6 
        9850.83      3.04035e+6 
        9870.42      3.02782e+6 
        9911.62      3.00163e+6 
        9952.82      2.97565e+6 
        10021.1      2.93343e+6 
        10035.2      2.92475e+6 
        10049.4      2.91605e+6 
        10077.7      2.89887e+6 
        10134.2      2.86472e+6 
        10144.5      2.85858e+6 
        10190.8      2.83094e+6 
        10237.2      2.80355e+6 
        10329.9      2.75069e+6 
        10422.6      2.69879e+6 
        10515.3      2.64782e+6 
          10608      2.59778e+6 
        10700.7      2.54867e+6 
        10793.4      2.50047e+6 
        10834.1      2.47957e+6 
        10886.1       2.4531e+6 
        10938.1      2.42678e+6 
        10990.1      2.40117e+6 
          11042       2.3757e+6 
          11094      2.35047e+6 
          11146      2.32549e+6 
          11198      2.30079e+6 
          11239      2.28147e+6 
          11250      2.27635e+6 
        11260.9      2.27124e+6 
        11282.8      2.26142e+6 
        11326.6       2.2419e+6 
        11414.2      2.20337e+6 
        11501.8      2.16552e+6 
        11589.4      2.12832e+6 
          11677      2.09178e+6 
        11764.6      2.05589e+6 
        11852.2      2.02064e+6 
        11939.8      1.98602e+6 
        12027.4      1.95201e+6 
          12115      1.91862e+6 
        12120.6      1.91652e+6 
        12202.6      1.88584e+6 
        12284.6      1.85569e+6 
        12366.6      1.82733e+6 
        12448.7      1.79941e+6 
        12530.7       1.7719e+6 
        12612.7      1.74479e+6 
        12694.7      1.71799e+6 
        12735.4      1.70474e+6 
        12776.7      1.69122e+6 
        12818.1       1.6776e+6 
        12900.8      1.65281e+6 
        12983.5      1.62783e+6 
        13066.2      1.60304e+6 
        13148.9      1.57859e+6 
        13154.8      1.57685e+6 
        13231.6      1.55451e+6 
        13308.4       1.5325e+6 
        13385.1      1.51198e+6 
        13461.9      1.49172e+6 
        13538.7      1.47175e+6 
        13615.5      1.45205e+6 
        13692.3      1.43264e+6 
        13769.1      1.41348e+6 
        13845.9      1.39459e+6 
        13922.7      1.37596e+6 
        13999.5       1.3576e+6 
        14076.2      1.33949e+6 
          14153      1.32165e+6 
        14229.8      1.30406e+6 
        14281.2      1.29244e+6 
        14306.6      1.28672e+6 
        14332.1      1.28103e+6 
          14383       1.2701e+6 
        14410.1       1.2643e+6 
        14427.1      1.26069e+6 
        14433.9      1.25925e+6 
        14457.6      1.25423e+6 
        14505.2      1.24431e+6 
        14581.2      1.22861e+6 
        14583.2       1.2282e+6 
        14585.2      1.22779e+6 
        14589.2        1.227e+6 
        14597.2       1.2254e+6 
        14613.2      1.22223e+6 
        14645.2      1.21589e+6 
        14709.2      1.20332e+6 
        14773.2      1.19088e+6 
        14837.1      1.17856e+6 
        14901.1      1.16636e+6 
        14965.1       1.1543e+6 
        15029.1      1.14236e+6 
        15093.1      1.13054e+6 
        15157.1      1.11884e+6 
          15221      1.10727e+6 
          15285      1.09582e+6 
          15349      1.08449e+6 
          15413      1.07328e+6 
        15471.6      1.06312e+6 
          15477      1.06219e+6 
        15482.4      1.06126e+6 
        15493.1      1.05935e+6 
        15514.7      1.05554e+6 
        15557.9      1.04795e+6 
        15644.2      1.03296e+6 
        15730.5      1.01819e+6 
        15816.8      1.00364e+6 
        15903.1          989316 
        15989.4          975210 
        16075.8          961324 
        16162.1          947649 
        16248.4          934184 
        16289.9          927785 
        16334.7          920926 
        16379.5          914125 
        16469.1          898370 
        16558.8          882945 
        16648.4          867840 
          16738          853049 
        16827.7          838563 
        16917.3          824379 
        17006.9          810487 
        17096.6          796878 
        17186.2          783548 
        17275.8          770491 
        17327.7          763058 
        17365.5          757699 
        17403.2          752383 
        17478.8          741884 
        17554.3          731564 
        17629.9          721416 
        17705.4          711442 
          17781          701637 
        17856.5          691995 
        17932.1          682514 
        18007.6          672753 
        18083.2          663504 
        18158.7          654381 
        18234.3          645362 
        18309.8          636424 
        18343.7          632425 
        18385.3          627524 
          18427          622613 
        18510.2          612667 
        18593.4          602316 
        18602.1          601197 
        18676.6          591169 
        18713.8          586017 
        18751.1          581060 
        18788.4          578421 
        18825.6          575926 
        18900.2          570541 
        18974.7          564397 
        19049.2          557827 
        19123.7          551076 
        19198.3          544268 
        19272.8          537479 
        19347.3          530738 
          19393          526638 
        19421.9          524068 
        19450.7          521511 
        19508.3          516434 
        19565.9          511637 
        19623.6          506635 
        19681.2          501693 
        19738.8          496811 
        19796.5          491986 
        19854.1          487220 
        19911.7          482511 
        19969.4          477855 
          20027          473256 
        20084.6          468713 
        20142.3          464221 
        20199.9          459782 
        20257.5          455396 
        20315.2          451060 
        20372.8          446778 
        20386.4          445770 
        20430.4          442544 
        20474.4          439345 
        20562.3          433037 
        20650.3          426842 
        20738.2          420754 
        20826.2          414772 
        20914.1          408894 
        21002.1          403120 
          21090          397443 
        21177.9          391867 
        21265.9          386388 
        21353.8          381000 
        21441.8          375706 
        21529.7          370504 
        21604.7          366137 
        21617.7          365386 
        21630.6          364642 
        21656.5          363156 
        21708.4          360206 
        21760.2          357284 
          21812          354391 
        21863.8          351529 
        21915.7          348695 
        21967.5          345889 
        22019.3          343109 
        22071.1          340360 
          22123          337633 
        22174.8          334938 
        22226.6          332267 
        22278.4          329622 
        22330.3          327005 
        22382.1          324410 
        22433.9          321844 
        22485.8          319302 
        22537.6          316786 
        22589.4          314291 
        22641.2          311822 
        22693.1          309377 
        22702.9          308914 
        22744.9          306955 
        22784.8          305104 
        22786.8          305012 
        22788.8          304920 
        22792.8          304736 
        22800.8          304368 
        22816.8          303633 
        22848.8          302170 
        22912.8          299271 
        22976.8          296405 
        23040.8          293574 
        23104.8          290776 
        23168.7          288011 
        23232.7          285279 
        23296.7          282578 
        23360.7          279909 
        23424.7          277270 
        23488.6          274663 
        23552.6          272086 
        23616.6          269538 
        23680.6          267020 
        23744.6          264531 
        23808.6          262071 
        23872.5          259638 
        23936.5          257234 
        24000.5          254857 
        24064.5          252508 
        24128.5          250185 
        24192.5          247888 
        24256.4          245617 
        24320.4          243372 
        24384.4          241152 
        24448.4          238958 
        24512.4          236788 
        24576.3          234642 
        24640.3          232520 
        24704.3          230422 
        24768.3          228348 
        24832.3          226296 
        24896.3          224267 
        24960.2          222261 
        25004.4          220888 
        25024.2          220277 
          25044          219667 
        25083.6          218456 
        25162.8          216057 
        25241.9          213691 
        25321.1          211356 
        25400.2          209054 
        25479.4          206782 
        25558.5          204540 
        25637.7          202329 
        25716.9          200147 
          25796          197994 
        25875.2          195870 
        25954.3          193774 
        26033.5          191706 
        26112.7          189665 
        26191.8          187650 
          26271          185663 
        26350.1          183701 
        26429.3          181765 
        26508.4          179854 
        26587.6          177968 
        26666.8          176106 
        26745.9          174269 
        26825.1          172455 
        26904.2          170664 
        26983.4          168896 
        27062.6          167151 
        27141.7          165429 
        27142.5          165411 
        27220.9          163728 
        27299.2          162066 
        27377.5          160426 
        27455.8          158807 
        27534.2          157207 
        27612.5          155628 
        27690.8          154068 
        27769.1          152527 
        27847.5          151006 
        27925.8          149503 
        28004.1          148019 
        28082.4          146553 
        28160.8          145105 
        28239.1          143675 
        28317.4          142262 
        28395.7          140866 
          28474          139487 
        28552.4          138125 
        28630.7          136780 
          28709          135450 
        28787.3          134137 
        28865.7          132839 
          28944          131557 
        29022.3          130290 
        29100.6          129038 
          29179          127802 
        29257.3          126579 
        29335.6          125372 
        29413.9          124178 
        29492.3          122999 
        29570.6          121833 
        29648.9          120681 
        29727.2          119543 
        29805.5          118418 
        29883.9          117306 
        29932.6          116621 
        29962.2          116207 
        29991.8          115795 
