# Koester WD models
# teff = 5500 K (value for the effective temperature for the model. Temperatures are given in K)
# logg = 9.5 log(cm/s2) (value for Log(G) for the model.)
#
# column 1: WAVELENGTH (ANGSTROM), Wavelength in Angstrom
# column 2: FLUX (ERG/CM2/S/A), Flux in erg/cm2/s/A
         899.23      0.00296985 
        901.358       0.0031896 
        902.738      0.00333995 
        903.486      0.00342434 
        904.235      0.00351073 
        905.733      0.00368955 
        907.232      0.00387682 
        908.219      0.00400493 
         908.45      0.00403556 
        908.729      0.00407285 
        909.241      0.00414184 
        910.032      0.00425067 
        911.193      0.00441532 
        911.613      0.00447636 
        912.034      0.00453822 
        912.465       0.0046025 
        912.875      0.00466426 
        913.037      0.00468895 
        913.241      0.00472021 
        913.284      0.00472681 
        913.478      0.00475675 
        913.531      0.00476495 
        913.755      0.00479963 
        913.822      0.00481012 
         914.08      0.00485062 
        914.165      0.00486403 
        914.499      0.00491706 
        914.575      0.00492922 
        915.071      0.00500899 
         915.54      0.00508567 
        915.609      0.00509689 
        915.643      0.00510251 
        915.677      0.00510814 
        915.741      0.00511872 
        915.813      0.00513066 
        916.085      0.00517599 
        916.429      0.00523386 
        916.858      0.00530672 
        917.118      0.00535142 
        917.196       0.0053649 
        917.378       0.0053965 
        917.899      0.00548767 
        917.952      0.00549703 
        918.287      0.00555663 
        918.602      0.00561302 
        919.251      0.00573127 
        920.215      0.00591097 
        921.882      0.00623405 
        921.999      0.00625736 
        922.143      0.00628614 
        922.405      0.00633867 
         922.81      0.00642091 
        923.621      0.00658811 
        925.001      0.00688276 
        925.242      0.00693576 
        925.484      0.00698885 
        925.564      0.00700654 
        925.966       0.0070956 
        926.164      0.00713886 
        926.369      0.00718353 
        927.173      0.00736301 
        927.276      0.00738623 
        928.182      0.00759483 
        928.917      0.00777271 
         928.98      0.00778876 
        929.089      0.00781707 
        929.261      0.00786256 
        929.317      0.00787739 
        929.543      0.00793887 
        929.655      0.00796818 
        929.769      0.00799686 
        929.827      0.00801141 
        929.883      0.00802548 
         929.91      0.00803227 
        929.939      0.00803956 
        929.954      0.00804333 
        929.968      0.00804684 
        929.982      0.00805036 
        929.996      0.00805391 
         930.01      0.00805743 
        930.024      0.00806098 
        930.038       0.0080645 
        930.052      0.00806802 
        930.081      0.00807537 
        930.137      0.00808951 
        930.201      0.00810575 
        930.247       0.0081174 
        930.249      0.00811791 
        930.251      0.00811841 
        930.301      0.00813107 
        930.326      0.00813713 
        930.329      0.00813789 
        930.402      0.00815598 
        930.478      0.00817402 
         930.63      0.00820741 
        930.931      0.00827068 
        931.229      0.00833556 
         931.49      0.00839339 
        931.534      0.00840345 
        931.838      0.00847426 
        932.447      0.00861836 
        933.265      0.00882191 
        933.403      0.00885712 
        933.432      0.00886416 
        933.542        0.008892 
        933.652      0.00892005 
        933.872      0.00897672 
        933.973      0.00900299 
        934.073      0.00902925 
        934.312      0.00909299 
        934.316      0.00909409 
        934.652      0.00918649 
        934.773      0.00922105 
         935.23      0.00935846 
        935.687       0.0095135 
        936.144       0.0096964 
        936.372      0.00979489 
        936.601      0.00988304 
        936.714      0.00991999 
        936.829      0.00995539 
        936.887      0.00997321 
        936.944      0.00999074 
        936.973      0.00999966 
        937.001       0.0100083 
        937.015       0.0100126 
        937.029       0.0100169 
        937.043       0.0100212 
        937.058       0.0100259 
        937.072       0.0100302 
        937.086       0.0100345 
        937.101       0.0100391 
        937.115       0.0100435 
        937.143       0.0100522 
          937.2       0.0100698 
        937.314       0.0101052 
        937.493       0.0101596 
        937.542       0.0101734 
        937.593       0.0101863 
        937.694        0.010208 
        937.788       0.0102241 
        937.894       0.0102405 
            938       0.0102542 
        938.212       0.0102803 
        938.359       0.0102994 
        938.556       0.0103291 
        938.636       0.0103417 
        938.914       0.0103921 
        939.231       0.0104562 
        939.271       0.0104647 
        939.986       0.0106278 
         940.74       0.0108205 
        941.452       0.0109794 
         942.25        0.011188 
        942.383       0.0112255 
        943.048       0.0114264 
        943.115       0.0114427 
        943.845       0.0116695 
        944.577       0.0119385 
        945.308       0.0122379 
        946.038       0.0125742 
        946.382       0.0127502 
         946.77        0.012968 
        947.158       0.0132187 
        947.547       0.0134997 
        947.787       0.0136889 
        947.935       0.0138073 
        948.083       0.0139228 
        948.213       0.0140165 
        948.314       0.0140835 
        948.379       0.0141224 
        948.546       0.0142074 
        948.661       0.0142583 
        948.777       0.0143081 
        948.835        0.014333 
        948.893        0.014358 
        948.922       0.0143704 
        948.951       0.0143829 
        948.966       0.0143894 
         948.98       0.0143954 
        948.994       0.0144015 
        949.009       0.0144079 
        949.023        0.014414 
        949.037         0.01442 
        949.052       0.0144265 
        949.066       0.0144325 
        949.095       0.0144451 
        949.153       0.0144702 
         949.23       0.0145036 
        949.258       0.0145158 
        949.269       0.0145205 
         949.28       0.0145253 
         949.33       0.0145471 
         949.36       0.0145602 
         949.43       0.0145904 
          949.5       0.0146192 
         949.64       0.0146689 
        949.795       0.0147056 
        949.879       0.0147196 
        949.921       0.0147239 
        949.963       0.0147283 
        950.047        0.014732 
        950.131       0.0147375 
        950.467        0.014742 
        950.888       0.0147709 
        951.308        0.014836 
        951.728       0.0149396 
        952.149       0.0150758 
          952.4       0.0151659 
        952.569       0.0152318 
        952.738       0.0152999 
        953.076       0.0154438 
        953.753       0.0157618 
        954.198        0.015985 
         954.43       0.0161019 
        955.106       0.0164633 
        956.014        0.016968 
         956.37       0.0171845 
        956.922       0.0175266 
         957.83       0.0181044 
        958.148       0.0183101 
        959.289        0.019068 
         960.43       0.0198616 
        961.192       0.0204277 
        961.571       0.0207056 
        962.712       0.0215528 
        964.231       0.0227004 
        966.507       0.0244561 
        966.767       0.0246622 
        967.269       0.0250637 
        968.032       0.0256798 
        968.668       0.0262112 
        968.979       0.0264714 
        969.297       0.0267359 
        969.453       0.0268703 
        969.927        0.027264 
        970.164        0.027466 
          970.4       0.0276376 
        970.637       0.0277635 
        970.756       0.0277934 
        970.874       0.0277925 
        970.992       0.0277532 
         971.11       0.0276377 
         971.23       0.0274228 
        971.348       0.0270886 
        971.466       0.0267393 
        971.535       0.0266773 
        971.567       0.0267208 
        971.584        0.026782 
        971.635       0.0270513 
        971.644       0.0271185 
        971.703        0.027634 
        971.732       0.0278508 
        971.762       0.0279693 
        971.778       0.0279911 
        971.792       0.0280028 
        971.806        0.028014 
        971.821       0.0280259 
        971.827       0.0280307 
        971.833       0.0280355 
        971.836       0.0280379 
        971.839       0.0280403 
        971.851       0.0280499 
        971.866       0.0280618 
         971.88        0.028073 
         971.91       0.0280925 
        971.969       0.0278876 
        972.037       0.0274028 
        972.087       0.0271844 
        972.137       0.0271371 
         972.15       0.0271553 
        972.199       0.0272715 
        972.237       0.0274202 
        972.324       0.0278381 
        972.348       0.0279622 
        972.499       0.0286274 
        972.649        0.029112 
        972.798        0.029463 
        972.948       0.0297443 
        973.097       0.0299794 
        973.396       0.0303781 
        973.645       0.0306629 
        973.696       0.0307174 
        973.746       0.0307715 
        973.846       0.0308783 
        974.046       0.0310865 
        974.446        0.031486 
        974.853       0.0318853 
        975.247       0.0322739 
         975.64       0.0326609 
        976.427        0.033435 
        976.695       0.0337008 
            978       0.0350124 
        979.305       0.0363438 
        979.906       0.0369687 
        981.915       0.0391094 
        983.923       0.0413308 
        985.245       0.0427703 
        985.932        0.043545 
        986.618       0.0443382 
         986.67       0.0443923 
        987.991        0.045904 
        989.312       0.0475656 
        990.633       0.0493029 
        992.671       0.0520917 
        993.275       0.0529437 
         993.88       0.0538083 
        995.088       0.0555704 
        996.565       0.0577953 
        997.506       0.0592548 
        997.574       0.0593616 
        997.806        0.059728 
        998.447       0.0607477 
        999.319       0.0621586 
        999.435        0.062344 
        1001.06       0.0650124 
        1002.69       0.0678097 
        1004.32       0.0707392 
        1005.84       0.0735349 
        1005.95       0.0737574 
        1007.58       0.0769612 
        1009.33       0.0805479 
        1011.07       0.0842993 
         1011.3       0.0848104 
        1012.82       0.0882128 
        1014.33       0.0917417 
        1015.38       0.0942651 
        1015.84       0.0954042 
        1017.36       0.0992036 
        1017.62       0.0998873 
        1019.05        0.103624 
        1019.33        0.104389 
        1021.04        0.109083 
        1022.04         0.11189 
        1022.54         0.11328 
        1023.04         0.11473 
        1023.29        0.115405 
        1023.54         0.11592 
        1023.79        0.116224 
        1023.99        0.116127 
        1024.04        0.116038 
        1024.09        0.115917 
        1024.19        0.115569 
        1024.24        0.115304 
        1024.39        0.114259 
        1024.54         0.11266 
        1024.59        0.112165 
        1024.69        0.111446 
        1024.79        0.112035 
        1024.85        0.113411 
        1024.87        0.113909 
        1024.89        0.114646 
        1024.91        0.115346 
        1024.95        0.116164 
        1024.98        0.116586 
        1024.99        0.116667 
        1025.01        0.116719 
        1025.03        0.116766 
        1025.04        0.116811 
        1025.06        0.116858 
        1025.07        0.116905 
        1025.09         0.11695 
         1025.1        0.116997 
        1025.13        0.117087 
         1025.2        0.116691 
        1025.27        0.114866 
        1025.32        0.113861 
        1025.37        0.113399 
        1025.47        0.113876 
        1025.52         0.11456 
        1025.57        0.115365 
        1025.62        0.116253 
        1025.72        0.117984 
        1025.77        0.118726 
        1025.92        0.120603 
        1026.07        0.122032 
        1026.22        0.123168 
        1026.37         0.12409 
        1026.52        0.124859 
        1026.67        0.125499 
        1026.86        0.126284 
        1026.96        0.126661 
        1027.07        0.127014 
        1027.28        0.127679 
        1027.69         0.12902 
        1027.98         0.12999 
        1028.53        0.131804 
         1028.8        0.132701 
        1029.07        0.133601 
        1029.34        0.134504 
        1029.88        0.136328 
        1030.96        0.140052 
        1033.08        0.147622 
        1033.13        0.147813 
        1033.19        0.148004 
        1033.23        0.148162 
        1033.29        0.148387 
         1033.5        0.149156 
        1033.91        0.150704 
        1034.75        0.153846 
        1036.27        0.159731 
        1037.78        0.165823 
        1039.17        0.171584 
        1039.26        0.171947 
         1039.3        0.172128 
        1039.34         0.17231 
         1039.5        0.172991 
        1039.52        0.173042 
        1039.86        0.174513 
        1040.55        0.177489 
        1041.92        0.183582 
        1044.35        0.194766 
        1046.77        0.206572 
        1049.03        0.218186 
        1049.19        0.219031 
        1049.35        0.219878 
        1049.67        0.221578 
        1050.31        0.225014 
        1051.59        0.232034 
        1053.95        0.245504 
        1054.15        0.246678 
        1054.35        0.247857 
        1054.75         0.25023 
        1054.95        0.251424 
        1055.55        0.255039 
        1057.15        0.264912 
        1059.36         0.27906 
        1061.56        0.293913 
        1063.16        0.305157 
        1063.76        0.309474 
        1064.36        0.313845 
        1065.56        0.322758 
        1066.56         0.33036 
        1067.96        0.341281 
        1069.36        0.352528 
        1069.96        0.357438 
        1072.16        0.375986 
        1074.36        0.395404 
        1076.56        0.415721 
        1078.16        0.431086 
        1078.69        0.436226 
        1078.76         0.43698 
        1078.98        0.439122 
        1079.36        0.442949 
        1080.57        0.455119 
        1080.71        0.456624 
        1082.44        0.474761 
        1084.17        0.493547 
         1085.9        0.513006 
        1087.64         0.53316 
        1089.32        0.553429 
        1089.37        0.554029 
        1089.42        0.554654 
        1089.52        0.555883 
        1089.72        0.558349 
        1090.12        0.563306 
        1090.67        0.570193 
        1090.92        0.573347 
        1092.52        0.593915 
        1094.37        0.618529 
        1096.22        0.644067 
        1096.77         0.65184 
        1098.07         0.67056 
        1099.37        0.689771 
        1099.57        0.692775 
        1101.97        0.729745 
        1104.37        0.768493 
        1106.78        0.809101 
        1108.98        0.848026 
        1109.18        0.851645 
        1109.38        0.855273 
        1109.78        0.862571 
        1109.98        0.866241 
        1110.58        0.877334 
        1112.18        0.907546 
        1114.38        0.950624 
        1116.58        0.995546 
        1118.18         1.02942 
        1118.68          1.0403 
        1118.78         1.04238 
        1119.38          1.0555 
        1120.08          1.0709 
        1121.47         1.10231 
        1123.78         1.15623 
        1124.25         1.16767 
        1124.73         1.17921 
        1125.68         1.20259 
        1125.79         1.20526 
        1127.08          1.2375 
        1127.59         1.25057 
        1127.85         1.25721 
        1129.38         1.29742 
        1129.77         1.30766 
        1131.69         1.35995 
        1133.62         1.41413 
        1135.54         1.47028 
        1137.46         1.52846 
        1139.39         1.58873 
        1141.31          1.6511 
        1142.08          1.6766 
        1143.23          1.7155 
           1144         1.74188 
        1144.39         1.75518 
         1146.7         1.83674 
        1149.39         1.93582 
        1149.77         1.95027 
        1152.08         2.03892 
        1154.39         2.12997 
        1158.62         2.30111 
           1159         2.31639 
        1159.01         2.31672 
        1159.39         2.33238 
        1160.16         2.36376 
         1161.7         2.42594 
        1164.39         2.53454 
        1169.39         2.73046 
         1171.9         2.82599 
        1173.15         2.87578 
         1174.4         2.92898 
        1175.65          2.9873 
         1176.9         3.05215 
        1177.86         3.10683 
        1178.15         3.12367 
         1179.4         3.19999 
        1180.94         3.29892 
        1182.47         3.40175 
        1182.86         3.42814 
        1184.01         3.50775 
        1185.17         3.58751 
        1185.56         3.61456 
        1187.48         3.75034 
         1189.4         3.88948 
        1192.09         4.09174 
        1193.24         4.18262 
        1194.03         4.24574 
         1194.4         4.27533 
        1196.72         4.46511 
         1196.9         4.48035 
         1199.4         4.69203 
         1201.9         4.91675 
         1204.4         5.16126 
         1206.9         5.42575 
        1208.48         5.59835 
         1209.4         5.70048 
        1210.33         5.80252 
        1211.64          5.9459 
        1212.16         6.00201 
        1212.69         6.05771 
        1213.61         6.15586 
        1213.74         6.16993 
        1213.81         6.17672 
        1213.88         6.18404 
        1214.14         6.21231 
        1214.17         6.21599 
        1214.47         6.24809 
        1214.62         6.26421 
        1214.76         6.28036 
        1214.84         6.28846 
        1214.91         6.29654 
        1214.95         6.30059 
        1214.98         6.30464 
           1215         6.30675 
        1215.02          6.3087 
        1215.04         6.31067 
        1215.06         6.31278 
        1215.08         6.31473 
         1215.1         6.31671 
        1215.11         6.31881 
        1215.13         6.32079 
        1215.17         6.32484 
        1215.24         6.33298 
        1215.39         6.34928 
        1215.64         6.37649 
        1215.69         6.38202 
        1215.74         6.38755 
         1215.8         6.39399 
        1215.84         6.39867 
        1216.04         6.42091 
        1216.06         6.42393 
        1216.28         6.44793 
        1216.76         6.50225 
        1217.46         6.58145 
        1218.32         6.67852 
        1218.86         6.73966 
        1218.98         6.75301 
        1219.41         6.79806 
        1219.83         6.84079 
         1220.1         6.86806 
        1220.67         6.92203 
        1222.36         7.07414 
        1224.62         7.28664 
        1226.88         7.52374 
        1228.86          7.7543 
        1229.13         7.78751 
        1229.41          7.8209 
        1229.74         7.86202 
        1229.96         7.88914 
        1230.18         7.91637 
        1230.62         7.97182 
        1231.49         8.08508 
        1231.69         8.11166 
        1233.24         8.31931 
        1234.79         8.53345 
        1236.38         8.75826 
        1237.89         8.97908 
        1239.41         9.20518 
        1240.47         9.36625 
        1242.44          9.6745 
        1244.41         9.99218 
        1247.29         10.4767 
        1248.35         10.6601 
        1248.65         10.7125 
        1249.41         10.8466 
        1251.53         11.2286 
        1251.91         11.2983 
        1254.41         11.7665 
        1256.91         12.2516 
        1259.41         12.7552 
        1261.91         13.2783 
        1264.41         13.8294 
        1266.91         14.4111 
        1269.41         15.0252 
        1271.91         15.6712 
        1274.41         16.3501 
        1276.91         17.0513 
        1279.42         17.7787 
        1281.92         18.5271 
        1284.42         19.2947 
        1286.92         20.0927 
        1289.42         20.9118 
        1291.92         21.7457 
        1294.42         22.6079 
        1296.92         23.4991 
        1299.42         24.4194 
        1301.92         25.3802 
        1304.42           26.38 
        1309.42         28.4645 
        1314.42         30.6546 
        1316.92         31.8027 
        1319.42         32.9905 
        1321.92         34.2198 
        1324.42         35.4937 
        1326.92         36.8201 
        1329.42         38.1905 
        1334.42         41.0286 
        1339.42         44.0222 
        1341.92         45.5804 
        1344.42         47.1892 
        1346.92         48.8709 
        1349.42         50.6079 
        1354.42         54.2606 
        1359.42         58.1405 
        1364.42         62.1771 
        1365.19         62.8155 
        1369.42         66.4321 
        1373.65         70.2388 
        1376.35         72.7769 
        1377.88         74.2635 
        1379.42         75.7894 
        1380.57         76.9499 
         1382.5         78.9231 
        1384.42         80.9434 
        1387.12         83.8466 
        1388.27         85.1142 
        1389.03         85.9599 
        1389.42         86.3988 
        1391.73         89.0202 
        1394.42         92.1561 
        1399.42          98.154 
        1404.42         104.473 
        1409.42         111.159 
        1414.42         118.282 
        1419.42         125.863 
        1424.42         133.823 
        1429.42         142.187 
        1434.42         150.871 
        1439.42         159.971 
        1444.42         169.496 
        1449.42         179.654 
        1454.42         190.475 
        1459.42          201.88 
        1464.42         213.964 
        1465.96         217.828 
        1469.42         226.685 
        1472.88         235.728 
        1473.27         236.727 
        1474.42          239.75 
        1476.35          244.86 
        1479.42         253.168 
        1484.42         267.183 
        1489.42         281.805 
        1494.42         296.904 
        1499.42         312.875 
        1504.42         330.027 
        1509.42         348.258 
        1514.42         367.488 
        1519.42         387.767 
        1524.42         409.312 
        1529.42         431.947 
        1534.42         455.242 
        1539.42         478.911 
        1544.42         503.176 
        1549.42         528.092 
        1554.42         553.275 
        1559.42         578.754 
        1564.42         605.052 
        1566.72         617.722 
        1569.42         632.943 
        1570.19         637.379 
        1572.11         648.572 
        1574.41         662.424 
         1574.8         664.758 
        1579.41         693.472 
        1584.41         725.903 
        1589.41         759.662 
        1594.41         794.873 
        1599.41         832.286 
        1604.41         871.478 
        1609.41          913.66 
        1614.41         958.751 
        1619.41         1007.12 
        1624.41         1059.34 
        1629.41         1115.52 
        1634.41         1175.14 
        1639.41         1237.26 
        1644.41            1300 
        1649.41          1361.6 
        1654.41         1421.87 
        1659.41          1482.1 
        1664.41         1541.29 
        1665.56         1554.98 
         1669.4         1601.64 
        1670.17         1611.18 
        1673.25         1649.29 
         1674.4         1663.75 
        1676.33         1688.28 
         1679.4         1728.13 
         1684.4         1795.72 
         1689.4         1865.64 
         1694.4         1937.93 
         1699.4            2014 
         1704.4         2094.16 
         1709.4         2177.81 
         1714.4         2265.57 
         1719.4         2356.94 
         1724.4         2452.22 
         1729.4         2551.21 
         1734.4         2653.62 
         1739.4         2759.25 
         1744.4         2868.31 
        1749.39         2980.19 
        1754.39          3095.4 
        1759.39         3214.51 
        1764.39         3337.41 
        1767.08          3405.2 
        1767.85         3424.81 
        1769.39         3464.27 
         1771.7         3524.11 
        1774.39         3595.24 
        1775.55         3626.12 
        1779.39         3730.58 
        1784.39         3870.47 
        1789.39         4015.14 
        1794.39         4164.15 
        1799.39         4317.87 
        1809.39          4637.3 
        1819.38         4976.57 
           1824         5139.58 
        1829.38          5335.3 
        1834.77         5537.12 
        1845.54         5958.38 
         1856.3         6406.96 
           1864         6743.77 
        1867.07         6882.04 
        1870.14         7022.62 
        1876.29            7313 
        1882.44         7612.71 
        1888.59         7922.56 
        1894.73         8242.75 
        1900.88         8573.25 
        1906.98          8912.1 
        1907.03         8914.74 
        1913.17         9267.38 
        1919.37         9633.13 
        1925.56         10008.2 
        1931.76           10396 
        1937.95         10803.1 
        1944.14         11214.9 
        1944.47         11237.1 
        1956.53         12088.1 
        1968.59         12975.6 
        1980.65           13913 
        1992.71         14901.7 
        2004.77         15944.9 
        2015.84         16952.1 
        2016.83         17044.2 
        2017.81         17136.8 
        2019.79         17323.4 
        2023.73         17703.3 
        2031.63         18480.4 
        2039.52           19279 
        2047.42           20103 
        2055.31         20954.7 
        2059.38         21404.6 
         2063.2         21834.9 
        2067.03         22271.8 
        2074.69           23169 
        2089.99         25047.3 
        2094.36         25602.7 
         2105.3         27038.3 
        2116.25           28535 
         2127.2         30096.1 
        2132.72         30910.8 
        2138.15         31729.5 
         2149.1         33423.4 
        2165.47         36083.1 
        2181.85         38898.6 
        2198.22         41873.7 
         2214.5         44996.7 
         2214.6         45015.9 
         2214.7           45035 
        2214.74         45044.2 
        2214.89         45073.4 
        2215.28         45149.7 
        2216.05         45302.4 
         2217.6         45609.6 
        2220.71         46218.5 
        2226.91         47450.9 
        2227.03         47474.8 
        2239.33         49986.8 
        2251.62         52569.2 
        2263.91         55227.6 
        2276.21         58031.8 
         2288.5         60919.6 
        2300.79         63901.3 
        2312.95         67017.7 
        2313.04         67042.5 
        2313.09         67054.8 
        2313.13           67067 
        2313.32         67115.4 
         2313.7         67212.8 
        2314.45         67407.3 
        2315.95         67797.8 
        2318.95         68583.5 
        2324.96         70174.4 
        2336.98         73496.9 
           2349         77013.3 
        2359.67         80245.4 
        2361.01         80659.1 
        2362.35         81089.2 
        2365.04         81960.7 
         2370.4         83727.2 
        2381.12         87359.2 
        2391.85         91128.5 
        2395.88         92648.4 
        2402.58           95238 
        2409.27         97894.5 
        2415.97          100624 
        2422.67          103428 
        2429.36          106451 
        2436.06          109583 
        2442.71          112793 
        2449.45          116151 
        2451.59          117241 
        2456.19          119618 
        2460.79          122219 
        2469.99          127588 
        2479.19          133249 
        2488.39          139252 
        2497.59          145804 
        2503.55          150272 
        2506.78          152735 
        2510.01          155184 
        2513.24          157640 
        2516.47          159954 
         2519.7          161770 
        2522.93          163590 
        2526.16          165858 
        2529.39          168494 
        2535.86          173910 
        2538.32          176039 
        2542.32          179594 
        2548.78          185464 
           2554          190363 
        2559.23          195422 
        2564.46          200892 
        2569.69          206535 
        2574.92          212354 
        2585.37          224541 
        2595.83          237735 
        2606.29          251623 
        2616.74          266405 
         2627.2          282015 
        2637.66          298385 
        2638.56          299831 
        2648.11          315611 
        2657.67          332271 
        2667.23          347960 
        2676.78          363991 
         2695.9          397097 
        2715.01          431400 
        2734.13          466655 
        2750.38          497405 
        2753.24          502897 
        2756.11          508407 
        2761.84          519880 
        2773.31          543119 
        2796.24          590880 
        2819.17          640301 
        2829.65          663382 
         2842.1          691235 
        2854.55          719550 
        2866.99          750464 
        2879.44          782034 
        2904.34          847328 
         2905.5          850423 
        2929.24          915253 
        2952.98          982329 
        2976.73      1.04845e+6 
           2997      1.10657e+6 
        3000.47      1.11665e+6 
        3024.21      1.18716e+6 
        3037.82      1.22854e+6 
        3044.62      1.24951e+6 
        3051.42      1.27065e+6 
        3058.22      1.29474e+6 
        3065.03      1.31914e+6 
        3071.83      1.34387e+6 
        3078.63      1.36885e+6 
        3089.03      1.40749e+6 
        3092.23      1.41952e+6 
        3119.44      1.52369e+6 
        3134.65      1.58349e+6 
        3149.86      1.64449e+6 
        3165.07      1.71354e+6 
        3180.27      1.78436e+6 
        3210.69      1.93083e+6 
        3233.91      2.04722e+6 
         3241.1      2.08391e+6 
        3248.29      2.12091e+6 
        3255.48      2.14855e+6 
        3262.67      2.17631e+6 
        3264.89       2.1849e+6 
        3277.05      2.23217e+6 
        3305.81      2.34527e+6 
        3346.73       2.5091e+6 
        3387.65       2.6804e+6 
        3411.97      2.78357e+6 
        3413.13      2.78853e+6 
        3428.57      2.85453e+6 
        3445.17      2.92591e+6 
        3478.37      3.06926e+6 
        3495.92      3.14555e+6 
         3543.6      3.35428e+6 
        3591.28      3.56524e+6 
        3635.88      3.76407e+6 
        3638.96       3.7778e+6 
        3642.04      3.79184e+6 
        3643.12      3.79677e+6 
        3645.12      3.80585e+6 
        3645.28      3.80657e+6 
        3647.12      3.81496e+6 
        3648.96      3.82332e+6 
        3651.32      3.83403e+6 
        3652.64      3.84003e+6 
        3653.96      3.84603e+6 
        3654.24      3.84729e+6 
         3656.6        3.858e+6 
        3658.96      3.86871e+6 
         3663.4      3.88882e+6 
        3663.68      3.89008e+6 
        3663.96      3.89133e+6 
        3664.52      3.89388e+6 
        3665.64      3.89894e+6 
         3666.8      3.90418e+6 
        3667.88      3.90908e+6 
        3668.28      3.91087e+6 
        3668.95      3.91395e+6 
        3671.11      3.92372e+6 
        3673.95      3.93654e+6 
         3675.2      3.94216e+6 
        3678.95       3.9591e+6 
        3682.58      3.97543e+6 
         3682.7      3.97597e+6 
        3682.82       3.9765e+6 
        3683.06       3.9776e+6 
        3683.18       3.9781e+6 
        3683.54      3.97977e+6 
         3684.5      3.98407e+6 
        3684.82      3.98549e+6 
        3685.83      3.99004e+6 
        3686.83      3.99457e+6 
        3688.74      4.00314e+6 
        3688.85      4.00361e+6 
        3688.94      4.00402e+6 
        3688.95      4.00409e+6 
        3689.16        4.005e+6 
        3689.38        4.006e+6 
        3689.73      4.00757e+6 
        3689.82      4.00795e+6 
         3689.9      4.00833e+6 
        3690.07      4.00911e+6 
        3690.41      4.01062e+6 
        3690.62      4.01159e+6 
        3691.09      4.01367e+6 
        3691.47       4.0154e+6 
        3691.55      4.01577e+6 
         3691.7      4.01643e+6 
        3692.48      4.01995e+6 
         3693.5      4.02451e+6 
         3694.4      4.02853e+6 
         3695.3      4.03255e+6 
        3695.81      4.03484e+6 
         3696.2       4.0366e+6 
        3696.53      4.03808e+6 
        3696.59      4.03833e+6 
        3696.65      4.03861e+6 
        3696.67      4.03871e+6 
        3696.76      4.03911e+6 
        3696.77      4.03915e+6 
        3696.87      4.03962e+6 
        3696.93      4.03987e+6 
        3696.99      4.04012e+6 
        3697.04      4.04037e+6 
         3697.1      4.04062e+6 
        3697.15      4.04087e+6 
        3697.21      4.04112e+6 
        3697.26      4.04138e+6 
        3697.32      4.04163e+6 
        3697.35      4.04175e+6 
        3697.41        4.042e+6 
        3697.43      4.04213e+6 
        3697.46      4.04226e+6 
         3697.5      4.04241e+6 
        3697.53      4.04257e+6 
        3697.58      4.04279e+6 
        3697.66      4.04314e+6 
        3697.82      4.04386e+6 
        3698.11      4.04515e+6 
        3698.43      4.04659e+6 
        3698.69      4.04775e+6 
        3698.89      4.04863e+6 
        3698.95      4.04892e+6 
        3699.01       4.0492e+6 
        3699.13      4.04973e+6 
        3699.37      4.05083e+6 
        3699.53      4.05152e+6 
        3699.86        4.053e+6 
        3699.88      4.05309e+6 
        3700.19      4.05448e+6 
         3700.2      4.05451e+6 
         3700.5      4.05589e+6 
        3700.81      4.05724e+6 
        3700.84       4.0574e+6 
        3701.09       4.0585e+6 
        3701.42      4.05997e+6 
        3701.99      4.06255e+6 
        3702.44      4.06456e+6 
        3702.89      4.06657e+6 
        3703.12      4.06758e+6 
        3703.35      4.06858e+6 
        3703.46      4.06909e+6 
        3703.57      4.06959e+6 
        3703.63      4.06987e+6 
        3703.68      4.07012e+6 
        3703.74      4.07037e+6 
         3703.8      4.07062e+6 
        3703.85      4.07088e+6 
        3703.91      4.07113e+6 
        3703.97      4.07138e+6 
        3704.02      4.07163e+6 
        3704.09      4.07191e+6 
        3704.13      4.07213e+6 
        3704.18      4.07235e+6 
        3704.21      4.07245e+6 
        3704.22      4.07251e+6 
        3704.28      4.07279e+6 
        3704.31      4.07292e+6 
        3704.36      4.07314e+6 
        3704.41      4.07333e+6 
        3704.49       4.0737e+6 
        3704.57      4.07405e+6 
        3704.59      4.07414e+6 
        3704.69      4.07461e+6 
        3704.81      4.07515e+6 
        3705.05      4.07625e+6 
        3705.37      4.07766e+6 
        3705.54      4.07842e+6 
        3705.71      4.07917e+6 
        3706.05      4.08068e+6 
        3706.07      4.08077e+6 
        3706.73      4.08372e+6 
        3707.27      4.08611e+6 
        3707.39      4.08668e+6 
        3707.51      4.08721e+6 
        3707.61      4.08765e+6 
        3707.76      4.08834e+6 
        3707.91        4.089e+6 
        3708.12      4.08991e+6 
        3708.21      4.09032e+6 
         3708.3      4.09073e+6 
        3708.49      4.09155e+6 
        3708.76       4.0928e+6 
        3708.85      4.09321e+6 
        3708.87      4.09328e+6 
        3708.95      4.09359e+6 
        3709.13      4.09441e+6 
        3709.21      4.09475e+6 
        3709.49      4.09604e+6 
        3710.11       4.0988e+6 
         3710.9      4.10232e+6 
        3711.01      4.10283e+6 
        3711.12       4.1033e+6 
        3711.21      4.10371e+6 
        3711.32      4.10421e+6 
        3711.34      4.10427e+6 
        3711.46      4.10484e+6 
        3711.52      4.10509e+6 
        3711.58      4.10534e+6 
         3711.6      4.10546e+6 
        3711.69      4.10584e+6 
        3711.75      4.10609e+6 
         3711.8      4.10634e+6 
        3711.86       4.1066e+6 
        3711.91      4.10685e+6 
        3711.97       4.1071e+6 
        3712.03      4.10735e+6 
        3712.08       4.1076e+6 
        3712.14      4.10785e+6 
         3712.2      4.10814e+6 
        3712.25      4.10835e+6 
         3712.3      4.10857e+6 
        3712.33       4.1087e+6 
        3712.33       4.1087e+6 
         3712.4      4.10901e+6 
        3712.48      4.10936e+6 
        3712.63      4.11005e+6 
        3712.93      4.11137e+6 
        3713.23      4.11269e+6 
        3713.53      4.11404e+6 
        3713.83      4.11539e+6 
        3714.24      4.11721e+6 
        3714.42        4.118e+6 
        3714.44      4.11809e+6 
        3714.64      4.11897e+6 
        3715.03      4.12073e+6 
        3715.64      4.12343e+6 
        3716.76      4.12843e+6 
        3716.79      4.12856e+6 
        3716.86      4.12887e+6 
        3716.95      4.12928e+6 
        3717.14      4.13013e+6 
        3717.52      4.13182e+6 
        3718.19      4.13478e+6 
        3718.26      4.13509e+6 
        3718.33       4.1354e+6 
        3718.47      4.13603e+6 
        3718.56      4.13641e+6 
        3718.63      4.13675e+6 
        3718.73      4.13719e+6 
        3718.75      4.13726e+6 
        3718.94      4.13814e+6 
        3719.25      4.13952e+6 
        3719.47      4.14049e+6 
        3719.77      4.14181e+6 
        3720.07      4.14313e+6 
        3720.36      4.14426e+6 
        3720.52      4.14492e+6 
        3720.67      4.14549e+6 
        3720.98      4.14671e+6 
         3721.2      4.14756e+6 
        3721.43      4.14841e+6 
        3721.54      4.14885e+6 
        3721.66      4.14926e+6 
        3721.71      4.14948e+6 
        3721.77       4.1497e+6 
        3721.82      4.14989e+6 
        3721.88      4.15011e+6 
        3721.94      4.15033e+6 
        3721.99      4.15055e+6 
        3722.05      4.15074e+6 
        3722.11      4.15095e+6 
        3722.22      4.15136e+6 
         3722.4      4.15205e+6 
        3722.45      4.15221e+6 
         3722.5       4.1524e+6 
         3722.6      4.15278e+6 
         3722.7      4.15315e+6 
         3722.8      4.15353e+6 
         3722.9      4.15391e+6 
        3723.11      4.15469e+6 
        3723.23      4.15513e+6 
        3723.52      4.15623e+6 
        3723.81       4.1573e+6 
        3724.38      4.15944e+6 
        3725.45      4.16343e+6 
        3725.53      4.16374e+6 
        3725.62      4.16406e+6 
        3725.75      4.16456e+6 
        3725.78      4.16465e+6 
        3725.92      4.16515e+6 
        3725.93      4.16522e+6 
        3726.11      4.16591e+6 
        3726.48      4.16726e+6 
        3727.04      4.16936e+6 
        3727.37      4.17056e+6 
        3728.15      4.17348e+6 
        3728.64       4.1753e+6 
        3728.94      4.17643e+6 
        3729.01      4.17668e+6 
        3729.24      4.17753e+6 
        3729.84      4.17979e+6 
        3730.68      4.18287e+6 
        3732.19      4.18853e+6 
        3732.34      4.18909e+6 
        3732.49      4.18966e+6 
        3732.79      4.19076e+6 
        3733.35      4.19286e+6 
        3733.38      4.19296e+6 
        3733.39      4.19299e+6 
         3733.4      4.19302e+6 
        3733.45      4.19321e+6 
        3733.55      4.19359e+6 
        3733.65      4.19396e+6 
        3733.75      4.19434e+6 
        3733.86      4.19472e+6 
           3734      4.19528e+6 
        3734.04      4.19541e+6 
        3734.06       4.1955e+6 
        3734.08      4.19557e+6 
        3734.13      4.19575e+6 
        3734.14      4.19579e+6 
        3734.16      4.19588e+6 
         3734.2      4.19601e+6 
        3734.25      4.19619e+6 
        3734.31      4.19641e+6 
        3734.37      4.19663e+6 
        3734.43      4.19685e+6 
        3734.48      4.19704e+6 
        3734.54      4.19726e+6 
        3734.65      4.19767e+6 
        3734.83      4.19833e+6 
        3734.88      4.19852e+6 
        3734.93      4.19871e+6 
        3735.03      4.19908e+6 
        3735.12      4.19943e+6 
        3735.17      4.19962e+6 
        3735.23      4.19984e+6 
        3735.33      4.20022e+6 
        3735.39      4.20044e+6 
        3735.49      4.20081e+6 
        3735.82      4.20201e+6 
           3736       4.2027e+6 
        3736.24      4.20361e+6 
        3736.49      4.20452e+6 
        3736.97      4.20631e+6 
        3737.83      4.20948e+6 
        3737.94      4.20992e+6 
        3738.06      4.21036e+6 
        3738.29      4.21124e+6 
        3738.59      4.21231e+6 
        3738.76      4.21297e+6 
        3738.94      4.21363e+6 
        3739.29      4.21492e+6 
         3739.5       4.2157e+6 
        3739.99      4.21753e+6 
        3740.48      4.21935e+6 
        3741.21      4.22208e+6 
        3741.45      4.22296e+6 
        3741.69      4.22387e+6 
        3742.09      4.22535e+6 
        3742.18      4.22563e+6 
        3742.26      4.22594e+6 
        3742.43      4.22657e+6 
        3742.67      4.22748e+6 
        3742.73       4.2277e+6 
        3742.76      4.22783e+6 
         3742.8      4.22796e+6 
        3742.86      4.22821e+6 
        3742.92       4.2284e+6 
        3743.17      4.22931e+6 
        3743.66      4.23116e+6 
        3744.62      4.23471e+6 
        3744.65      4.23484e+6 
        3746.45      4.24146e+6 
        3747.61      4.24577e+6 
        3748.27      4.24822e+6 
        3748.84      4.25035e+6 
         3748.9      4.25057e+6 
        3748.93       4.2507e+6 
        3748.96      4.25079e+6 
        3748.99      4.25089e+6 
        3749.08      4.25123e+6 
        3749.12      4.25136e+6 
        3749.18      4.25161e+6 
        3749.38      4.25233e+6 
        3749.41      4.25243e+6 
        3749.64      4.25328e+6 
        3749.75      4.25372e+6 
        3749.87      4.25412e+6 
        3749.92      4.25434e+6 
        3749.98      4.25456e+6 
        3750.04      4.25475e+6 
        3750.09      4.25497e+6 
        3750.15      4.25519e+6 
        3750.21      4.25538e+6 
        3750.27       4.2556e+6 
        3750.32      4.25582e+6 
        3750.44      4.25623e+6 
        3750.62      4.25689e+6 
        3750.66      4.25708e+6 
        3750.72      4.25727e+6 
        3750.82      4.25764e+6 
        3750.91      4.25799e+6 
        3751.02       4.2584e+6 
        3751.12      4.25877e+6 
        3751.33      4.25956e+6 
        3751.48      4.26009e+6 
        3751.76      4.26113e+6 
        3752.03      4.26214e+6 
        3752.59      4.26421e+6 
        3753.53       4.2677e+6 
         3753.7      4.26829e+6 
        3753.78      4.26861e+6 
        3753.86      4.26889e+6 
        3754.18      4.27008e+6 
        3754.27      4.27043e+6 
        3754.84       4.2725e+6 
        3755.89       4.2764e+6 
        3756.09      4.27712e+6 
        3757.47      4.28221e+6 
        3757.51      4.28234e+6 
        3757.55      4.28249e+6 
        3758.93      4.28758e+6 
        3760.39      4.29295e+6 
        3761.66      4.29764e+6 
        3762.72      4.30153e+6 
        3763.23      4.30342e+6 
        3764.81      4.30923e+6 
        3765.07      4.31017e+6 
         3766.9      4.31689e+6 
        3768.55      4.32293e+6 
        3768.74      4.32365e+6 
        3768.93      4.32434e+6 
        3768.97       4.3245e+6 
         3769.2      4.32531e+6 
        3769.31      4.32575e+6 
        3769.66      4.32701e+6 
        3769.89      4.32786e+6 
        3770.11      4.32867e+6 
        3770.23      4.32908e+6 
        3770.34      4.32952e+6 
         3770.4      4.32974e+6 
        3770.46      4.32993e+6 
        3770.51      4.33015e+6 
        3770.57      4.33034e+6 
        3770.63      4.33056e+6 
        3770.69      4.33078e+6 
        3770.74      4.33097e+6 
         3770.8      4.33119e+6 
        3770.87      4.33144e+6 
        3770.92      4.33163e+6 
        3770.97      4.33182e+6 
        3770.99      4.33188e+6 
           3771      4.33194e+6 
        3771.07      4.33216e+6 
        3771.15      4.33248e+6 
         3771.3      4.33304e+6 
         3771.6      4.33414e+6 
        3771.89      4.33518e+6 
        3771.95      4.33543e+6 
        3772.21      4.33634e+6 
        3772.52       4.3375e+6 
        3773.15      4.33983e+6 
        3774.36      4.34423e+6 
         3775.5      4.34837e+6 
        3776.76      4.35302e+6 
        3777.13      4.35434e+6 
        3778.03      4.35764e+6 
         3778.4      4.35899e+6 
        3778.93      4.36091e+6 
        3780.73      4.36747e+6 
        3781.84      4.37156e+6 
        3783.05      4.37596e+6 
        3783.16      4.37636e+6 
        3784.26      4.38039e+6 
        3785.37      4.38438e+6 
        3786.22      4.38752e+6 
         3787.4      4.39179e+6 
        3787.57      4.39242e+6 
        3788.92      4.39732e+6 
        3790.45      4.40285e+6 
        3792.84      4.41152e+6 
        3793.49      4.41387e+6 
        3794.14      4.41623e+6 
         3794.9      4.41896e+6 
        3795.07      4.41959e+6 
        3795.44      4.42094e+6 
        3795.99      4.42292e+6 
        3796.45      4.42462e+6 
        3796.92      4.42628e+6 
        3797.15       4.4271e+6 
        3797.38      4.42795e+6 
        3797.49      4.42836e+6 
        3797.61      4.42877e+6 
        3797.67      4.42899e+6 
        3797.72      4.42917e+6 
        3797.78      4.42939e+6 
        3797.84      4.42958e+6 
         3797.9       4.4298e+6 
        3797.96      4.43002e+6 
        3798.01      4.43021e+6 
        3798.07      4.43043e+6 
        3798.19      4.43087e+6 
        3798.37      4.43153e+6 
        3798.42      4.43169e+6 
        3798.47      4.43188e+6 
        3798.57      4.43225e+6 
        3798.66      4.43257e+6 
        3798.75      4.43291e+6 
        3798.77      4.43298e+6 
        3798.84      4.43323e+6 
        3798.88      4.43338e+6 
        3798.92      4.43354e+6 
        3799.05      4.43398e+6 
        3799.09      4.43414e+6 
        3799.43      4.43536e+6 
        3799.47      4.43552e+6 
         3799.8      4.43671e+6 
        3800.56      4.43945e+6 
        3801.65      4.44341e+6 
        3802.32      4.44579e+6 
        3803.83      4.45126e+6 
        3805.35      4.45673e+6 
        3807.84      4.46568e+6 
        3808.38      4.46763e+6 
        3808.92      4.46958e+6 
           3810      4.47344e+6 
        3811.59      4.47913e+6 
        3812.16       4.4812e+6 
        3812.74      4.48327e+6 
         3813.9      4.48742e+6 
        3815.78      4.49417e+6 
        3816.09       4.4953e+6 
        3816.21      4.49571e+6 
        3816.64      4.49725e+6 
        3817.44      4.50021e+6 
         3817.5      4.50043e+6 
        3818.92      4.50564e+6 
        3820.39      4.51114e+6 
        3822.57      4.51924e+6 
        3823.35      4.52213e+6 
        3823.51      4.52276e+6 
        3824.13      4.52506e+6 
        3825.68      4.53087e+6 
         3826.8      4.53501e+6 
        3827.86      4.53894e+6 
        3828.91      4.54287e+6 
        3830.45      4.54859e+6 
        3831.02      4.55069e+6 
        3831.59       4.5528e+6 
           3832       4.5543e+6 
        3832.53      4.55625e+6 
        3832.73      4.55701e+6 
        3833.46      4.55971e+6 
        3833.93      4.56144e+6 
        3834.39      4.56316e+6 
        3834.63      4.56401e+6 
        3834.86      4.56489e+6 
        3834.97       4.5653e+6 
        3835.09      4.56574e+6 
        3835.15      4.56593e+6 
        3835.21      4.56615e+6 
        3835.27      4.56634e+6 
        3835.33      4.56656e+6 
        3835.38      4.56678e+6 
        3835.44        4.567e+6 
         3835.5      4.56722e+6 
        3835.56      4.56744e+6 
        3835.63      4.56769e+6 
        3835.68      4.56788e+6 
        3835.73      4.56806e+6 
        3835.74      4.56813e+6 
        3835.77      4.56825e+6 
        3835.83      4.56844e+6 
        3835.91      4.56876e+6 
        3836.07      4.56938e+6 
        3836.38      4.57048e+6 
        3836.65      4.57149e+6 
        3836.98      4.57271e+6 
        3837.03      4.57293e+6 
        3837.31      4.57394e+6 
        3837.97      4.57639e+6 
        3838.65       4.5789e+6 
        3838.91      4.57988e+6 
        3839.18      4.58085e+6 
         3839.7       4.5828e+6 
        3840.76      4.58666e+6 
        3842.75      4.59401e+6 
        3842.83      4.59433e+6 
        3842.87      4.59445e+6 
        3842.91      4.59461e+6 
        3843.07      4.59518e+6 
        3843.38      4.59634e+6 
           3844      4.59863e+6 
        3844.59       4.6008e+6 
        3845.25      4.60322e+6 
        3845.55      4.60432e+6 
        3845.91      4.60564e+6 
        3847.23      4.61051e+6 
        3847.44      4.61129e+6 
        3848.91      4.61666e+6 
        3850.38      4.62204e+6 
        3851.98      4.62794e+6 
        3853.31      4.63284e+6 
        3854.64      4.63774e+6 
         3855.7      4.64164e+6 
         3857.3      4.64752e+6 
        3858.91      4.65339e+6 
        3862.01      4.66473e+6 
        3862.11      4.66511e+6 
        3862.22      4.66548e+6 
        3862.43      4.66627e+6 
        3862.85      4.66781e+6 
        3863.68      4.67086e+6 
        3865.17      4.67629e+6 
        3865.36      4.67698e+6 
        3865.56      4.67771e+6 
        3865.95      4.67912e+6 
        3866.73      4.68198e+6 
        3867.68       4.6854e+6 
        3868.29      4.68763e+6 
         3868.9      4.68986e+6 
        3870.13      4.69432e+6 
        3871.32      4.69866e+6 
        3872.59      4.70325e+6 
        3873.85      4.70783e+6 
        3876.32      4.71682e+6 
        3876.37      4.71698e+6 
        3876.37      4.71698e+6 
        3876.37      4.71698e+6 
        3876.42      4.71716e+6 
        3876.52      4.71754e+6 
        3876.72      4.71826e+6 
        3876.95      4.71905e+6 
        3877.12      4.71971e+6 
        3877.92       4.7226e+6 
         3878.9      4.72612e+6 
        3880.29      4.73114e+6 
        3880.85      4.73315e+6 
        3881.42       4.7352e+6 
        3882.55      4.73928e+6 
         3884.4      4.74594e+6 
         3884.8      4.74739e+6 
        3884.92      4.74783e+6 
         3885.2      4.74883e+6 
        3886.01      4.75172e+6 
        3886.15      4.75222e+6 
         3887.1      4.75562e+6 
        3887.57      4.75731e+6 
        3888.04      4.75901e+6 
        3888.28      4.75986e+6 
        3888.52      4.76068e+6 
        3888.63      4.76108e+6 
        3888.75      4.76149e+6 
        3888.84      4.76181e+6 
        3888.87      4.76187e+6 
        3888.87       4.7619e+6 
         3888.9      4.76199e+6 
        3888.93      4.76209e+6 
        3888.99      4.76228e+6 
        3889.05       4.7625e+6 
        3889.11      4.76272e+6 
        3889.17      4.76294e+6 
        3889.22      4.76316e+6 
        3889.29      4.76344e+6 
        3889.34      4.76363e+6 
        3889.39      4.76382e+6 
        3889.41      4.76385e+6 
        3889.45      4.76401e+6 
        3889.49      4.76416e+6 
        3889.58      4.76448e+6 
        3889.75       4.7651e+6 
        3890.05       4.7662e+6 
        3890.32      4.76715e+6 
        3890.47      4.76774e+6 
        3890.66       4.7684e+6 
           3891      4.76963e+6 
        3891.68      4.77208e+6 
        3892.89      4.77641e+6 
        3893.94      4.78015e+6 
        3894.46      4.78201e+6 
        3895.31      4.78505e+6 
        3896.22      4.78832e+6 
        3896.68      4.78995e+6 
        3898.89      4.79784e+6 
         3899.6      4.80035e+6 
        3901.57      4.80736e+6 
        3903.89      4.81562e+6 
        3904.25      4.81688e+6 
        3908.89      4.83331e+6 
        3913.89      4.85096e+6 
        3918.89         4.87e+6 
        3923.89      4.88923e+6 
        3928.22      4.90579e+6 
        3928.35      4.90632e+6 
        3928.89      4.90836e+6 
        3929.56      4.91094e+6 
         3930.9      4.91606e+6 
        3933.45      4.92577e+6 
        3935.81      4.93472e+6 
        3937.35      4.94053e+6 
        3938.89      4.94637e+6 
        3940.04      4.95071e+6 
        3941.96      4.95797e+6 
        3943.88      4.96522e+6 
        3946.58      4.97537e+6 
        3947.73      4.97971e+6 
        3948.88      4.98401e+6 
        3950.65      4.99064e+6 
        3951.01      4.99202e+6 
        3951.19      4.99265e+6 
        3951.72      4.99463e+6 
        3952.78      4.99862e+6 
        3954.55      5.00522e+6 
        3957.31      5.01549e+6 
        3958.09      5.01841e+6 
        3958.62      5.02039e+6 
        3958.88      5.02133e+6 
        3960.45      5.02715e+6 
        3962.28      5.03393e+6 
        3965.74      5.04669e+6 
        3965.94      5.04744e+6 
        3966.15      5.04819e+6 
        3966.56       5.0497e+6 
        3966.68      5.05011e+6 
        3967.28      5.05234e+6 
        3967.38      5.05269e+6 
        3968.08      5.05526e+6 
        3968.71      5.05756e+6 
        3968.88      5.05818e+6 
        3969.05      5.05878e+6 
        3969.23      5.05944e+6 
        3969.29      5.05966e+6 
        3969.38      5.05997e+6 
        3969.53      5.06051e+6 
        3969.65      5.06092e+6 
        3969.77      5.06133e+6 
        3969.83      5.06155e+6 
        3969.89       5.0617e+6 
        3969.95      5.06189e+6 
        3970.01      5.06208e+6 
        3970.07       5.0623e+6 
        3970.13      5.06252e+6 
        3970.19       5.0628e+6 
        3970.25      5.06305e+6 
        3970.32      5.06334e+6 
        3970.37      5.06356e+6 
        3970.42      5.06374e+6 
        3970.43      5.06378e+6 
        3970.49      5.06403e+6 
        3970.52      5.06415e+6 
        3970.61       5.0645e+6 
         3970.8      5.06519e+6 
         3971.1      5.06632e+6 
        3971.33       5.0672e+6 
        3971.59      5.06817e+6 
         3971.7      5.06855e+6 
        3972.06       5.0699e+6 
        3972.79       5.0726e+6 
        3973.99      5.07703e+6 
        3974.94      5.08049e+6 
         3976.4      5.08583e+6 
        3976.84      5.08746e+6 
        3977.86      5.09117e+6 
        3978.87      5.09488e+6 
        3979.58      5.09745e+6 
         3980.9      5.10226e+6 
        3982.23       5.1071e+6 
        3984.18      5.11417e+6 
        3984.88      5.11671e+6 
        3985.12      5.11759e+6 
        3985.59      5.11929e+6 
        3986.99      5.12438e+6 
        3988.87      5.13116e+6 
        3991.38      5.14018e+6 
        3992.62      5.14467e+6 
        3993.85      5.14907e+6 
        3993.87      5.14913e+6 
        3996.36      5.15806e+6 
        3998.87      5.16704e+6 
        4003.87      5.18482e+6 
        4008.87      5.20254e+6 
        4013.86      5.22045e+6 
        4018.86       5.2387e+6 
        4023.86      5.25683e+6 
        4025.34      5.26217e+6 
        4028.86      5.27486e+6 
        4032.38      5.28749e+6 
        4032.95       5.2895e+6 
        4033.86      5.29277e+6 
         4035.9      5.30006e+6 
        4038.86      5.31058e+6 
        4043.86       5.3283e+6 
        4048.86      5.34589e+6 
        4053.86      5.36339e+6 
        4058.85      5.38076e+6 
        4063.85      5.39804e+6 
        4068.85      5.41519e+6 
        4073.85      5.43222e+6 
        4075.42      5.43756e+6 
        4078.85      5.44916e+6 
        4082.28      5.46068e+6 
        4082.56      5.46163e+6 
           4084      5.46647e+6 
         4085.7      5.47215e+6 
        4088.84      5.48264e+6 
         4089.7      5.48544e+6 
        4093.69      5.49867e+6 
        4096.52      5.50793e+6 
        4097.68      5.51177e+6 
        4098.01      5.51284e+6 
        4098.68        5.515e+6 
        4098.84      5.51554e+6 
        4099.68      5.51824e+6 
        4100.17      5.51981e+6 
        4100.67      5.52138e+6 
        4100.92      5.52217e+6 
        4101.17      5.52292e+6 
         4101.3      5.52327e+6 
        4101.42      5.52361e+6 
        4101.48      5.52377e+6 
        4101.55      5.52389e+6 
        4101.61      5.52399e+6 
        4101.67      5.52411e+6 
        4101.73      5.52427e+6 
         4101.8      5.52452e+6 
        4101.86       5.5248e+6 
        4101.92      5.52512e+6 
        4102.05      5.52565e+6 
         4102.3       5.5266e+6 
        4102.74       5.5282e+6 
        4102.79      5.52835e+6 
        4102.85      5.52854e+6 
        4102.94      5.52886e+6 
        4103.15      5.52955e+6 
         4103.3      5.53005e+6 
        4103.55       5.5309e+6 
        4103.79      5.53175e+6 
        4104.29      5.53341e+6 
        4104.78      5.53505e+6 
        4105.29      5.53671e+6 
        4105.79      5.53838e+6 
        4106.79      5.54168e+6 
        4108.68      5.54786e+6 
        4108.76      5.54815e+6 
         4108.8      5.54827e+6 
        4108.84       5.5484e+6 
        4108.86      5.54846e+6 
           4109      5.54896e+6 
        4109.32      5.55009e+6 
        4109.78      5.55173e+6 
         4110.7      5.55496e+6 
        4111.32      5.55713e+6 
        4112.55      5.56144e+6 
        4113.77      5.56574e+6 
        4114.69      5.56894e+6 
        4116.23      5.57428e+6 
        4116.69      5.57592e+6 
        4117.77      5.57963e+6 
        4118.13      5.58088e+6 
        4118.84      5.58336e+6 
        4120.98      5.59078e+6 
        4123.84      5.60061e+6 
        4126.14      5.60853e+6 
        4128.84      5.61773e+6 
         4129.6      5.62037e+6 
        4131.53      5.62691e+6 
        4133.83      5.63473e+6 
        4134.22      5.63602e+6 
        4138.83      5.65157e+6 
        4143.83      5.66825e+6 
        4148.83      5.68484e+6 
        4153.83      5.70127e+6 
        4158.83      5.71754e+6 
        4163.83      5.73372e+6 
        4168.82      5.74974e+6 
        4173.82      5.76561e+6 
        4178.82      5.78138e+6 
        4183.82      5.79699e+6 
        4188.82      5.81248e+6 
        4193.82      5.82784e+6 
        4198.82      5.84308e+6 
        4203.81      5.85816e+6 
        4208.81      5.87336e+6 
        4213.81      5.88863e+6 
        4216.52      5.89686e+6 
        4217.24        5.899e+6 
        4218.81      5.90374e+6 
         4221.1      5.91062e+6 
        4223.81      5.91873e+6 
        4224.95      5.92215e+6 
        4228.81      5.93356e+6 
        4233.81      5.94826e+6 
        4238.81      5.96281e+6 
        4243.81      5.97719e+6 
         4248.8      5.99146e+6 
         4253.8      6.00556e+6 
         4258.8      6.01951e+6 
         4263.8      6.03333e+6 
         4268.8        6.047e+6 
         4273.8      6.06051e+6 
         4278.8      6.07386e+6 
        4283.79      6.08706e+6 
        4288.79      6.10009e+6 
        4293.79      6.11294e+6 
        4298.79      6.12567e+6 
        4303.79      6.13814e+6 
        4308.79      6.15001e+6 
        4313.79      6.16173e+6 
        4314.07      6.16239e+6 
        4318.78      6.17329e+6 
        4320.85        6.178e+6 
         4323.5      6.18404e+6 
        4326.14      6.18997e+6 
        4326.48      6.19073e+6 
        4328.78      6.19591e+6 
        4330.23      6.19915e+6 
        4331.09      6.20103e+6 
        4331.15      6.20116e+6 
        4331.95      6.20292e+6 
        4333.66      6.20669e+6 
        4334.06      6.20757e+6 
        4336.17      6.21215e+6 
        4337.79      6.21561e+6 
        4338.22      6.21652e+6 
        4338.28      6.21665e+6 
        4338.78      6.21765e+6 
        4338.81      6.21771e+6 
        4339.34      6.21875e+6 
         4339.6      6.21922e+6 
        4339.87      6.21963e+6 
           4340      6.21979e+6 
        4340.13      6.21988e+6 
         4340.2      6.21991e+6 
        4340.26      6.21985e+6 
        4340.33      6.21976e+6 
         4340.4      6.21966e+6 
        4340.46      6.21969e+6 
        4340.53      6.21998e+6 
        4340.59      6.22035e+6 
        4340.66      6.22076e+6 
        4340.79      6.22139e+6 
        4341.01      6.22218e+6 
        4341.06      6.22233e+6 
         4341.1      6.22249e+6 
         4341.2      6.22277e+6 
        4341.23      6.22284e+6 
        4341.24      6.22287e+6 
         4341.4      6.22334e+6 
        4341.58      6.22384e+6 
        4341.94      6.22478e+6 
        4342.64      6.22654e+6 
        4343.33      6.22824e+6 
        4343.57      6.22884e+6 
        4344.04      6.22997e+6 
        4344.75      6.23166e+6 
        4346.17      6.23506e+6 
        4348.58      6.24071e+6 
        4348.78      6.24118e+6 
        4348.98      6.24162e+6 
        4349.37      6.24256e+6 
        4350.17      6.24442e+6 
        4350.32      6.24476e+6 
        4351.76      6.24813e+6 
         4353.2      6.25146e+6 
        4354.73      6.25501e+6 
        4356.08      6.25808e+6 
        4356.08      6.25808e+6 
        4357.43      6.26116e+6 
        4358.77      6.26424e+6 
        4359.17      6.26515e+6 
        4361.47      6.26999e+6 
        4363.77      6.27517e+6 
        4367.98      6.28457e+6 
        4368.38      6.28545e+6 
        4368.52      6.28576e+6 
        4368.77      6.28633e+6 
        4369.56      6.28805e+6 
        4371.15      6.29154e+6 
        4373.77      6.29729e+6 
        4378.77      6.30813e+6 
        4383.77      6.31881e+6 
        4388.77      6.32934e+6 
        4393.77       6.3397e+6 
        4398.76      6.34994e+6 
        4403.76      6.35799e+6 
        4408.76      6.36509e+6 
        4413.76      6.37209e+6 
        4418.76      6.37907e+6 
        4423.76      6.38592e+6 
        4428.76      6.39273e+6 
        4433.75      6.39946e+6 
        4438.75      6.40612e+6 
        4443.75      6.41271e+6 
        4448.75      6.41925e+6 
        4453.75      6.42572e+6 
        4458.75      6.43213e+6 
        4463.75      6.43844e+6 
        4468.74      6.44473e+6 
        4473.74      6.45095e+6 
        4478.74       6.4571e+6 
        4483.74      6.46317e+6 
        4488.74       6.4692e+6 
        4493.74      6.47517e+6 
        4498.74      6.48246e+6 
        4503.74      6.49304e+6 
        4508.73      6.50344e+6 
        4513.73      6.51368e+6 
        4514.12      6.51447e+6 
        4518.73      6.52374e+6 
        4523.35      6.53288e+6 
        4527.19      6.54039e+6 
        4527.96       6.5419e+6 
        4528.73      6.54337e+6 
        4530.27      6.54633e+6 
        4532.97      6.55148e+6 
        4533.29      6.55211e+6 
        4533.35       6.5522e+6 
        4533.73      6.55295e+6 
        4534.49      6.55437e+6 
        4536.01      6.55723e+6 
        4538.73      6.56235e+6 
        4543.73      6.57158e+6 
        4548.72      6.58066e+6 
        4553.72      6.58958e+6 
        4558.72      6.59835e+6 
        4563.72      6.60696e+6 
        4568.72      6.61541e+6 
        4573.72      6.62373e+6 
        4578.72      6.63187e+6 
        4583.72      6.63988e+6 
        4588.71      6.64774e+6 
        4593.71      6.65546e+6 
        4596.53      6.65908e+6 
        4596.98      6.65964e+6 
        4598.71      6.66187e+6 
        4600.89      6.66454e+6 
        4603.71      6.66797e+6 
         4604.8      6.66929e+6 
        4608.71        6.674e+6 
        4613.71      6.67994e+6 
         4618.7      6.68575e+6 
         4623.7       6.6915e+6 
         4628.7      6.69715e+6 
         4633.7      6.70268e+6 
         4638.7      6.70815e+6 
         4643.7      6.71352e+6 
         4648.7       6.7188e+6 
         4653.7      6.72398e+6 
        4658.69      6.72904e+6 
        4663.69      6.73407e+6 
        4668.69      6.73897e+6 
        4673.69      6.74377e+6 
        4678.69      6.74849e+6 
        4683.69      6.75314e+6 
        4688.69      6.75766e+6 
        4693.69       6.7619e+6 
        4698.68       6.7658e+6 
        4703.68       6.7696e+6 
        4708.68      6.77334e+6 
        4713.68      6.77698e+6 
         4715.6      6.77836e+6 
        4718.68      6.78053e+6 
        4720.98      6.78213e+6 
        4721.76       6.7827e+6 
        4723.68      6.78402e+6 
        4724.83       6.7848e+6 
        4728.68      6.78741e+6 
        4733.68      6.79071e+6 
        4738.67      6.79391e+6 
        4743.67      6.79706e+6 
        4748.67      6.80007e+6 
        4753.67      6.80302e+6 
        4758.67      6.80585e+6 
        4763.67      6.80859e+6 
        4768.67      6.81119e+6 
        4773.66      6.81367e+6 
        4778.66      6.81606e+6 
        4783.66      6.81829e+6 
        4788.66       6.8204e+6 
        4793.66      6.82225e+6 
        4798.66      6.82395e+6 
        4803.66      6.82546e+6 
        4808.65      6.82681e+6 
        4813.65      6.82797e+6 
        4818.65      6.82891e+6 
        4823.65      6.82967e+6 
        4828.65       6.8302e+6 
        4833.65      6.83051e+6 
        4834.97      6.83054e+6 
        4838.65      6.83061e+6 
        4839.16      6.83061e+6 
        4842.32      6.83064e+6 
        4845.48      6.83058e+6 
         4845.5      6.83058e+6 
        4847.05      6.83051e+6 
        4848.64      6.83045e+6 
        4851.78      6.83033e+6 
        4854.39      6.83023e+6 
        4856.52      6.83007e+6 
         4858.4      6.82982e+6 
        4858.64      6.82976e+6 
        4858.66      6.82976e+6 
        4858.88       6.8297e+6 
        4859.36      6.82951e+6 
        4859.47      6.82945e+6 
        4860.06      6.82907e+6 
        4860.36      6.82875e+6 
        4860.66      6.82825e+6 
        4860.81      6.82787e+6 
        4860.95      6.82728e+6 
        4861.03      6.82687e+6 
         4861.1      6.82624e+6 
        4861.18      6.82546e+6 
        4861.25      6.82467e+6 
        4861.32      6.82423e+6 
         4861.4      6.82473e+6 
        4861.47      6.82558e+6 
        4861.54      6.82643e+6 
        4861.64      6.82725e+6 
        4861.69      6.82756e+6 
        4861.69      6.82756e+6 
        4861.69      6.82759e+6 
        4861.69      6.82759e+6 
        4861.74      6.82784e+6 
        4861.84      6.82828e+6 
        4861.98      6.82875e+6 
        4861.99      6.82879e+6 
        4862.28      6.82951e+6 
        4862.58      6.83007e+6 
         4862.6      6.83011e+6 
        4863.18      6.83095e+6 
        4863.73      6.83161e+6 
        4863.76      6.83164e+6 
        4864.93      6.83284e+6 
        4866.13      6.83394e+6 
        4868.41      6.83592e+6 
        4868.53      6.83604e+6 
        4868.64      6.83614e+6 
        4868.86      6.83633e+6 
        4869.32       6.8367e+6 
        4869.58      6.83692e+6 
        4870.22      6.83746e+6 
        4870.86      6.83802e+6 
        4872.13      6.83909e+6 
        4874.62      6.84116e+6 
        4874.69      6.84123e+6 
        4874.75      6.84129e+6 
        4874.87      6.84138e+6 
        4875.12       6.8416e+6 
        4875.61      6.84201e+6 
        4876.61      6.84283e+6 
        4878.45      6.84437e+6 
        4878.54      6.84443e+6 
        4878.59      6.84449e+6 
        4878.64      6.84453e+6 
        4878.82      6.84468e+6 
        4879.19      6.84496e+6 
        4879.53      6.84525e+6 
        4879.92      6.84559e+6 
        4880.32      6.84591e+6 
        4880.94      6.84641e+6 
        4881.12      6.84657e+6 
        4882.71      6.84786e+6 
        4884.48      6.84927e+6 
         4887.4      6.85153e+6 
        4888.02        6.852e+6 
        4888.63      6.85247e+6 
        4889.87      6.85342e+6 
        4891.06       6.8543e+6 
        4892.35      6.85524e+6 
        4893.63      6.85615e+6 
        4893.78      6.85627e+6 
         4896.2      6.85797e+6 
        4898.63      6.85964e+6 
        4903.34      6.86271e+6 
        4903.48      6.86281e+6 
        4903.63       6.8629e+6 
        4903.92      6.86306e+6 
         4904.5      6.86344e+6 
        4905.66      6.86416e+6 
        4907.33      6.86517e+6 
        4907.98      6.86554e+6 
        4908.63      6.86595e+6 
        4909.93       6.8667e+6 
        4911.43      6.86755e+6 
        4912.53      6.86818e+6 
        4913.01      6.86843e+6 
        4913.63      6.86878e+6 
        4915.55      6.86985e+6 
        4915.82      6.86997e+6 
        4918.24      6.87126e+6 
        4918.63      6.87145e+6 
         4921.7      6.87299e+6 
        4923.62      6.87393e+6 
        4925.16      6.87468e+6 
        4928.62      6.87629e+6 
        4933.62      6.87845e+6 
        4938.62       6.8805e+6 
        4943.62      6.88241e+6 
        4948.62      6.88423e+6 
        4953.62      6.88593e+6 
        4958.61      6.88753e+6 
        4963.61      6.88901e+6 
        4968.61      6.89042e+6 
        4973.61      6.89174e+6 
        4978.61        6.893e+6 
        4983.61      6.89416e+6 
        4988.61      6.89514e+6 
        4993.61      6.89602e+6 
         4998.6      6.89686e+6 
         5003.6      6.89765e+6 
         5008.6      6.89837e+6 
         5013.6      6.89903e+6 
         5018.6      6.89966e+6 
         5023.6      6.90023e+6 
         5028.6      6.90073e+6 
         5033.6      6.90117e+6 
        5038.59      6.90158e+6 
        5043.59      6.90195e+6 
        5048.59      6.90227e+6 
        5053.59      6.90255e+6 
        5058.59      6.90277e+6 
        5063.59      6.90293e+6 
        5068.59      6.90308e+6 
        5073.58      6.90318e+6 
        5078.58      6.90321e+6 
        5083.58      6.90302e+6 
        5088.58      6.90274e+6 
        5093.58      6.90239e+6 
        5098.58      6.90202e+6 
        5103.58      6.90161e+6 
        5108.57      6.90117e+6 
        5113.57       6.9007e+6 
        5118.57      6.90016e+6 
        5123.57      6.89963e+6 
        5128.57      6.89906e+6 
        5133.57      6.89847e+6 
        5138.57      6.89781e+6 
        5143.57      6.89715e+6 
        5148.56      6.89646e+6 
        5153.56       6.8957e+6 
        5158.56      6.89495e+6 
        5163.56      6.89416e+6 
        5168.56      6.89331e+6 
        5173.56      6.89247e+6 
        5178.56      6.89152e+6 
        5183.56      6.89046e+6 
        5188.55      6.88936e+6 
        5193.55      6.88819e+6 
        5198.55      6.88703e+6 
        5203.55      6.88584e+6 
        5208.55      6.88464e+6 
        5213.55      6.88339e+6 
        5218.55       6.8821e+6 
        5223.54      6.88081e+6 
        5228.54      6.87949e+6 
        5233.54      6.87814e+6 
        5238.54      6.87676e+6 
        5243.54      6.87534e+6 
        5248.54      6.87393e+6 
        5253.54      6.87249e+6 
        5258.53      6.87101e+6 
        5263.53       6.8695e+6 
        5268.53      6.86796e+6 
        5273.53      6.86639e+6 
        5278.53      6.86551e+6 
        5283.53      6.86473e+6 
        5288.53      6.86388e+6 
        5293.52        6.863e+6 
        5298.52      6.86206e+6 
        5303.52      6.86108e+6 
        5308.52      6.86004e+6 
        5313.52      6.85901e+6 
        5318.52      6.85791e+6 
        5323.52      6.85678e+6 
        5328.52      6.85558e+6 
        5333.52      6.85436e+6 
        5338.51      6.85313e+6 
        5343.51      6.85181e+6 
        5348.51      6.85049e+6 
        5353.51      6.84911e+6 
        5358.51      6.84773e+6 
        5363.51      6.84663e+6 
        5368.51      6.84512e+6 
         5373.5       6.8433e+6 
         5378.5      6.84098e+6 
         5383.5      6.83865e+6 
         5388.5      6.83629e+6 
         5393.5      6.83391e+6 
         5398.5      6.83152e+6 
         5403.5       6.8291e+6 
        5408.49      6.82665e+6 
        5413.49       6.8242e+6 
        5418.49      6.82172e+6 
        5423.49      6.81924e+6 
        5428.49      6.81669e+6 
        5433.49      6.81418e+6 
        5438.49       6.8116e+6 
        5443.48      6.80903e+6 
        5448.48      6.80642e+6 
        5453.48      6.80381e+6 
        5458.48      6.80117e+6 
        5463.48      6.79853e+6 
        5468.48      6.79583e+6 
        5473.48      6.79363e+6 
        5478.48       6.7914e+6 
        5483.48      6.78917e+6 
        5488.47      6.78691e+6 
        5493.47      6.78458e+6 
        5498.47      6.78229e+6 
        5503.47      6.77993e+6 
        5508.47      6.77758e+6 
        5513.47      6.77519e+6 
        5518.47      6.77277e+6 
        5523.46      6.77032e+6 
        5528.46      6.76787e+6 
        5533.46      6.76539e+6 
        5538.46      6.76288e+6 
        5543.46      6.76036e+6 
        5548.46      6.75782e+6 
        5553.46      6.75524e+6 
        5558.45      6.75263e+6 
        5563.45      6.75003e+6 
        5568.45      6.74739e+6 
        5573.45      6.74472e+6 
        5578.45      6.74201e+6 
        5583.45      6.73931e+6 
        5588.45      6.73658e+6 
        5593.44      6.73382e+6 
        5598.44      6.73105e+6 
        5603.44      6.72825e+6 
        5608.44      6.72543e+6 
        5613.44       6.7226e+6 
        5618.44      6.71974e+6 
        5623.44      6.71698e+6 
        5628.44      6.71405e+6 
        5633.43      6.71116e+6 
        5638.43      6.70821e+6 
        5643.43      6.70526e+6 
        5648.43      6.70231e+6 
        5653.43      6.69932e+6 
        5658.43       6.6963e+6 
        5663.43      6.69326e+6 
        5668.43      6.69043e+6 
        5673.42      6.68735e+6 
        5673.98      6.68701e+6 
        5678.42      6.68427e+6 
        5682.86      6.68151e+6 
         5686.2       6.6794e+6 
        5687.31      6.67871e+6 
        5687.86      6.67837e+6 
        5688.42      6.67802e+6 
        5690.64      6.67664e+6 
        5693.42      6.67488e+6 
        5698.42      6.67171e+6 
        5703.41      6.66853e+6 
        5704.77      6.66765e+6 
        5708.41      6.66533e+6 
        5708.88      6.66501e+6 
        5712.06      6.66297e+6 
        5713.41      6.66212e+6 
        5715.23      6.66093e+6 
        5718.41      6.65889e+6 
        5723.41      6.65562e+6 
        5728.41      6.65235e+6 
        5733.41      6.64909e+6 
        5738.41      6.64576e+6 
         5743.4      6.64246e+6 
         5748.4      6.63913e+6 
         5753.4      6.63577e+6 
         5758.4       6.6324e+6 
         5763.4      6.62684e+6 
         5768.4      6.62342e+6 
         5773.4      6.61996e+6 
         5778.4      6.61651e+6 
        5783.39      6.61305e+6 
        5788.39      6.60957e+6 
        5793.39      6.60605e+6 
        5798.39      6.60256e+6 
        5803.39      6.59901e+6 
        5808.39      6.59546e+6 
        5813.39      6.59191e+6 
        5818.39      6.58833e+6 
        5823.38      6.58472e+6 
        5828.38       6.5811e+6 
        5833.38      6.57749e+6 
        5838.38      6.57385e+6 
        5843.38       6.5702e+6 
        5848.38      6.56653e+6 
        5853.38      6.56285e+6 
        5858.37      6.55914e+6 
        5863.37      6.55547e+6 
        5868.37      6.55173e+6 
        5873.37      6.54802e+6 
        5878.37      6.54428e+6 
        5883.37      6.54051e+6 
        5888.37      6.53674e+6 
        5893.36      6.53294e+6 
        5898.36      6.52914e+6 
        5903.36      6.52534e+6 
        5908.36      6.52151e+6 
        5913.36      6.51767e+6 
        5918.36      6.51381e+6 
        5923.36      6.50995e+6 
        5928.35      6.50605e+6 
        5933.35      6.50215e+6 
        5938.35      6.49826e+6 
        5943.35      6.49433e+6 
        5948.35      6.49037e+6 
        5953.35      6.48645e+6 
        5958.35      6.48246e+6 
        5963.35      6.47844e+6 
        5968.34      6.47441e+6 
        5973.34      6.47039e+6 
        5978.34      6.46637e+6 
        5983.34      6.46232e+6 
        5988.34      6.45823e+6 
        5993.34      6.45415e+6 
        5998.34      6.45007e+6 
        6003.34      6.44598e+6 
        6008.33      6.44187e+6 
        6013.33      6.43772e+6 
        6018.33       6.4336e+6 
        6023.33      6.42943e+6 
        6028.33      6.42528e+6 
        6033.33       6.4211e+6 
        6038.32      6.41692e+6 
        6043.32      6.41271e+6 
        6048.32       6.4085e+6 
        6053.32      6.40426e+6 
        6058.32      6.40002e+6 
        6063.32      6.39578e+6 
        6068.32      6.39151e+6 
        6073.32      6.38723e+6 
        6078.31      6.38293e+6 
        6083.31      6.37866e+6 
        6088.31      6.37432e+6 
        6093.31      6.37002e+6 
        6098.31      6.36568e+6 
        6103.31      6.36132e+6 
        6108.31      6.35695e+6 
        6113.31      6.35258e+6 
         6118.3      6.34822e+6 
         6123.3      6.34382e+6 
         6128.3      6.33939e+6 
         6133.3      6.33496e+6 
         6138.3      6.33053e+6 
         6143.3       6.3261e+6 
         6148.3      6.32164e+6 
        6153.29      6.31715e+6 
        6158.29      6.31265e+6 
        6163.29      6.30813e+6 
        6168.29      6.30364e+6 
        6173.29      6.29908e+6 
        6178.29      6.29456e+6 
        6183.29         6.29e+6 
        6188.28      6.28542e+6 
        6193.28      6.28083e+6 
        6198.28      6.27624e+6 
        6203.28      6.27162e+6 
        6208.28      6.26697e+6 
        6213.28      6.26233e+6 
        6218.28      6.25768e+6 
        6223.28      6.25299e+6 
        6228.27      6.24831e+6 
        6233.27       6.2436e+6 
        6238.27      6.23889e+6 
        6243.27      6.23415e+6 
        6244.38      6.23308e+6 
        6248.27      6.22937e+6 
        6252.16      6.22566e+6 
        6253.82      6.22406e+6 
        6256.04      6.22196e+6 
        6258.27      6.21982e+6 
        6262.16      6.21608e+6 
        6262.71      6.21555e+6 
        6263.27      6.21501e+6 
        6264.37      6.21394e+6 
        6264.91      6.21341e+6 
        6266.59      6.21178e+6 
        6268.26      6.21017e+6 
        6269.97      6.20851e+6 
        6271.61      6.20691e+6 
        6273.26      6.20531e+6 
        6274.85      6.20377e+6 
        6276.56       6.2021e+6 
        6278.26      6.20044e+6 
        6280.08      6.19868e+6 
        6281.67      6.19711e+6 
        6283.26      6.19553e+6 
        6284.63      6.19422e+6 
        6286.44      6.19242e+6 
        6288.26      6.19063e+6 
        6290.52       6.1884e+6 
        6291.89      6.18705e+6 
        6293.26       6.1857e+6 
        6293.73      6.18523e+6 
        6295.99      6.18297e+6 
        6298.26      6.18074e+6 
        6302.31      6.17669e+6 
        6302.78      6.17621e+6 
        6303.25      6.17574e+6 
        6303.92      6.17508e+6 
         6304.2       6.1748e+6 
        6306.09      6.17292e+6 
        6308.25      6.17072e+6 
        6311.92      6.16704e+6 
        6312.59      6.16635e+6 
        6313.25      6.16569e+6 
        6314.58      6.16434e+6 
        6316.22      6.16267e+6 
        6317.23      6.16164e+6 
        6317.31      6.16157e+6 
        6318.25       6.1606e+6 
        6320.28      6.15856e+6 
        6323.25      6.15551e+6 
        6328.25      6.15039e+6 
        6333.25      6.14521e+6 
        6338.24      6.14002e+6 
        6343.24      6.13478e+6 
        6348.24      6.12953e+6 
        6353.24      6.12422e+6 
        6358.24      6.11885e+6 
        6363.24      6.11345e+6 
        6368.24      6.10801e+6 
        6373.23      6.10251e+6 
        6378.23      6.09698e+6 
        6383.23      6.09136e+6 
        6388.23       6.0857e+6 
        6393.23      6.07999e+6 
        6398.23      6.07418e+6 
        6403.23       6.0683e+6 
        6408.23      6.06236e+6 
        6413.22      6.05633e+6 
        6418.22       6.0502e+6 
        6423.22      6.04398e+6 
        6428.22      6.03767e+6 
        6433.22      6.03123e+6 
        6438.22       6.0247e+6 
        6443.22        6.018e+6 
        6448.22      6.01119e+6 
        6453.21      6.00424e+6 
        6458.21      5.99711e+6 
        6463.21      5.98982e+6 
        6468.21      5.98235e+6 
        6473.21      5.97468e+6 
        6478.21      5.96683e+6 
         6483.2      5.95872e+6 
         6488.2       5.9504e+6 
         6493.2      5.94182e+6 
         6498.2      5.93296e+6 
         6503.2      5.92385e+6 
         6508.2      5.91446e+6 
         6513.2      5.90478e+6 
         6518.2      5.89485e+6 
        6523.19      5.88461e+6 
        6523.72      5.88354e+6 
        6528.19      5.87415e+6 
        6532.67       5.8646e+6 
         6536.1      5.85719e+6 
        6537.14      5.85492e+6 
        6537.38      5.85439e+6 
        6538.19      5.85263e+6 
        6540.29      5.84804e+6 
        6543.19      5.84167e+6 
        6546.46      5.83447e+6 
        6546.72      5.83387e+6 
        6548.19      5.83064e+6 
        6549.92      5.82677e+6 
        6553.11      5.81958e+6 
        6554.43      5.81653e+6 
        6556.31      5.81201e+6 
        6556.87       5.8106e+6 
         6557.9      5.80786e+6 
        6558.19      5.80708e+6 
         6559.5      5.80302e+6 
         6560.3      5.80007e+6 
         6561.1      5.79624e+6 
         6561.5      5.79366e+6 
         6561.9      5.79008e+6 
        6562.09      5.78754e+6 
        6562.29      5.78392e+6 
        6562.39      5.78128e+6 
        6562.49       5.7777e+6 
        6562.59      5.77286e+6 
        6562.69      5.76809e+6 
        6562.79      5.76555e+6 
        6562.89      5.76787e+6 
        6562.99      5.77249e+6 
        6563.09      5.77717e+6 
        6563.29      5.78298e+6 
        6563.64      5.78794e+6 
        6563.69      5.78838e+6 
        6563.69      5.78842e+6 
        6563.69      5.78842e+6 
        6563.74      5.78889e+6 
        6563.84      5.78967e+6 
        6564.04      5.79099e+6 
        6564.29      5.79231e+6 
        6564.39      5.79275e+6 
        6564.44      5.79294e+6 
        6564.49      5.79313e+6 
        6564.69      5.79385e+6 
        6565.08      5.79498e+6 
        6565.64      5.79624e+6 
        6565.86      5.79665e+6 
        6566.09      5.79699e+6 
        6566.54      5.79765e+6 
        6566.69      5.79784e+6 
        6567.09      5.79828e+6 
        6567.44      5.79866e+6 
        6568.18      5.79932e+6 
        6569.28       5.8001e+6 
        6570.48      5.80079e+6 
        6571.48      5.80133e+6 
        6572.47      5.80177e+6 
        6573.27      5.80211e+6 
        6574.47      5.80262e+6 
        6575.67      5.80309e+6 
        6577.95      5.80394e+6 
        6578.06      5.80397e+6 
        6578.18      5.80403e+6 
        6578.41      5.80409e+6 
        6578.87      5.80425e+6 
        6579.79       5.8046e+6 
        6580.08      5.80469e+6 
        6581.63      5.80522e+6 
        6583.18      5.80576e+6 
        6584.38      5.80613e+6 
        6586.28      5.80676e+6 
        6587.91      5.80727e+6 
        6588.18      5.80736e+6 
        6588.44      5.80745e+6 
        6588.98      5.80761e+6 
        6590.04      5.80793e+6 
        6591.02      5.80821e+6 
        6592.17      5.80855e+6 
        6593.01      5.80877e+6 
        6593.31      5.80887e+6 
        6595.59      5.80946e+6 
        6598.17      5.81006e+6 
        6603.34       5.8111e+6 
        6613.66       5.8122e+6 
         6634.3       5.8106e+6 
        6639.69      5.80937e+6 
        6675.58      5.79451e+6 
        6711.48      5.77151e+6 
        6741.75      5.74849e+6 
        6783.26      5.71352e+6 
        6824.78      5.67617e+6 
        6907.81      5.59813e+6 
        6990.84      5.51745e+6 
         7038.6      5.47039e+6 
        7073.87      5.43546e+6 
        7109.15       5.4004e+6 
        7179.69      5.33059e+6 
        7250.24       5.2606e+6 
        7320.78      5.19054e+6 
        7389.14      5.12369e+6 
        7391.33      5.12152e+6 
        7393.51      5.11935e+6 
        7397.89      5.11502e+6 
        7406.65      5.10638e+6 
        7424.15      5.08913e+6 
        7459.17      5.05463e+6 
         7529.2      4.98583e+6 
        7599.23      4.91728e+6 
        7660.63      4.85744e+6 
        7669.25      4.84905e+6 
        7677.88      4.84066e+6 
        7695.14      4.82407e+6 
        7729.65      4.79093e+6 
        7798.67      4.72489e+6 
        7867.69       4.6593e+6 
        7911.17      4.61817e+6 
        7936.71      4.59414e+6 
        7962.25      4.57014e+6 
        8013.32      4.52264e+6 
        8046.24      4.49213e+6 
         8064.4      4.47539e+6 
        8082.55      4.45864e+6 
        8118.86      4.42544e+6 
        8180.09      4.36974e+6 
        8191.47       4.3594e+6 
        8200.85      4.35092e+6 
        8202.85      4.34913e+6 
        8204.85      4.34734e+6 
        8208.85      4.34372e+6 
        8216.85      4.33653e+6 
        8232.84      4.32217e+6 
        8264.83      4.29355e+6 
        8289.72      4.27137e+6 
        8328.82      4.23669e+6 
        8343.44      4.22375e+6 
        8367.92      4.20216e+6 
        8371.47      4.19905e+6 
        8388.68        4.184e+6 
        8392.39      4.18077e+6 
        8408.65      4.16657e+6 
        8413.32      4.16252e+6 
        8432.02      4.14624e+6 
        8437.95      4.14109e+6 
        8467.25      4.11574e+6 
        8473.98      4.10993e+6 
        8502.48      4.08536e+6 
        8516.58      4.07326e+6 
        8530.98      4.06092e+6 
        8545.38       4.0487e+6 
        8549.97       4.0448e+6 
        8574.18      4.02432e+6 
        8598.39       4.0039e+6 
         8628.6      3.97851e+6 
        8646.81      3.96328e+6 
        8652.39      3.95863e+6 
        8665.01       3.9481e+6 
        8685.59      3.93098e+6 
        8701.43      3.91785e+6 
        8750.47      3.87739e+6 
        8767.92      3.86306e+6 
        8815.35      3.82435e+6 
        8862.78      3.78622e+6 
        8900.38      3.75625e+6 
        8957.65      3.71091e+6 
        9014.91      3.66602e+6 
        9044.62      3.64293e+6 
        9072.17       3.6216e+6 
        9099.72      3.60039e+6 
        9154.81      3.55861e+6 
         9190.8      3.53156e+6 
         9209.9      3.51723e+6 
        9229.01        3.503e+6 
        9267.22      3.47463e+6 
         9303.2      3.44812e+6 
        9343.64      3.41852e+6 
        9384.08      3.38915e+6 
        9464.96      3.33153e+6 
        9545.72      3.27486e+6 
        9545.84      3.27476e+6 
        9545.97       3.2747e+6 
        9546.21      3.27451e+6 
        9546.69       3.2742e+6 
        9546.87      3.27407e+6 
        9547.66      3.27351e+6 
        9549.59      3.27216e+6 
        9553.47      3.26949e+6 
        9561.21      3.26411e+6 
        9576.69      3.25337e+6 
        9607.66      3.23201e+6 
        9668.45      3.19041e+6 
        9729.24      3.14967e+6 
        9790.04      3.10937e+6 
        9850.83      3.06956e+6 
        9870.42      3.05683e+6 
        9911.62      3.03023e+6 
        9952.82      3.00385e+6 
        10021.1      2.96097e+6 
        10035.2      2.95215e+6 
        10049.4      2.94335e+6 
        10077.7      2.92585e+6 
        10134.2      2.89113e+6 
        10144.5      2.88489e+6 
        10190.8      2.85681e+6 
        10237.2      2.82899e+6 
        10329.9      2.77522e+6 
        10422.6      2.72242e+6 
        10515.3       2.6706e+6 
          10608      2.61975e+6 
        10700.7      2.56985e+6 
        10793.4      2.52091e+6 
        10834.1      2.49971e+6 
        10886.1       2.4729e+6 
        10938.1      2.44638e+6 
        10990.1      2.42018e+6 
          11042      2.39425e+6 
          11094      2.36861e+6 
          11146      2.34325e+6 
          11198      2.31817e+6 
          11239      2.29858e+6 
          11250      2.29338e+6 
        11260.9      2.28819e+6 
        11282.8      2.27819e+6 
        11326.6      2.25832e+6 
        11414.2      2.21912e+6 
        11501.8      2.18062e+6 
        11589.4       2.1428e+6 
          11677      2.10566e+6 
        11764.6      2.06918e+6 
        11852.2      2.03337e+6 
        11939.8      1.99821e+6 
        12027.4      1.96368e+6 
          12115       1.9298e+6 
        12120.6      1.92766e+6 
        12202.6      1.89654e+6 
        12284.6      1.86595e+6 
        12366.6      1.83707e+6 
        12448.7      1.80864e+6 
        12530.7      1.78067e+6 
        12612.7      1.75315e+6 
        12694.7      1.72608e+6 
        12735.4      1.71281e+6 
        12776.7      1.69943e+6 
        12818.1      1.68614e+6 
        12900.8      1.66002e+6 
        12983.5      1.63431e+6 
        13066.2      1.60902e+6 
        13148.9      1.58415e+6 
        13154.8      1.58239e+6 
        13231.6       1.5597e+6 
        13308.4      1.53735e+6 
        13385.1       1.5164e+6 
        13461.9      1.49574e+6 
        13538.7      1.47537e+6 
        13615.5      1.45529e+6 
        13692.3      1.43551e+6 
        13769.1        1.416e+6 
        13845.9      1.39677e+6 
        13922.7      1.37782e+6 
        13999.5      1.35914e+6 
        14076.2      1.34074e+6 
          14153       1.3226e+6 
        14229.8      1.30473e+6 
        14281.2      1.29293e+6 
        14306.6      1.28712e+6 
        14332.1      1.28133e+6 
          14383      1.27019e+6 
        14410.1      1.26428e+6 
        14427.1      1.26061e+6 
        14433.9      1.25914e+6 
        14457.6      1.25402e+6 
        14505.2      1.24392e+6 
        14581.2      1.22792e+6 
        14583.2       1.2275e+6 
        14585.2      1.22708e+6 
        14589.2      1.22627e+6 
        14597.2      1.22464e+6 
        14613.2      1.22139e+6 
        14645.2      1.21492e+6 
        14709.2      1.20207e+6 
        14773.2      1.18936e+6 
        14837.1      1.17678e+6 
        14901.1      1.16434e+6 
        14965.1      1.15203e+6 
        15029.1      1.13986e+6 
        15093.1      1.12782e+6 
        15157.1       1.1159e+6 
          15221      1.10412e+6 
          15285      1.09246e+6 
          15349      1.08093e+6 
          15413      1.06953e+6 
        15471.6       1.0592e+6 
          15477      1.05825e+6 
        15482.4      1.05731e+6 
        15493.1      1.05537e+6 
        15514.7      1.05151e+6 
        15557.9      1.04383e+6 
        15644.2      1.02865e+6 
        15730.5       1.0137e+6 
        15816.8          998986 
        15903.1          984506 
        15989.4          970256 
        16075.8          956229 
        16162.1          942421 
        16248.4          928834 
        16289.9          922378 
        16334.7          915460 
        16379.5          908602 
        16469.1          893013 
        16558.8          877752 
        16648.4          862804 
          16738          848167 
        16827.7          833832 
        16917.3          819789 
        17006.9          806035 
        17096.6          792561 
        17186.2          779363 
        17275.8          766429 
        17327.7          759065 
        17365.5          753759 
        17403.2          748494 
        17478.8          738095 
        17554.3          727869 
        17629.9          717819 
        17705.4          707939 
          17781          698222 
        17856.5          688669 
        17932.1          679272 
        18007.6          669630 
        18083.2          660504 
        18158.7          651519 
        18234.3          642676 
        18309.8          633964 
        18343.7          630097 
        18385.3          625387 
          18427          620719 
        18510.2          611505 
        18593.4          602451 
        18602.1          601514 
        18676.6          593569 
        18751.1          585744 
        18825.6          578248 
        18900.2          570862 
        18974.7          563599 
        19049.2          556445 
        19123.7          549392 
        19198.3          542437 
        19272.8          535579 
        19347.3          528818 
          19393          524721 
        19421.9          522155 
        19450.7          519607 
        19508.3          514549 
        19565.9          509780 
        19623.6          504813 
        19681.2          499909 
        19738.8          495062 
        19796.5          490271 
        19854.1          485536 
        19911.7          480862 
        19969.4          476237 
          20027          471672 
        20084.6          467158 
        20142.3          462697 
        20199.9          458289 
        20257.5          453932 
        20315.2          449625 
        20372.8          445368 
        20386.4          444366 
        20430.4          441161 
        20474.4          437985 
        20562.3          431718 
        20650.3          425560 
        20738.2          419509 
        20826.2          413566 
        20914.1          407725 
        21002.1          401986 
          21090          396343 
        21177.9          390802 
        21265.9          385351 
        21353.8          379998 
        21441.8          374732 
        21529.7          369558 
        21604.7          365216 
        21617.7          364472 
        21630.6          363730 
        21656.5          362254 
        21708.4          359320 
        21760.2          356414 
          21812          353539 
        21863.8          350690 
        21915.7          347872 
        21967.5          345082 
        22019.3          342317 
        22071.1          339581 
          22123          336870 
        22174.8          334187 
        22226.6          331532 
        22278.4          328900 
        22330.3          326295 
        22382.1          323716 
        22433.9          321162 
        22485.8          318633 
        22537.6          316126 
        22589.4          313647 
        22641.2          311190 
        22693.1          308757 
        22702.9          308296 
        22744.9          306347 
        22784.8          304505 
        22786.8          304413 
        22788.8          304321 
        22792.8          304138 
        22800.8          303772 
        22816.8          303040 
        22848.8          301585 
        22912.8          298699 
        22976.8          295847 
        23040.8          293029 
        23104.8          290244 
        23168.7          287492 
        23232.7          284771 
        23296.7          282083 
        23360.7          279426 
        23424.7          276799 
        23488.6          274203 
        23552.6          271637 
        23616.6          269101 
        23680.6          266593 
        23744.6          264115 
        23808.6          261665 
        23872.5          259243 
        23936.5          256849 
        24000.5          254482 
        24064.5          252141 
        24128.5          249828 
        24192.5          247541 
        24256.4          245279 
        24320.4          243043 
        24384.4          240832 
        24448.4          238645 
        24512.4          236484 
        24576.3          234346 
        24640.3          232232 
        24704.3          230142 
        24768.3          228076 
        24832.3          226032 
        24896.3          224010 
        24960.2          222011 
        25004.4          220643 
        25024.2          220034 
          25044          219427 
        25083.6          218219 
        25162.8          215829 
        25241.9          213471 
        25321.1          211145 
        25400.2          208850 
        25479.4          206585 
        25558.5          204351 
        25637.7          202147 
        25716.9          199972 
          25796          197827 
        25875.2          195709 
        25954.3          193620 
        26033.5          191558 
        26112.7          189523 
        26191.8          187515 
          26271          185533 
        26350.1          183577 
        26429.3          181646 
        26508.4          179741 
        26587.6          177860 
        26666.8          176003 
        26745.9          174171 
        26825.1          172362 
        26904.2          170576 
        26983.4          168813 
        27062.6          167073 
        27141.7          165355 
        27142.5          165337 
        27220.9          163658 
        27299.2          162001 
        27377.5          160365 
        27455.8          158750 
        27534.2          157155 
        27612.5          155579 
        27690.8          154023 
        27769.1          152486 
        27847.5          150968 
        27925.8          149469 
        28004.1          147988 
        28082.4          146526 
        28160.8          145081 
        28239.1          143654 
        28317.4          142244 
        28395.7          140852 
          28474          139476 
        28552.4          138117 
        28630.7          136774 
          28709          135448 
        28787.3          134137 
        28865.7          132842 
          28944          131562 
        29022.3          130298 
        29100.6          129048 
          29179          127814 
        29257.3          126594 
        29335.6          125389 
        29413.9          124198 
        29492.3          123020 
        29570.6          121857 
        29648.9          120707 
        29727.2          119571 
        29805.5          118447 
        29883.9          117337 
        29932.6          116653 
        29962.2          116240 
        29991.8          115829 
