# Koester WD models
# teff = 5750 K (value for the effective temperature for the model. Temperatures are given in K)
# logg = 9.5 log(cm/s2) (value for Log(G) for the model.)
#
# column 1: WAVELENGTH (ANGSTROM), Wavelength in Angstrom
# column 2: FLUX (ERG/CM2/S/A), Flux in erg/cm2/s/A
         899.23       0.0133529 
        899.395       0.0134235 
        899.724       0.0135656 
        900.385       0.0138542 
        900.439       0.0138782 
        901.704       0.0144484 
         902.97       0.0150401 
        904.235       0.0156541 
        904.291       0.0156819 
        905.501       0.0162913 
        905.529       0.0163057 
        906.766       0.0169523 
        908.003       0.0176225 
         908.45       0.0178703 
        909.241       0.0183172 
        910.032       0.0187743 
        911.193       0.0194647 
        911.613       0.0197204 
        912.034       0.0199791 
        912.465        0.020248 
        912.875       0.0205061 
        913.037       0.0206093 
        913.241       0.0207398 
        913.284       0.0207674 
        913.478       0.0208923 
        913.531       0.0209266 
        913.755       0.0210713 
        913.822        0.021115 
         914.08       0.0212839 
        914.165       0.0213398 
        914.499       0.0215609 
        914.575       0.0216115 
        915.071       0.0219437 
         915.54       0.0222629 
        915.609       0.0223095 
        915.643       0.0223328 
        915.677       0.0223562 
        915.741       0.0224002 
        915.813       0.0224499 
        916.085       0.0226384 
        916.429       0.0228789 
        916.858       0.0231813 
        917.118       0.0233669 
        917.196       0.0234228 
        917.378       0.0235538 
        917.899       0.0239318 
        917.952       0.0239706 
        918.287       0.0242174 
        918.602       0.0244509 
        919.251       0.0249399 
        920.215       0.0256826 
        921.882       0.0270096 
        921.999       0.0271071 
        922.143       0.0272286 
        922.405       0.0274452 
         922.81        0.027777 
        923.621       0.0284321 
        925.001        0.029652 
        925.242       0.0298951 
        925.484       0.0301135 
        925.564       0.0301859 
        925.966       0.0305112 
        926.369       0.0307943 
        927.173       0.0314373 
        927.774       0.0319544 
        927.978       0.0321366 
        928.092       0.0322397 
        928.182       0.0323213 
        928.591       0.0327125 
        928.917       0.0330615 
         928.98       0.0331347 
        929.089       0.0332676 
        929.261       0.0335019 
        929.317       0.0335833 
        929.543       0.0339295 
        929.655       0.0340894 
        929.769       0.0342251 
        929.827       0.0342851 
        929.883       0.0343423 
         929.91         0.03437 
        929.939       0.0343995 
        929.954       0.0344149 
        929.968       0.0344293 
        929.982       0.0344435 
        929.996       0.0344579 
         930.01       0.0344724 
        930.024       0.0344865 
        930.038        0.034501 
        930.052       0.0345154 
        930.081       0.0345453 
        930.137       0.0346028 
        930.201       0.0346684 
        930.247       0.0347152 
        930.249       0.0347171 
        930.251        0.034719 
        930.301       0.0347655 
        930.326       0.0347859 
        930.329       0.0347881 
        930.402       0.0348387 
        930.478       0.0348742 
         930.63       0.0349248 
        930.931       0.0350256 
        931.229       0.0351733 
         931.49       0.0353369 
        931.534       0.0353677 
        931.838       0.0355936 
        932.447       0.0360743 
        933.265       0.0367824 
        933.403        0.036909 
        933.432       0.0369344 
        933.542       0.0370362 
        933.652       0.0371393 
        933.872       0.0373476 
        933.973       0.0374459 
        934.073       0.0375449 
        934.312       0.0377883 
        934.652       0.0381559 
        934.941       0.0384939 
         935.23       0.0388719 
        935.473       0.0392288 
         935.52       0.0393032 
        935.809       0.0398329 
        936.144       0.0405903 
        936.358        0.041158 
        936.372       0.0411941 
        936.479       0.0414772 
        936.601        0.041764 
        936.714       0.0419817 
        936.829       0.0421445 
        936.887       0.0422164 
        936.944       0.0422871 
        936.973       0.0423229 
        937.001       0.0423575 
        937.015       0.0423751 
        937.029       0.0423923 
        937.043       0.0424096 
        937.058       0.0424282 
        937.072       0.0424457 
        937.086        0.042463 
        937.101       0.0424816 
        937.115       0.0424992 
        937.143        0.042534 
          937.2        0.042605 
        937.314       0.0427464 
        937.493       0.0429094 
        937.542       0.0429236 
        937.593       0.0429299 
        937.694       0.0429003 
        937.788       0.0428548 
        937.894       0.0427844 
            938       0.0427175 
        938.212       0.0426082 
        938.359       0.0425598 
        938.636       0.0425516 
        938.914       0.0426245 
        939.111       0.0427115 
        939.191       0.0427524 
        939.271       0.0427973 
        939.431       0.0428931 
        939.752       0.0431312 
        940.044       0.0433848 
        940.392       0.0437146 
         940.74       0.0440728 
        941.437       0.0447272 
        942.134       0.0455361 
        942.613        0.046144 
         942.83        0.046429 
        943.048       0.0467189 
        943.394       0.0471914 
        943.482       0.0473136 
        944.351       0.0485697 
        944.829       0.0493098 
        945.308       0.0500902 
        945.786       0.0509312 
        946.264       0.0518712 
        946.328       0.0520069 
        946.743       0.0529654 
        947.158       0.0540816 
        947.574       0.0554183 
        947.895       0.0566373 
        947.989        0.057007 
        947.997       0.0570381 
        948.083       0.0573837 
        948.271       0.0581226 
        948.314       0.0582816 
        948.546       0.0590173 
        948.661       0.0592749 
        948.777       0.0594826 
        948.835       0.0595809 
        948.893       0.0596796 
        948.922       0.0597286 
        948.951       0.0597779 
        948.966       0.0598037 
         948.98       0.0598272 
        948.994       0.0598511 
        949.009       0.0598769 
        949.023       0.0599007 
        949.037       0.0599246 
        949.052       0.0599501 
        949.066       0.0599739 
        949.095       0.0600236 
        949.153       0.0601225 
         949.23       0.0602545 
        949.258       0.0603022 
        949.269       0.0603211 
         949.28       0.0603396 
         949.33       0.0604235 
         949.36       0.0604709 
         949.43       0.0605702 
          949.5       0.0606415 
         949.64       0.0606978 
        949.781       0.0606582 
        949.795       0.0606535 
        949.879       0.0605994 
        949.921       0.0605727 
        949.963       0.0605325 
        950.047       0.0604643 
        950.131       0.0604043 
        950.467       0.0601725 
        950.888       0.0601131 
        951.308       0.0602884 
        951.728       0.0606478 
        952.149       0.0611709 
          952.4       0.0615425 
        952.569       0.0618099 
        952.738        0.062098 
        953.076       0.0626958 
        953.753       0.0639914 
        954.198       0.0648758 
         954.43       0.0653483 
        955.106       0.0667862 
         955.56       0.0677968 
        956.014       0.0688292 
        956.468       0.0701945 
        956.922       0.0715294 
        957.376       0.0728369 
         957.83       0.0741384 
        958.186       0.0751507 
        958.737       0.0767014 
        959.289        0.078248 
        960.278       0.0809136 
        960.354       0.0811213 
        960.392       0.0812252 
         960.43       0.0813292 
        960.582       0.0817612 
        960.886       0.0826258 
        961.192       0.0835001 
        961.495       0.0843643 
        962.712       0.0878942 
        964.231       0.0924191 
         965.75       0.0971654 
        966.507       0.0995926 
        966.767        0.100434 
        967.269        0.102067 
        968.032         0.10456 
        968.668        0.106781 
        968.979        0.107834 
        969.297        0.108869 
        969.453        0.109443 
        969.689        0.110252 
        969.927        0.110958 
        970.164        0.111745 
          970.4        0.112129 
        970.519        0.112139 
        970.637        0.112011 
        970.756        0.111651 
        970.874         0.11105 
        970.992        0.110073 
        971.111        0.108765 
         971.23        0.107234 
        971.348        0.105749 
        971.466        0.105239 
        971.535           0.106 
        971.567        0.106684 
        971.584        0.107157 
        971.635        0.108809 
        971.644        0.109132 
        971.703        0.111285 
        971.732        0.112051 
        971.762        0.112442 
        971.778        0.112514 
        971.792        0.112558 
        971.806        0.112601 
        971.821        0.112647 
        971.827        0.112665 
        971.833        0.112683 
        971.836        0.112692 
        971.839        0.112701 
        971.851        0.112738 
        971.866        0.112783 
         971.88        0.112826 
         971.91        0.112906 
        971.969        0.112254 
        972.037        0.110197 
        972.087        0.108783 
        972.137        0.107837 
         972.15        0.107687 
        972.237        0.107486 
        972.324        0.108491 
        972.499        0.111813 
        972.548        0.112772 
        972.673        0.115058 
        972.798        0.117056 
        972.923        0.118657 
        973.048        0.120002 
        973.173        0.121152 
        973.423        0.123062 
        973.601        0.124195 
        973.673        0.124619 
        973.746        0.125035 
        973.869        0.125712 
         973.89        0.125825 
        974.178        0.127288 
        974.754        0.129964 
         975.64        0.133737 
        976.526        0.137394 
        977.289        0.140546 
        978.297        0.144722 
        979.305        0.148959 
         981.32         0.15779 
        982.748        0.164174 
        983.336        0.166836 
        983.578        0.167945 
        983.923        0.169533 
        985.098        0.174935 
        986.618        0.182002 
        989.312        0.195269 
        990.133        0.199499 
        992.006        0.209468 
        993.059        0.215261 
         993.88        0.219871 
        995.753        0.230676 
        997.574        0.241632 
        997.806        0.243062 
        998.447        0.247042 
        999.319        0.252534 
        999.435        0.253235 
        1001.06        0.263486 
        1002.69        0.274395 
        1004.32         0.28582 
        1005.84        0.296851 
        1005.95        0.297714 
        1007.58        0.310067 
        1009.33        0.323813 
        1011.07        0.338104 
         1011.3        0.340046 
        1012.82        0.352955 
        1014.33          0.3663 
        1015.38         0.37581 
        1017.36        0.394308 
        1017.62        0.396874 
        1019.05        0.410688 
        1019.33        0.413468 
        1020.05        0.420389 
        1021.04        0.429864 
        1021.54        0.434363 
        1022.04        0.438328 
        1022.54        0.441551 
        1022.99        0.442908 
        1023.04        0.442848 
        1023.09        0.442754 
        1023.19        0.442512 
        1023.39        0.441174 
        1023.54        0.439311 
        1023.59        0.438588 
        1023.67        0.437259 
        1023.79        0.434825 
        1023.92        0.431394 
        1023.99        0.428981 
        1024.04        0.427203 
        1024.09        0.425425 
        1024.19        0.421655 
        1024.24        0.419745 
        1024.39        0.414109 
        1024.54        0.409642 
        1024.59         0.40907 
        1024.69        0.410914 
        1024.79        0.417907 
        1024.85        0.424831 
        1024.87         0.42688 
        1024.89        0.429669 
        1024.91        0.432142 
        1024.95        0.434793 
        1024.98        0.436078 
        1024.99         0.43633 
        1025.01        0.436505 
        1025.03        0.436675 
        1025.04        0.436832 
        1025.06        0.436999 
        1025.07        0.437168 
        1025.09        0.437325 
         1025.1        0.437495 
        1025.13        0.437815 
         1025.2        0.436776 
        1025.27        0.430147 
        1025.32        0.425284 
        1025.37        0.421413 
        1025.47        0.417939 
        1025.52        0.418199 
        1025.57        0.419381 
        1025.62        0.421485 
        1025.72        0.426798 
        1025.82        0.432638 
        1025.87        0.435874 
        1025.97        0.441761 
        1026.02        0.444714 
        1026.07        0.447507 
        1026.27        0.458223 
        1026.46         0.46713 
        1026.66        0.474632 
        1026.86        0.481251 
           1027        0.485012 
        1027.03        0.485916 
        1027.05        0.486375 
        1027.07        0.486821 
        1027.14        0.488599 
        1027.29        0.492039 
        1027.57        0.497625 
        1027.81        0.501759 
        1027.86        0.502667 
        1028.44         0.51174 
         1028.8        0.516915 
        1029.07        0.520681 
        1029.34        0.524445 
        1029.88        0.531796 
        1030.96        0.546376 
        1033.08        0.574874 
        1033.13        0.575587 
        1033.19        0.576297 
        1033.23        0.576888 
        1033.29        0.577723 
         1033.5        0.580573 
        1033.91        0.586303 
        1034.75        0.597914 
        1036.27        0.619657 
        1039.17        0.663209 
        1039.26        0.664538 
         1039.3        0.665201 
        1039.34        0.665867 
         1039.5        0.668349 
        1039.52        0.668534 
        1039.86        0.673897 
        1040.55        0.684742 
        1041.92        0.706896 
        1044.35        0.747438 
        1046.77        0.790063 
        1049.03        0.831815 
        1049.19        0.834847 
        1049.35        0.837885 
        1049.67        0.844001 
        1050.31        0.856354 
        1051.59         0.88155 
        1053.95        0.929764 
        1054.15        0.933958 
        1054.35        0.938168 
        1054.75        0.946644 
        1054.95        0.950904 
        1055.55        0.963797 
        1057.15        0.998945 
        1059.36         1.04918 
        1061.56         1.10161 
        1063.16         1.14121 
        1063.76         1.15639 
        1064.36         1.17175 
        1065.56         1.20302 
        1066.56         1.22964 
        1067.96         1.26781 
        1069.36         1.30705 
        1069.96         1.32424 
        1072.16         1.38902 
        1073.76         1.43791 
        1074.36         1.45665 
        1076.56         1.52724 
        1079.36         1.62156 
        1081.89         1.71074 
        1082.16         1.72079 
         1082.3         1.72588 
        1082.44          1.7309 
           1083         1.75127 
        1084.11         1.79266 
         1085.9         1.86174 
        1089.37          2.0015 
        1091.29         2.08344 
        1092.83         2.15106 
        1094.37         2.22064 
        1095.52         2.27408 
        1097.45         2.36591 
        1099.37         2.46106 
         1101.3          2.5593 
        1102.07         2.59968 
        1103.22           2.661 
        1103.98         2.70216 
        1104.37          2.7236 
        1106.68         2.85277 
        1109.38         3.01077 
        1109.77         3.03462 
        1112.07         3.17826 
        1114.38         3.32795 
        1116.68         3.48399 
         1118.6         3.61842 
        1118.68         3.62474 
        1118.99         3.64657 
        1119.38         3.67491 
        1120.08         3.72568 
        1121.47         3.82916 
        1123.78         4.00641 
        1124.25         4.04373 
        1124.73         4.08118 
        1125.68         4.15702 
        1125.79         4.16569 
        1127.08         4.27015 
        1127.59         4.31246 
        1127.85         4.33392 
        1129.38         4.46379 
        1131.69         4.66514 
        1135.54         5.01847 
        1139.39         5.39468 
        1142.08         5.67177 
        1143.23         5.79429 
           1144         5.87704 
        1144.39          5.9186 
         1146.7         6.17248 
        1149.39         6.47771 
        1154.39         7.05878 
        1159.39         7.64136 
        1161.89         7.92398 
        1164.39           8.194 
        1166.89         8.45192 
        1169.39         8.69451 
         1171.9          8.9268 
        1173.15         9.04826 
         1174.4         9.18181 
        1175.65         9.33521 
         1176.9         9.50746 
        1177.86         9.65298 
        1178.15          9.6985 
         1179.4         9.90554 
        1180.94         10.1797 
        1182.47         10.4728 
        1182.86         10.5474 
        1184.01         10.7766 
        1185.17         11.0101 
        1185.56         11.0894 
        1187.48         11.4846 
         1189.4         11.8885 
        1192.09         12.4754 
        1193.24         12.7393 
        1194.03         12.9221 
         1194.4          13.008 
        1196.72         13.5581 
         1196.9         13.6024 
         1199.4         14.2169 
         1201.9         14.8683 
        1203.15         15.2178 
         1204.4          15.587 
        1205.65         15.9757 
         1206.9         16.3864 
        1208.15          16.815 
        1208.48         16.9327 
         1209.4         17.2614 
        1210.33         17.6039 
        1211.64         18.0962 
        1212.16         18.2865 
        1212.69         18.4664 
        1213.61         18.7581 
        1213.74         18.7988 
        1213.81         18.8183 
        1213.88         18.8395 
        1214.14         18.9211 
        1214.17         18.9317 
        1214.47         19.0243 
        1214.62         19.0708 
        1214.76         19.1174 
        1214.84         19.1407 
        1214.91          19.164 
        1214.95         19.1757 
        1214.98         19.1874 
           1215         19.1934 
        1215.02         19.1991 
        1215.04         19.2048 
        1215.06         19.2108 
        1215.08         19.2165 
         1215.1         19.2222 
        1215.11         19.2282 
        1215.13         19.2339 
        1215.17         19.2456 
        1215.24         19.2691 
        1215.39         19.3161 
        1215.64         19.3944 
        1215.69         19.4104 
        1215.74         19.4264 
         1215.8         19.4449 
        1215.84         19.4583 
        1216.04         19.5224 
        1216.06         19.5311 
        1216.28         19.6002 
        1216.76         19.7566 
        1217.46         19.9806 
        1218.32         20.2254 
        1218.86         20.3592 
        1218.98         20.3854 
        1219.41         20.4752 
        1219.83         20.5558 
         1220.1         20.6047 
        1220.67         20.7104 
        1221.23         20.8105 
        1222.36         21.0321 
        1223.49         21.2867 
        1224.57         21.5583 
        1224.62         21.5717 
        1224.67          21.585 
        1224.77         21.6121 
        1224.97          21.668 
        1225.37         21.7804 
        1226.13         21.9982 
        1226.17         22.0098 
        1227.77          22.508 
        1228.64         22.7936 
        1229.41         23.0568 
        1230.18         23.3283 
        1231.72          23.891 
        1234.74         25.0518 
        1234.79           25.07 
        1234.79         25.0708 
        1234.79         25.0715 
        1234.84         25.0913 
        1234.94          25.131 
        1235.14         25.2104 
        1235.55         25.3703 
        1236.35         25.6937 
        1236.48         25.7486 
        1237.94         26.3527 
        1239.41          26.971 
        1240.27         27.3403 
        1242.34         28.2511 
        1244.41         29.1882 
        1247.69         30.7273 
        1247.85         30.8041 
        1248.55          31.142 
        1249.41         31.5614 
        1251.13          32.415 
        1251.91         32.8092 
        1254.41         34.1029 
        1256.91         35.4472 
        1259.41         36.8499 
        1261.91         38.3215 
        1264.41         39.8728 
        1266.91         41.5089 
        1269.41         43.2437 
        1271.91         45.0863 
        1274.41         47.0073 
        1276.91         48.9953 
        1279.42         51.0578 
        1284.42         55.3062 
        1289.42         59.7977 
        1294.42          64.468 
        1296.92         66.9184 
        1299.42         69.4399 
        1301.92         72.0619 
        1304.42         74.7866 
        1309.42          80.438 
        1314.42         86.3096 
        1319.42         92.5601 
        1321.92         95.8516 
        1324.42         99.2646 
        1326.92         102.832 
        1329.42         106.503 
        1334.42         114.023 
        1339.42          121.89 
        1341.92         125.961 
        1344.42         130.158 
        1346.92         134.569 
        1349.42         139.126 
        1354.42         148.714 
        1359.42          158.89 
        1364.42         169.316 
        1365.19         170.956 
        1369.42         180.226 
        1373.65         189.938 
        1376.35         196.408 
        1377.88         200.194 
        1379.42          204.09 
        1380.57         207.051 
         1382.5         212.079 
        1384.42         217.239 
        1387.12         224.651 
        1388.27         227.885 
        1389.03         230.041 
        1389.42          231.16 
        1391.73         237.835 
        1394.42         245.794 
        1399.42         260.935 
        1404.42         276.737 
        1409.42         293.387 
        1414.42          311.12 
        1419.42         329.883 
        1424.42         349.527 
        1429.42         370.098 
        1434.42         391.301 
        1439.42         413.402 
        1444.42         436.543 
        1449.42         461.324 
        1454.42         487.669 
        1459.42         515.322 
        1464.42         544.567 
        1465.96          553.91 
        1469.42         575.153 
        1472.88         596.582 
        1473.27         598.916 
        1474.42         605.972 
        1476.35         617.882 
        1479.42         637.266 
        1484.42         669.835 
        1489.42         703.789 
        1494.42          738.68 
        1499.42         775.606 
        1504.42          815.73 
        1509.42         858.732 
        1514.42         904.194 
        1519.42         951.921 
        1524.42         1002.53 
        1529.42          1055.8 
        1534.42         1110.13 
        1539.42         1164.27 
        1544.42         1218.55 
        1549.42         1273.05 
        1554.42         1327.54 
        1559.42         1382.22 
        1564.42         1438.51 
        1566.72          1465.6 
        1569.42         1498.41 
        1570.19         1508.01 
        1572.11         1532.21 
        1574.41         1562.17 
         1574.8         1567.22 
        1579.41         1629.46 
        1584.41         1699.55 
        1589.41         1772.18 
        1594.41         1848.42 
        1599.41         1930.01 
        1604.41         2015.54 
        1609.41         2108.79 
        1614.41          2209.6 
        1619.41         2319.18 
        1624.41         2439.23 
        1629.41          2569.9 
        1634.41         2710.53 
        1639.41         2859.01 
        1644.41         3009.83 
        1649.41         3159.34 
        1654.41         3306.21 
        1659.41         3451.86 
        1664.41            3597 
        1665.56         3631.12 
         1669.4         3744.65 
        1670.17         3767.59 
        1673.25         3860.11 
         1674.4         3894.95 
        1676.33         3953.98 
         1679.4         4050.27 
         1684.4          4212.5 
         1689.4         4379.98 
         1694.4            4556 
         1699.4         4739.28 
         1704.4         4928.91 
         1709.4         5125.01 
         1714.4          5329.4 
         1719.4         5540.76 
         1724.4         5760.17 
         1729.4         5986.71 
         1734.4         6219.73 
         1739.4         6458.83 
         1744.4         6704.28 
        1749.39         6953.19 
        1754.39         7209.74 
        1759.39         7472.56 
        1764.39         7743.11 
        1767.08         7892.15 
        1767.85         7935.22 
        1769.39         8021.84 
         1771.7         8153.28 
        1774.39         8309.67 
        1775.55          8377.5 
        1779.39         8606.68 
        1784.39         8914.74 
        1789.39         9233.55 
        1794.39         9559.74 
        1799.39         9895.61 
        1809.39         10590.2 
        1819.38           11324 
           1824           11675 
        1829.38         12095.5 
        1834.77         12528.4 
        1845.54         13426.4 
         1856.3         14381.1 
           1864         15094.7 
        1867.07         15386.5 
        1870.14           15683 
        1876.29         16296.9 
        1882.44         16929.5 
        1888.59         17582.3 
        1900.88         18949.3 
        1906.98         19658.8 
        1913.17         20401.2 
        1919.37         21165.8 
        1925.56         21942.6 
        1931.76         22744.8 
        1937.95         23591.2 
        1944.14         24439.3 
        1944.47         24484.9 
        1956.53         26237.5 
        1968.59         28051.3 
        1980.65         29958.7 
        1992.71         31963.2 
        2004.77         34069.9 
        2015.84         36096.6 
        2016.83         36281.6 
        2017.81         36467.3 
        2019.79         36842.4 
        2023.73           37608 
        2031.63         39167.5 
        2047.42         42398.9 
        2059.38         44977.2 
         2063.2         45826.7 
        2067.03         46688.5 
        2074.69         48457.8 
        2089.99         52149.8 
        2094.36         53238.7 
         2105.3           56047 
        2116.25         58966.8 
         2127.2         62007.5 
        2132.72         63594.3 
        2138.15         65188.7 
         2149.1         68470.1 
        2165.47         73603.4 
        2181.85         79003.8 
        2198.22         84683.8 
         2214.5         90624.9 
         2214.6         90661.3 
         2214.7         90697.8 
        2214.74         90714.7 
        2214.89           90770 
        2215.28         90914.5 
        2216.05         91204.2 
         2217.6         91785.7 
        2220.71         92933.7 
        2226.91         95252.8 
        2239.33          100012 
        2251.62          104837 
        2263.91          109792 
        2276.21          115075 
         2288.5          120491 
        2300.79          126065 
        2312.95          131897 
        2313.04          131943 
        2313.09          131966 
        2313.13          131989 
        2313.32          132079 
         2313.7          132259 
        2314.45          132620 
        2315.95          133343 
        2318.95          134798 
        2324.96          137740 
        2336.98          143895 
           2349          150424 
        2359.67          156420 
        2361.01          157187 
        2362.35          157989 
        2365.04          159616 
         2370.4          162919 
        2381.12          169734 
        2391.85          176831 
        2395.88          179732 
        2402.58          184696 
        2409.27          189823 
        2415.97          195129 
        2422.67          200624 
        2429.36          206683 
        2436.06          213041 
        2442.71          219639 
        2442.76          219685 
        2449.45          226608 
        2451.59          228886 
        2456.19          233923 
        2460.79          239617 
        2465.39          245399 
        2474.59          257596 
        2483.79          270694 
        2492.99          284828 
        2494.35          287049 
        2502.18          300267 
        2510.01          313766 
        2513.93          320392 
        2517.84          326060 
        2521.76          330964 
        2525.67          336628 
        2529.59          343819 
         2533.5          351136 
        2541.33          366134 
        2549.16          381666 
        2554.74          392994 
        2556.99          397616 
        2559.23          402278 
        2563.72          412453 
        2568.21          422927 
        2577.19          444639 
        2586.17          467280 
        2595.14          490754 
        2604.12          515180 
         2613.1          540439 
        2622.08          566467 
        2631.05          593337 
        2640.03          621131 
        2640.35          622133 
        2649.01          649754 
        2657.67          678091 
        2666.33          703396 
        2674.99          728959 
        2692.31          780742 
        2697.77          797283 
        2726.94          886934 
        2741.53          932572 
        2756.11          978785 
        2770.69      1.02767e+6 
        2785.28       1.0773e+6 
        2799.86      1.12764e+6 
        2803.51      1.14034e+6 
        2829.03      1.23045e+6 
        2841.78      1.27643e+6 
        2854.55      1.32303e+6 
        2867.31       1.3742e+6 
        2880.07      1.42641e+6 
        2892.83      1.47959e+6 
        2905.59      1.53372e+6 
        2918.35      1.58883e+6 
        2934.76      1.66125e+6 
        2943.87      1.70221e+6 
        2952.98      1.74364e+6 
        2963.92      1.79116e+6 
        2971.21      1.82317e+6 
        3007.67      1.98666e+6 
        3029.54      2.08765e+6 
        3040.48      2.13898e+6 
        3051.42      2.19085e+6 
        3062.36      2.25042e+6 
         3073.3      2.31088e+6 
        3084.23      2.37213e+6 
        3095.17      2.43417e+6 
        3106.11      2.49703e+6 
        3106.12      2.49706e+6 
        3127.99      2.62538e+6 
        3138.92      2.69064e+6 
        3149.86      2.75662e+6 
        3160.79       2.8304e+6 
        3171.73      2.90508e+6 
        3182.66      2.98065e+6 
         3193.6      3.05712e+6 
        3204.51       3.1343e+6 
        3204.53      3.13445e+6 
         3226.4       3.2916e+6 
        3237.35      3.37153e+6 
        3242.82      3.41177e+6 
        3248.29       3.4522e+6 
        3253.77      3.48148e+6 
        3259.24      3.51079e+6 
        3264.71      3.54014e+6 
        3270.18      3.56954e+6 
        3275.66      3.59901e+6 
        3281.13      3.62854e+6 
         3286.6       3.6581e+6 
        3292.08      3.68773e+6 
        3303.02       3.7471e+6 
         3303.1      3.74751e+6 
        3324.91      3.86639e+6 
        3335.56       3.9246e+6 
        3346.73      3.98583e+6 
        3390.36      4.23088e+6 
        3445.17       4.5408e+6 
        3456.34      4.60334e+6 
        3495.92      4.82498e+6 
        3499.97      4.84767e+6 
         3543.6      5.09161e+6 
        3591.28      5.35579e+6 
        3635.88      5.60102e+6 
        3638.96      5.61795e+6 
        3642.04      5.63517e+6 
        3643.12      5.64117e+6 
        3645.12      5.65229e+6 
        3645.28      5.65317e+6 
        3647.12      5.66341e+6 
        3648.96      5.67365e+6 
        3651.32      5.68675e+6 
        3652.64      5.69411e+6 
        3653.96      5.70143e+6 
        3654.24      5.70296e+6 
         3656.6      5.71603e+6 
        3658.96       5.7291e+6 
         3663.4      5.75358e+6 
        3663.68      5.75511e+6 
        3663.96      5.75665e+6 
        3664.52      5.75973e+6 
        3665.64      5.76592e+6 
         3666.8       5.7723e+6 
        3667.88      5.77824e+6 
        3668.28       5.7804e+6 
        3668.95      5.78414e+6 
        3671.11      5.79599e+6 
        3673.95      5.81154e+6 
         3675.2      5.81839e+6 
        3678.95      5.83884e+6 
        3682.58       5.8586e+6 
         3682.7      5.85926e+6 
        3682.82      5.85992e+6 
        3683.06      5.86121e+6 
        3683.18      5.86183e+6 
        3683.54      5.86381e+6 
         3684.5      5.86903e+6 
        3684.82      5.87076e+6 
        3685.83      5.87622e+6 
        3686.83      5.88169e+6 
        3688.74      5.89203e+6 
        3688.85      5.89259e+6 
        3688.94      5.89309e+6 
        3688.95      5.89316e+6 
        3689.16      5.89429e+6 
        3689.38      5.89545e+6 
        3689.73      5.89737e+6 
        3689.82      5.89784e+6 
         3689.9      5.89828e+6 
        3690.07      5.89922e+6 
        3690.41      5.90104e+6 
        3690.62       5.9022e+6 
        3691.09      5.90472e+6 
        3691.47      5.90676e+6 
        3691.55      5.90723e+6 
         3691.7      5.90802e+6 
        3692.48      5.91226e+6 
         3693.5      5.91772e+6 
         3694.4      5.92259e+6 
         3695.3      5.92743e+6 
        3695.81      5.93016e+6 
         3696.2      5.93227e+6 
        3696.53      5.93403e+6 
        3696.59      5.93437e+6 
        3696.65      5.93469e+6 
        3696.67      5.93478e+6 
        3696.76      5.93529e+6 
        3696.77      5.93535e+6 
        3696.87      5.93591e+6 
        3696.93      5.93623e+6 
        3696.99      5.93651e+6 
        3697.04      5.93682e+6 
         3697.1      5.93711e+6 
        3697.15      5.93742e+6 
        3697.21       5.9377e+6 
        3697.26      5.93802e+6 
        3697.32      5.93833e+6 
        3697.35      5.93846e+6 
        3697.41      5.93877e+6 
        3697.43      5.93893e+6 
        3697.46      5.93909e+6 
         3697.5      5.93928e+6 
        3697.53      5.93943e+6 
        3697.58      5.93971e+6 
        3697.66      5.94015e+6 
        3697.82        5.941e+6 
        3698.11      5.94257e+6 
        3698.43      5.94427e+6 
        3698.69      5.94568e+6 
        3698.89      5.94675e+6 
        3698.95      5.94707e+6 
        3699.01      5.94738e+6 
        3699.13      5.94804e+6 
        3699.37      5.94936e+6 
        3699.53      5.95021e+6 
        3699.86      5.95197e+6 
        3699.88      5.95206e+6 
        3700.19      5.95376e+6 
         3700.2      5.95379e+6 
         3700.5      5.95542e+6 
        3700.81      5.95706e+6 
        3700.84      5.95725e+6 
        3701.09      5.95856e+6 
        3701.42      5.96032e+6 
        3701.99       5.9634e+6 
        3702.44      5.96582e+6 
        3702.89      5.96824e+6 
        3703.12      5.96947e+6 
        3703.35      5.97066e+6 
        3703.46      5.97126e+6 
        3703.57      5.97185e+6 
        3703.63      5.97217e+6 
        3703.68      5.97248e+6 
        3703.74      5.97276e+6 
         3703.8      5.97308e+6 
        3703.85      5.97336e+6 
        3703.91      5.97368e+6 
        3703.97      5.97399e+6 
        3704.02      5.97427e+6 
        3704.09      5.97462e+6 
        3704.13      5.97487e+6 
        3704.18      5.97515e+6 
        3704.21      5.97528e+6 
        3704.22      5.97534e+6 
        3704.28      5.97569e+6 
        3704.31      5.97584e+6 
        3704.36      5.97609e+6 
        3704.41      5.97635e+6 
        3704.49      5.97679e+6 
        3704.57      5.97719e+6 
        3704.59      5.97732e+6 
        3704.69      5.97785e+6 
        3704.81      5.97851e+6 
        3705.05       5.9798e+6 
        3705.37       5.9815e+6 
        3705.54      5.98241e+6 
        3705.71      5.98332e+6 
        3706.05      5.98514e+6 
        3706.07      5.98524e+6 
        3706.73      5.98876e+6 
        3707.27      5.99161e+6 
        3707.39      5.99227e+6 
        3707.51      5.99293e+6 
        3707.61      5.99347e+6 
        3707.76      5.99428e+6 
        3707.91      5.99507e+6 
        3708.12      5.99617e+6 
        3708.21      5.99664e+6 
         3708.3      5.99714e+6 
        3708.49      5.99812e+6 
        3708.76      5.99959e+6 
        3708.85       6.0001e+6 
        3708.87      6.00019e+6 
        3708.95      6.00057e+6 
        3709.13      6.00154e+6 
        3709.21      6.00198e+6 
        3709.49      6.00349e+6 
        3710.11      6.00679e+6 
         3710.9        6.011e+6 
        3711.01      6.01159e+6 
        3711.12      6.01216e+6 
        3711.21      6.01266e+6 
        3711.32      6.01326e+6 
        3711.34      6.01332e+6 
        3711.46      6.01398e+6 
        3711.52      6.01426e+6 
        3711.58      6.01458e+6 
         3711.6      6.01474e+6 
        3711.69      6.01518e+6 
        3711.75      6.01549e+6 
         3711.8       6.0158e+6 
        3711.86      6.01609e+6 
        3711.91       6.0164e+6 
        3711.97      6.01668e+6 
        3712.03        6.017e+6 
        3712.08      6.01728e+6 
        3712.14       6.0176e+6 
         3712.2      6.01791e+6 
        3712.25      6.01819e+6 
         3712.3      6.01844e+6 
        3712.33       6.0186e+6 
        3712.33       6.0186e+6 
         3712.4      6.01898e+6 
        3712.48      6.01939e+6 
        3712.63       6.0202e+6 
        3712.93       6.0218e+6 
        3713.23      6.02338e+6 
        3713.53      6.02498e+6 
        3713.83      6.02658e+6 
        3714.24      6.02878e+6 
        3714.42      6.02972e+6 
        3714.44      6.02982e+6 
        3714.64      6.03085e+6 
        3715.03      6.03296e+6 
        3715.64      6.03619e+6 
        3716.76      6.04216e+6 
        3716.79      6.04229e+6 
        3716.86      6.04266e+6 
        3716.95      6.04317e+6 
        3717.14      6.04417e+6 
        3717.52      6.04618e+6 
        3718.19      6.04973e+6 
        3718.26      6.05011e+6 
        3718.33      6.05046e+6 
        3718.47      6.05121e+6 
        3718.56      6.05168e+6 
        3718.63      6.05206e+6 
        3718.73      6.05262e+6 
        3718.75      6.05269e+6 
        3718.94      6.05372e+6 
        3719.25      6.05539e+6 
        3719.47      6.05655e+6 
        3719.77      6.05812e+6 
        3720.07      6.05969e+6 
        3720.36      6.06104e+6 
        3720.52      6.06183e+6 
        3720.67      6.06252e+6 
        3720.98      6.06396e+6 
         3721.2      6.06497e+6 
        3721.43      6.06598e+6 
        3721.54      6.06648e+6 
        3721.66      6.06698e+6 
        3721.71      6.06723e+6 
        3721.77      6.06748e+6 
        3721.82      6.06773e+6 
        3721.88      6.06799e+6 
        3721.94      6.06821e+6 
        3721.99      6.06849e+6 
        3722.05      6.06871e+6 
        3722.11      6.06899e+6 
        3722.22      6.06946e+6 
         3722.4      6.07025e+6 
        3722.45      6.07047e+6 
         3722.5      6.07069e+6 
         3722.6      6.07116e+6 
         3722.7      6.07157e+6 
         3722.8      6.07204e+6 
         3722.9      6.07248e+6 
        3723.11      6.07339e+6 
        3723.23      6.07392e+6 
        3723.52      6.07521e+6 
        3723.81      6.07647e+6 
        3724.38      6.07901e+6 
        3725.45      6.08373e+6 
        3725.53       6.0841e+6 
        3725.62      6.08445e+6 
        3725.75      6.08505e+6 
        3725.78       6.0852e+6 
        3725.92      6.08577e+6 
        3725.93      6.08583e+6 
        3726.11      6.08665e+6 
        3726.48      6.08825e+6 
        3727.04      6.09073e+6 
        3727.37      6.09215e+6 
        3728.15       6.0956e+6 
        3728.64      6.09774e+6 
        3728.94      6.09906e+6 
        3729.01      6.09937e+6 
        3729.24      6.10038e+6 
        3729.84      6.10305e+6 
        3730.68      6.10669e+6 
        3732.19      6.11335e+6 
        3732.34      6.11401e+6 
        3732.49      6.11467e+6 
        3732.79      6.11596e+6 
        3733.35      6.11841e+6 
        3733.38      6.11857e+6 
        3733.39       6.1186e+6 
         3733.4      6.11863e+6 
        3733.45      6.11885e+6 
        3733.55      6.11929e+6 
        3733.65       6.1197e+6 
        3733.75      6.12017e+6 
        3733.86      6.12061e+6 
           3734      6.12127e+6 
        3734.04      6.12142e+6 
        3734.06      6.12152e+6 
        3734.08      6.12161e+6 
        3734.13      6.12183e+6 
        3734.14      6.12186e+6 
        3734.16      6.12196e+6 
         3734.2      6.12212e+6 
        3734.25      6.12234e+6 
        3734.31      6.12259e+6 
        3734.37      6.12284e+6 
        3734.43      6.12309e+6 
        3734.48      6.12334e+6 
        3734.54      6.12359e+6 
        3734.65       6.1241e+6 
        3734.83      6.12488e+6 
        3734.88       6.1251e+6 
        3734.93      6.12532e+6 
        3735.03      6.12576e+6 
        3735.12      6.12617e+6 
        3735.17      6.12639e+6 
        3735.23      6.12664e+6 
        3735.33      6.12708e+6 
        3735.39      6.12733e+6 
        3735.49       6.1278e+6 
        3735.82      6.12918e+6 
           3736         6.13e+6 
        3736.24      6.13107e+6 
        3736.49      6.13211e+6 
        3736.97      6.13424e+6 
        3737.83      6.13798e+6 
        3737.94      6.13848e+6 
        3738.06      6.13899e+6 
        3738.29      6.14002e+6 
        3738.59      6.14128e+6 
        3738.76      6.14203e+6 
        3738.94      6.14282e+6 
        3739.29      6.14433e+6 
         3739.5      6.14527e+6 
        3739.99      6.14737e+6 
        3740.48      6.14951e+6 
        3741.21      6.15271e+6 
        3741.45      6.15375e+6 
        3741.69      6.15482e+6 
        3742.09      6.15655e+6 
        3742.18      6.15689e+6 
        3742.26      6.15727e+6 
        3742.43      6.15799e+6 
        3742.67      6.15906e+6 
        3742.73      6.15934e+6 
        3742.76      6.15947e+6 
         3742.8       6.1596e+6 
        3742.86      6.15991e+6 
        3742.92      6.16013e+6 
        3743.17       6.1612e+6 
        3743.66      6.16336e+6 
        3744.62      6.16751e+6 
        3744.65      6.16767e+6 
        3746.45      6.17543e+6 
        3747.61      6.18046e+6 
        3748.27      6.18335e+6 
        3748.84      6.18583e+6 
         3748.9      6.18608e+6 
        3748.93       6.1862e+6 
        3748.96      6.18633e+6 
        3748.99      6.18642e+6 
        3749.08      6.18686e+6 
        3749.12      6.18699e+6 
        3749.18      6.18727e+6 
        3749.38      6.18812e+6 
        3749.41      6.18825e+6 
        3749.64      6.18925e+6 
        3749.75      6.18972e+6 
        3749.87      6.19023e+6 
        3749.92      6.19048e+6 
        3749.98       6.1907e+6 
        3750.04      6.19095e+6 
        3750.09       6.1912e+6 
        3750.15      6.19142e+6 
        3750.21      6.19167e+6 
        3750.27      6.19192e+6 
        3750.32      6.19217e+6 
        3750.44      6.19268e+6 
        3750.62      6.19346e+6 
        3750.66      6.19368e+6 
        3750.72       6.1939e+6 
        3750.82      6.19434e+6 
        3750.91      6.19475e+6 
        3751.02      6.19519e+6 
        3751.12      6.19566e+6 
        3751.33      6.19657e+6 
        3751.48       6.1972e+6 
        3751.76      6.19839e+6 
        3752.03      6.19959e+6 
        3752.59      6.20198e+6 
        3753.53      6.20606e+6 
         3753.7      6.20675e+6 
        3753.78      6.20713e+6 
        3753.86      6.20744e+6 
        3754.18      6.20886e+6 
        3754.27      6.20923e+6 
        3754.84      6.21165e+6 
        3755.89      6.21621e+6 
        3756.09      6.21705e+6 
        3757.47      6.22299e+6 
        3757.51      6.22315e+6 
        3757.55      6.22331e+6 
        3758.93      6.22924e+6 
        3760.39       6.2355e+6 
        3761.66      6.24093e+6 
        3762.72      6.24545e+6 
        3763.23      6.24769e+6 
        3764.81      6.25441e+6 
        3765.07      6.25551e+6 
         3766.9      6.26333e+6 
        3768.55      6.27034e+6 
        3768.74      6.27115e+6 
        3768.93      6.27197e+6 
        3768.97      6.27213e+6 
         3769.2       6.2731e+6 
        3769.31       6.2736e+6 
        3769.66      6.27505e+6 
        3769.89      6.27602e+6 
        3770.11      6.27696e+6 
        3770.23      6.27747e+6 
        3770.34      6.27794e+6 
         3770.4      6.27819e+6 
        3770.46      6.27841e+6 
        3770.51      6.27863e+6 
        3770.57      6.27888e+6 
        3770.63       6.2791e+6 
        3770.69      6.27935e+6 
        3770.74       6.2796e+6 
         3770.8      6.27986e+6 
        3770.87      6.28017e+6 
        3770.92      6.28036e+6 
        3770.97      6.28058e+6 
        3770.99      6.28067e+6 
           3771      6.28073e+6 
        3771.07      6.28102e+6 
        3771.15      6.28136e+6 
         3771.3      6.28202e+6 
         3771.6      6.28331e+6 
        3771.89      6.28454e+6 
        3771.95      6.28479e+6 
        3772.21      6.28589e+6 
        3772.52      6.28721e+6 
        3773.15      6.28991e+6 
        3774.36        6.295e+6 
         3775.5       6.2998e+6 
        3776.76      6.30518e+6 
        3777.13      6.30672e+6 
        3778.03      6.31052e+6 
         3778.4      6.31209e+6 
        3778.93      6.31429e+6 
        3780.73      6.32189e+6 
        3781.84      6.32657e+6 
        3783.05      6.33166e+6 
        3783.16      6.33213e+6 
        3784.26      6.33675e+6 
        3785.37       6.3414e+6 
        3786.22      6.34498e+6 
         3787.4      6.34991e+6 
        3787.57      6.35064e+6 
        3788.92      6.35629e+6 
        3790.45      6.36264e+6 
        3792.84      6.37263e+6 
        3793.49      6.37533e+6 
        3794.14      6.37803e+6 
         3794.9      6.38117e+6 
        3795.07      6.38189e+6 
        3795.44      6.38346e+6 
        3795.99      6.38573e+6 
        3796.45      6.38764e+6 
        3796.92      6.38956e+6 
        3797.15       6.3905e+6 
        3797.38      6.39144e+6 
        3797.49      6.39192e+6 
        3797.61      6.39239e+6 
        3797.67      6.39261e+6 
        3797.72      6.39283e+6 
        3797.78      6.39305e+6 
        3797.84      6.39327e+6 
         3797.9      6.39349e+6 
        3797.96      6.39374e+6 
        3798.01      6.39399e+6 
        3798.07      6.39427e+6 
        3798.19      6.39477e+6 
        3798.37      6.39556e+6 
        3798.42      6.39575e+6 
        3798.47      6.39597e+6 
        3798.57      6.39638e+6 
        3798.66      6.39675e+6 
        3798.75      6.39716e+6 
        3798.77      6.39723e+6 
        3798.84      6.39751e+6 
        3798.88       6.3977e+6 
        3798.92      6.39788e+6 
        3799.05      6.39839e+6 
        3799.09      6.39858e+6 
        3799.43      6.39996e+6 
        3799.47      6.40015e+6 
         3799.8      6.40153e+6 
        3800.56      6.40467e+6 
        3801.65      6.40919e+6 
        3802.32      6.41196e+6 
        3803.83      6.41821e+6 
        3805.35      6.42446e+6 
        3807.84       6.4347e+6 
        3808.38       6.4369e+6 
        3808.92      6.43913e+6 
           3810      6.44356e+6 
        3811.59      6.45007e+6 
        3812.16      6.45245e+6 
        3812.74      6.45481e+6 
         3813.9      6.45952e+6 
        3815.78      6.46722e+6 
        3816.09      6.46851e+6 
        3816.21      6.46898e+6 
        3816.64      6.47074e+6 
        3817.44      6.47407e+6 
         3817.5      6.47435e+6 
        3818.92      6.48026e+6 
        3820.39      6.48651e+6 
        3822.57      6.49571e+6 
        3823.35      6.49901e+6 
        3823.51      6.49974e+6 
        3824.13      6.50231e+6 
        3825.68      6.50891e+6 
         3826.8      6.51362e+6 
        3827.86      6.51805e+6 
        3828.91      6.52248e+6 
        3830.45      6.52895e+6 
        3831.02      6.53134e+6 
        3831.59      6.53373e+6 
           3832      6.53546e+6 
        3832.53      6.53762e+6 
        3832.73       6.5385e+6 
        3833.46      6.54152e+6 
        3833.93      6.54347e+6 
        3834.39      6.54541e+6 
        3834.63      6.54636e+6 
        3834.86       6.5473e+6 
        3834.97      6.54777e+6 
        3835.09      6.54821e+6 
        3835.15      6.54843e+6 
        3835.21      6.54865e+6 
        3835.27      6.54884e+6 
        3835.33      6.54903e+6 
        3835.38      6.54928e+6 
        3835.44      6.54953e+6 
         3835.5      6.54981e+6 
        3835.56       6.5501e+6 
        3835.63      6.55041e+6 
        3835.68      6.55066e+6 
        3835.73      6.55088e+6 
        3835.74      6.55094e+6 
        3835.77       6.5511e+6 
        3835.83      6.55132e+6 
        3835.91       6.5517e+6 
        3836.07      6.55239e+6 
        3836.38      6.55368e+6 
        3836.65      6.55484e+6 
        3836.98      6.55622e+6 
        3837.03      6.55644e+6 
        3837.31       6.5576e+6 
        3837.97      6.56037e+6 
        3838.65       6.5632e+6 
        3838.91       6.5643e+6 
        3839.18      6.56543e+6 
         3839.7      6.56759e+6 
        3840.76      6.57193e+6 
        3842.75      6.58022e+6 
        3842.83      6.58054e+6 
        3842.87      6.58073e+6 
        3842.91      6.58088e+6 
        3843.07      6.58151e+6 
        3843.38       6.5828e+6 
           3844      6.58541e+6 
        3844.59      6.58783e+6 
        3845.25      6.59056e+6 
        3845.55      6.59178e+6 
        3845.91      6.59329e+6 
        3847.23      6.59873e+6 
        3847.44      6.59964e+6 
        3848.91      6.60567e+6 
        3850.38       6.6117e+6 
        3851.98       6.6183e+6 
        3853.31      6.62377e+6 
        3854.64      6.62923e+6 
         3855.7      6.63357e+6 
         3857.3       6.6401e+6 
        3858.91      6.64667e+6 
        3862.01      6.65927e+6 
        3862.11      6.65971e+6 
        3862.22      6.66015e+6 
        3862.43      6.66099e+6 
        3862.85      6.66269e+6 
        3863.68      6.66608e+6 
        3865.17      6.67211e+6 
        3865.36       6.6729e+6 
        3865.56      6.67369e+6 
        3865.95      6.67529e+6 
        3866.73      6.67843e+6 
        3867.68      6.68226e+6 
        3868.29      6.68474e+6 
         3868.9      6.68723e+6 
        3870.13      6.69216e+6 
        3871.32      6.69696e+6 
        3872.59      6.70202e+6 
        3873.85      6.70711e+6 
        3876.32      6.71704e+6 
        3876.37       6.7172e+6 
        3876.37      6.71723e+6 
        3876.37      6.71723e+6 
        3876.42      6.71742e+6 
        3876.52      6.71782e+6 
        3876.72      6.71861e+6 
        3876.95      6.71952e+6 
        3877.12      6.72021e+6 
        3877.92      6.72342e+6 
         3878.9      6.72731e+6 
        3880.29      6.73284e+6 
        3880.85       6.7351e+6 
        3881.42      6.73733e+6 
        3882.55      6.74183e+6 
         3884.4      6.74915e+6 
         3884.8      6.75075e+6 
        3884.92      6.75122e+6 
         3885.2      6.75235e+6 
        3886.01      6.75552e+6 
        3886.15      6.75606e+6 
         3887.1      6.75976e+6 
        3887.57      6.76162e+6 
        3888.04      6.76341e+6 
        3888.28      6.76432e+6 
        3888.52       6.7652e+6 
        3888.63      6.76561e+6 
        3888.75      6.76599e+6 
        3888.84      6.76627e+6 
        3888.87      6.76633e+6 
        3888.87      6.76633e+6 
         3888.9      6.76643e+6 
        3888.93      6.76649e+6 
        3888.99      6.76664e+6 
        3889.05      6.76683e+6 
        3889.11      6.76712e+6 
        3889.17      6.76743e+6 
        3889.22      6.76774e+6 
        3889.29      6.76809e+6 
        3889.34      6.76834e+6 
        3889.39      6.76856e+6 
        3889.41      6.76862e+6 
        3889.45      6.76881e+6 
        3889.49        6.769e+6 
        3889.58      6.76938e+6 
        3889.75       6.7701e+6 
        3890.05      6.77136e+6 
        3890.32      6.77243e+6 
        3890.47      6.77309e+6 
        3890.66      6.77381e+6 
           3891      6.77519e+6 
        3891.68      6.77789e+6 
        3892.89       6.7827e+6 
        3893.94      6.78685e+6 
        3894.46      6.78886e+6 
        3895.31      6.79222e+6 
        3896.22      6.79577e+6 
        3896.68      6.79759e+6 
        3898.89      6.80626e+6 
         3899.6      6.80903e+6 
        3901.57      6.81669e+6 
        3903.89      6.82574e+6 
        3904.25      6.82712e+6 
        3908.89      6.84509e+6 
        3913.89      6.86435e+6 
        3918.89      6.88521e+6 
        3923.89      6.90619e+6 
        3928.22      6.92426e+6 
        3928.35      6.92482e+6 
        3928.89      6.92705e+6 
        3929.56      6.92985e+6 
         3930.9      6.93544e+6 
        3933.45        6.946e+6 
        3935.81      6.95574e+6 
        3937.35      6.96208e+6 
        3938.89       6.9684e+6 
        3940.04      6.97311e+6 
        3941.96      6.98096e+6 
        3943.88      6.98885e+6 
        3946.58      6.99978e+6 
        3947.73      7.00446e+6 
        3948.88      7.00914e+6 
        3950.65      7.01631e+6 
        3951.01      7.01775e+6 
        3951.19      7.01844e+6 
        3951.72      7.02061e+6 
        3952.78      7.02488e+6 
        3954.55      7.03202e+6 
        3957.31      7.04301e+6 
        3958.09      7.04615e+6 
        3958.62      7.04829e+6 
        3958.88      7.04929e+6 
        3960.45      7.05555e+6 
        3962.28       7.0628e+6 
        3965.74      7.07641e+6 
        3965.94      7.07719e+6 
        3966.15      7.07801e+6 
        3966.56      7.07958e+6 
        3966.68      7.08005e+6 
        3967.28      7.08241e+6 
        3967.38      7.08275e+6 
        3968.08      7.08545e+6 
        3968.71      7.08781e+6 
        3968.88      7.08844e+6 
        3969.05      7.08907e+6 
        3969.23      7.08973e+6 
        3969.29      7.08991e+6 
        3969.38      7.09023e+6 
        3969.53      7.09073e+6 
        3969.65      7.09108e+6 
        3969.77      7.09142e+6 
        3969.83      7.09155e+6 
        3969.89      7.09164e+6 
        3969.95      7.09167e+6 
        3970.01      7.09174e+6 
        3970.07      7.09189e+6 
        3970.13      7.09224e+6 
        3970.19      7.09265e+6 
        3970.25      7.09306e+6 
        3970.32       7.0935e+6 
        3970.37      7.09378e+6 
        3970.42      7.09406e+6 
        3970.43      7.09409e+6 
        3970.49      7.09444e+6 
        3970.52      7.09456e+6 
        3970.61        7.095e+6 
         3970.8      7.09582e+6 
         3971.1      7.09714e+6 
        3971.33      7.09815e+6 
        3971.59      7.09921e+6 
         3971.7      7.09965e+6 
        3972.06      7.10116e+6 
        3972.79      7.10411e+6 
        3973.99      7.10892e+6 
        3974.94      7.11266e+6 
         3976.4      7.11841e+6 
        3976.84      7.12017e+6 
        3977.86      7.12416e+6 
        3978.87      7.12815e+6 
        3979.58      7.13088e+6 
         3980.9      7.13606e+6 
        3982.23      7.14125e+6 
        3984.18      7.14879e+6 
        3984.88      7.15152e+6 
        3985.12      7.15243e+6 
        3985.59      7.15425e+6 
        3986.99      7.15969e+6 
        3988.87      7.16692e+6 
        3991.38      7.17653e+6 
        3992.62       7.1813e+6 
        3993.85      7.18598e+6 
        3993.87      7.18605e+6 
        3996.36      7.19554e+6 
        3998.87      7.20505e+6 
        4003.87       7.2239e+6 
        4008.87       7.2426e+6 
        4013.86      7.26151e+6 
        4018.86       7.2807e+6 
        4023.86      7.29977e+6 
        4025.34      7.30537e+6 
        4028.86      7.31865e+6 
        4032.38      7.33188e+6 
        4032.95      7.33399e+6 
        4033.86      7.33741e+6 
         4035.9      7.34501e+6 
        4038.86      7.35601e+6 
        4043.86      7.37442e+6 
        4048.86      7.39267e+6 
        4053.86      7.41077e+6 
        4058.85      7.42867e+6 
        4063.85      7.44642e+6 
        4068.85      7.46398e+6 
        4073.85      7.48133e+6 
        4075.42      7.48676e+6 
        4078.85      7.49848e+6 
        4082.28       7.5101e+6 
        4082.56      7.51108e+6 
           4084      7.51591e+6 
         4085.7       7.5216e+6 
        4088.84      7.53206e+6 
         4089.7      7.53486e+6 
        4093.69       7.5479e+6 
        4096.52      7.55698e+6 
        4097.68      7.56068e+6 
        4098.01      7.56172e+6 
        4098.68      7.56379e+6 
        4098.84       7.5643e+6 
        4099.68      7.56681e+6 
        4100.17      7.56825e+6 
        4100.67      7.56957e+6 
        4100.92       7.5702e+6 
        4101.17       7.5707e+6 
         4101.3      7.57086e+6 
        4101.42      7.57096e+6 
        4101.48      7.57092e+6 
        4101.55       7.5708e+6 
        4101.61      7.57058e+6 
        4101.67      7.57039e+6 
        4101.73      7.57036e+6 
         4101.8       7.5708e+6 
        4101.86      7.57143e+6 
        4101.92      7.57206e+6 
        4102.05      7.57303e+6 
         4102.3      7.57444e+6 
        4102.74      7.57645e+6 
        4102.79      7.57667e+6 
        4102.85      7.57686e+6 
        4102.94      7.57727e+6 
        4103.15      7.57806e+6 
         4103.3      7.57865e+6 
        4103.55      7.57959e+6 
        4103.79      7.58054e+6 
        4104.29      7.58236e+6 
        4104.78      7.58415e+6 
        4105.29      7.58594e+6 
        4105.79      7.58773e+6 
        4106.79      7.59125e+6 
        4108.68      7.59782e+6 
        4108.76       7.5981e+6 
         4108.8      7.59822e+6 
        4108.84      7.59835e+6 
        4108.86      7.59844e+6 
           4109      7.59895e+6 
        4109.32      7.60014e+6 
        4109.78      7.60187e+6 
         4110.7      7.60526e+6 
        4111.32      7.60756e+6 
        4112.55      7.61208e+6 
        4113.77      7.61657e+6 
        4114.69      7.61993e+6 
        4116.23      7.62553e+6 
        4116.69      7.62722e+6 
        4117.77      7.63109e+6 
        4118.13      7.63237e+6 
        4118.84      7.63495e+6 
        4120.98      7.64262e+6 
        4123.84      7.65279e+6 
        4126.14      7.66093e+6 
        4128.84      7.67039e+6 
         4129.6      7.67306e+6 
        4131.53      7.67975e+6 
        4133.83      7.68773e+6 
        4134.22      7.68905e+6 
        4138.83      7.70485e+6 
        4143.83      7.72178e+6 
        4148.83      7.73847e+6 
        4153.83      7.75499e+6 
        4158.83      7.77129e+6 
        4163.83      7.78744e+6 
        4168.82       7.8034e+6 
        4173.82      7.81917e+6 
        4178.82      7.83476e+6 
        4183.82      7.85018e+6 
        4188.82      7.86542e+6 
        4193.82      7.88047e+6 
        4198.82      7.89536e+6 
        4203.81      7.91006e+6 
        4208.81      7.92489e+6 
        4213.81      7.93972e+6 
        4216.52       7.9477e+6 
        4217.24       7.9498e+6 
        4218.81      7.95439e+6 
         4221.1      7.96102e+6 
        4223.81      7.96884e+6 
        4224.95      7.97214e+6 
        4228.81      7.98313e+6 
        4233.81      7.99724e+6 
        4238.81      8.01112e+6 
        4243.81      8.02482e+6 
         4248.8      8.03833e+6 
         4253.8      8.05165e+6 
         4258.8      8.06475e+6 
         4263.8      8.07763e+6 
         4268.8      8.09029e+6 
         4273.8      8.10273e+6 
         4278.8      8.11492e+6 
        4283.79      8.12686e+6 
        4288.79      8.13852e+6 
        4293.79      8.14986e+6 
        4298.79      8.16082e+6 
        4303.79      8.17138e+6 
        4308.79      8.18108e+6 
        4313.79      8.19032e+6 
        4314.07      8.19085e+6 
        4318.78      8.19902e+6 
        4320.85      8.20245e+6 
         4323.5      8.20666e+6 
        4326.14      8.21071e+6 
        4326.48      8.21121e+6 
        4328.78      8.21461e+6 
        4330.23      8.21668e+6 
        4331.09      8.21787e+6 
        4331.15      8.21797e+6 
        4331.95      8.21907e+6 
        4333.66      8.22139e+6 
        4334.06      8.22192e+6 
        4336.17      8.22466e+6 
        4337.79      8.22654e+6 
        4338.22      8.22698e+6 
        4338.28      8.22705e+6 
        4338.78      8.22742e+6 
        4338.81      8.22742e+6 
        4339.34      8.22761e+6 
         4339.6      8.22752e+6 
        4339.87      8.22717e+6 
           4340      8.22683e+6 
        4340.13      8.22623e+6 
         4340.2      8.22573e+6 
        4340.26        8.225e+6 
        4340.33      8.22397e+6 
         4340.4      8.22299e+6 
        4340.46      8.22262e+6 
        4340.53      8.22328e+6 
        4340.59       8.2245e+6 
        4340.66      8.22579e+6 
        4340.79      8.22758e+6 
        4341.01      8.22931e+6 
        4341.06      8.22962e+6 
         4341.1      8.22994e+6 
         4341.2      8.23047e+6 
        4341.23       8.2306e+6 
        4341.24      8.23066e+6 
         4341.4      8.23144e+6 
        4341.58      8.23223e+6 
        4341.94      8.23358e+6 
        4342.64      8.23597e+6 
        4343.33       8.2381e+6 
        4343.57      8.23883e+6 
        4344.04      8.24021e+6 
        4344.75      8.24228e+6 
        4346.17      8.24627e+6 
        4348.58      8.25293e+6 
        4348.78      8.25347e+6 
        4348.98      8.25403e+6 
        4349.37       8.2551e+6 
        4350.17      8.25727e+6 
        4350.32      8.25768e+6 
        4351.76      8.26154e+6 
         4353.2       8.2654e+6 
        4354.73      8.26943e+6 
        4356.08      8.27291e+6 
        4356.08      8.27291e+6 
        4357.43      8.27637e+6 
        4358.77      8.27979e+6 
        4359.17       8.2808e+6 
        4361.47      8.28586e+6 
        4363.77      8.29145e+6 
        4367.98      8.30134e+6 
        4368.38      8.30226e+6 
        4368.52       8.3026e+6 
        4368.77      8.30317e+6 
        4369.56      8.30499e+6 
        4371.15      8.30854e+6 
        4373.77      8.31438e+6 
        4378.77      8.32516e+6 
        4383.77      8.33552e+6 
        4388.77      8.34555e+6 
        4393.77      8.35529e+6 
        4398.76      8.36474e+6 
        4403.76      8.37181e+6 
        4408.76      8.37784e+6 
        4413.76      8.38375e+6 
        4418.76       8.3895e+6 
        4423.76      8.39512e+6 
        4428.76      8.40065e+6 
        4433.75      8.40605e+6 
        4438.75      8.41136e+6 
        4443.75      8.41658e+6 
        4448.75       8.4217e+6 
        4453.75      8.42673e+6 
        4458.75      8.43169e+6 
        4463.75      8.43653e+6 
        4468.74      8.44133e+6 
        4473.74      8.44601e+6 
        4478.74      8.45063e+6 
        4483.74      8.45519e+6 
        4488.74      8.45965e+6 
        4493.74      8.46405e+6 
        4498.74      8.46983e+6 
        4503.74        8.479e+6 
        4508.73      8.48796e+6 
        4513.73      8.49675e+6 
        4514.12      8.49741e+6 
        4518.73      8.50533e+6 
        4523.35      8.51306e+6 
        4527.19       8.5194e+6 
        4527.96      8.52066e+6 
        4528.73      8.52192e+6 
        4530.27      8.52437e+6 
        4532.97       8.5287e+6 
        4533.29       8.5292e+6 
        4533.35       8.5293e+6 
        4533.73      8.52993e+6 
        4534.49      8.53112e+6 
        4536.01      8.53348e+6 
        4538.73      8.53775e+6 
        4543.73      8.54538e+6 
        4548.72      8.55286e+6 
        4553.72      8.56012e+6 
        4558.72      8.56725e+6 
        4563.72      8.57416e+6 
        4568.72      8.58095e+6 
        4573.72      8.58754e+6 
        4578.72      8.59395e+6 
        4583.72      8.60024e+6 
        4588.71      8.60633e+6 
        4593.71      8.61227e+6 
        4596.53      8.61491e+6 
        4596.98      8.61532e+6 
        4598.71      8.61695e+6 
        4600.89      8.61887e+6 
        4603.71      8.62132e+6 
         4604.8      8.62226e+6 
        4608.71      8.62559e+6 
        4613.71      8.62974e+6 
         4618.7      8.63379e+6 
         4623.7      8.63771e+6 
         4628.7      8.64155e+6 
         4633.7      8.64525e+6 
         4638.7      8.64887e+6 
         4643.7      8.65239e+6 
         4648.7      8.65578e+6 
         4653.7      8.65908e+6 
        4658.69      8.66228e+6 
        4663.69      8.66536e+6 
        4668.69      8.66831e+6 
        4673.69      8.67117e+6 
        4678.69      8.67394e+6 
        4683.69      8.67658e+6 
        4688.69      8.67912e+6 
        4693.69      8.68135e+6 
        4698.68      8.68317e+6 
        4703.68      8.68487e+6 
        4708.68       8.6865e+6 
        4713.68      8.68801e+6 
         4715.6      8.68858e+6 
        4718.68      8.68943e+6 
        4720.98      8.69002e+6 
        4721.76      8.69024e+6 
        4723.68      8.69071e+6 
        4724.83        8.691e+6 
        4728.68      8.69188e+6 
        4733.68      8.69294e+6 
        4738.67      8.69386e+6 
        4743.67      8.69464e+6 
        4748.67      8.69527e+6 
        4753.67      8.69574e+6 
        4758.67      8.69602e+6 
        4763.67      8.69615e+6 
        4768.67      8.69602e+6 
        4773.66      8.69568e+6 
        4778.66      8.69508e+6 
        4783.66      8.69417e+6 
        4788.66      8.69294e+6 
        4793.66      8.69118e+6 
        4798.66      8.68895e+6 
        4803.66      8.68622e+6 
        4808.65      8.68286e+6 
        4813.65      8.67874e+6 
        4818.65      8.67378e+6 
        4823.65      8.66775e+6 
        4828.65      8.66052e+6 
        4833.65      8.65185e+6 
        4834.97      8.64931e+6 
        4838.65      8.64164e+6 
        4839.16      8.64048e+6 
        4842.32      8.63316e+6 
        4845.48      8.62509e+6 
         4845.5      8.62505e+6 
        4847.05      8.62088e+6 
        4848.64      8.61651e+6 
        4851.78      8.60762e+6 
        4854.39      8.60008e+6 
        4856.52      8.59389e+6 
         4858.4      8.58798e+6 
        4858.64      8.58717e+6 
        4858.66      8.58707e+6 
        4858.88      8.58629e+6 
        4859.36      8.58434e+6 
        4859.47      8.58387e+6 
        4860.06      8.58076e+6 
        4860.36      8.57865e+6 
        4860.66      8.57573e+6 
        4860.81      8.57369e+6 
        4860.95      8.57077e+6 
        4861.03      8.56866e+6 
         4861.1      8.56577e+6 
        4861.18      8.56185e+6 
        4861.25      8.55804e+6 
        4861.32       8.5561e+6 
         4861.4      8.55804e+6 
        4861.47      8.56191e+6 
        4861.54      8.56577e+6 
        4861.64      8.56945e+6 
        4861.69      8.57067e+6 
        4861.69      8.57074e+6 
        4861.69      8.57077e+6 
        4861.69      8.57086e+6 
        4861.74       8.5719e+6 
        4861.84      8.57372e+6 
        4861.98      8.57564e+6 
        4861.99      8.57576e+6 
        4862.28      8.57865e+6 
        4862.58      8.58079e+6 
         4862.6      8.58088e+6 
        4863.18      8.58393e+6 
        4863.73      8.58619e+6 
        4863.76      8.58635e+6 
        4864.93      8.59034e+6 
        4866.13      8.59402e+6 
        4868.41      8.60071e+6 
        4868.53      8.60105e+6 
        4868.64      8.60137e+6 
        4868.86      8.60203e+6 
        4869.32      8.60335e+6 
        4869.58       8.6041e+6 
        4870.22      8.60595e+6 
        4870.86      8.60781e+6 
        4872.13      8.61145e+6 
        4874.62      8.61846e+6 
        4874.69      8.61861e+6 
        4874.75      8.61877e+6 
        4874.87      8.61912e+6 
        4875.12      8.61981e+6 
        4875.61      8.62116e+6 
        4876.61      8.62383e+6 
        4878.45      8.62867e+6 
        4878.54      8.62889e+6 
        4878.59      8.62901e+6 
        4878.64      8.62911e+6 
        4878.82      8.62958e+6 
        4879.19      8.63052e+6 
        4879.53      8.63137e+6 
        4879.92      8.63234e+6 
        4880.32      8.63332e+6 
        4880.94      8.63482e+6 
        4881.12      8.63523e+6 
        4882.71      8.63897e+6 
        4884.48       8.6429e+6 
         4887.4       8.6489e+6 
        4888.02      8.65009e+6 
        4888.63      8.65129e+6 
        4889.87      8.65355e+6 
        4891.06      8.65565e+6 
        4892.35      8.65782e+6 
        4893.63      8.65989e+6 
        4893.78      8.66011e+6 
         4896.2      8.66376e+6 
        4898.63      8.66706e+6 
        4903.34      8.67268e+6 
        4903.48      8.67284e+6 
        4903.63      8.67299e+6 
        4903.92      8.67331e+6 
         4904.5      8.67391e+6 
        4905.66       8.6751e+6 
        4907.33       8.6767e+6 
        4907.98       8.6773e+6 
        4908.63      8.67786e+6 
        4909.93        8.679e+6 
        4911.43      8.68019e+6 
        4912.53      8.68104e+6 
        4913.01      8.68141e+6 
        4913.63      8.68185e+6 
        4915.55      8.68317e+6 
        4915.82      8.68336e+6 
        4918.24      8.68487e+6 
        4918.63      8.68509e+6 
         4921.7      8.68676e+6 
        4923.62       8.6877e+6 
        4925.16      8.68839e+6 
        4928.62      8.68977e+6 
        4933.62       8.6914e+6 
        4938.62      8.69263e+6 
        4943.62      8.69357e+6 
        4948.62       8.6942e+6 
        4953.62      8.69458e+6 
        4958.61      8.69473e+6 
        4963.61       8.6947e+6 
        4968.61      8.69451e+6 
        4973.61      8.69414e+6 
        4978.61      8.69367e+6 
        4983.61      8.69301e+6 
        4988.61      8.69216e+6 
        4993.61      8.69122e+6 
         4998.6      8.69015e+6 
         5003.6      8.68899e+6 
         5008.6      8.68776e+6 
         5013.6      8.68644e+6 
         5018.6      8.68506e+6 
         5023.6      8.68358e+6 
         5028.6      8.68207e+6 
         5033.6      8.68047e+6 
        5038.59      8.67884e+6 
        5043.59       8.6772e+6 
        5048.59      8.67545e+6 
        5053.59      8.67362e+6 
        5058.59      8.67174e+6 
        5063.59      8.66982e+6 
        5068.59      8.66784e+6 
        5073.58       8.6658e+6 
        5078.58      8.66373e+6 
        5083.58       8.6614e+6 
        5088.58      8.65895e+6 
        5093.58      8.65647e+6 
        5098.58      8.65396e+6 
        5103.58      8.65138e+6 
        5108.57      8.64877e+6 
        5113.57      8.64613e+6 
        5118.57      8.64346e+6 
        5123.57      8.64073e+6 
        5128.57        8.638e+6 
        5133.57       8.6352e+6 
        5138.57      8.63241e+6 
        5143.57      8.62955e+6 
        5148.56      8.62666e+6 
        5153.56      8.62373e+6 
        5158.56      8.62078e+6 
        5163.56       8.6178e+6 
        5168.56      8.61475e+6 
        5173.56       8.6117e+6 
        5178.56      8.60859e+6 
        5183.56      8.60536e+6 
        5188.55      8.60206e+6 
        5193.55      8.59876e+6 
        5198.55      8.59543e+6 
        5203.55      8.59207e+6 
        5208.55      8.58867e+6 
        5213.55      8.58525e+6 
        5218.55      8.58183e+6 
        5223.54      8.57834e+6 
        5228.54      8.57482e+6 
        5233.54       8.5713e+6 
        5238.54      8.56775e+6 
        5243.54      8.56414e+6 
        5248.54      8.56053e+6 
        5253.54      8.55691e+6 
        5258.53      8.55324e+6 
        5263.53      8.54953e+6 
        5268.53      8.54582e+6 
        5273.53      8.54208e+6 
        5278.53      8.53894e+6 
        5283.53      8.53586e+6 
        5288.53      8.53272e+6 
        5293.52      8.52958e+6 
        5298.52      8.52638e+6 
        5303.52      8.52311e+6 
        5308.52      8.51984e+6 
        5313.52      8.51651e+6 
        5318.52      8.51312e+6 
        5323.52      8.50973e+6 
        5328.52      8.50627e+6 
        5333.52      8.50278e+6 
        5338.51      8.49926e+6 
        5343.51      8.49571e+6 
        5348.51       8.4921e+6 
        5353.51      8.48849e+6 
        5358.51      8.48481e+6 
        5363.51      8.48161e+6 
        5368.51      8.47784e+6 
         5373.5      8.47376e+6 
         5378.5      8.46926e+6 
         5383.5      8.46474e+6 
         5388.5      8.46018e+6 
         5393.5      8.45563e+6 
         5398.5      8.45101e+6 
         5403.5      8.44642e+6 
        5408.49      8.44177e+6 
        5413.49      8.43712e+6 
        5418.49      8.43244e+6 
        5423.49      8.42776e+6 
        5428.49      8.42305e+6 
        5433.49      8.41831e+6 
        5438.49      8.41356e+6 
        5443.48      8.40879e+6 
        5448.48      8.40398e+6 
        5453.48      8.39917e+6 
        5458.48      8.39434e+6 
        5463.48       8.3895e+6 
        5468.48      8.38463e+6 
        5473.48      8.38017e+6 
        5478.48      8.37571e+6 
        5483.48      8.37121e+6 
        5488.47      8.36672e+6 
        5493.47      8.36217e+6 
        5498.47      8.35761e+6 
        5503.47      8.35302e+6 
        5508.47      8.34844e+6 
        5513.47      8.34379e+6 
        5518.47      8.33914e+6 
        5523.46      8.33449e+6 
        5528.46      8.32978e+6 
        5533.46      8.32506e+6 
        5538.46      8.32032e+6 
        5543.46      8.31558e+6 
        5548.46       8.3108e+6 
        5553.46      8.30599e+6 
        5558.45      8.30119e+6 
        5563.45      8.29632e+6 
        5568.45      8.29145e+6 
        5573.45      8.28658e+6 
        5578.45      8.28165e+6 
        5583.45      8.27671e+6 
        5588.45      8.27175e+6 
        5593.44      8.26679e+6 
        5598.44      8.26179e+6 
        5603.44      8.25677e+6 
        5608.44      8.25174e+6 
        5613.44      8.24668e+6 
        5618.44      8.24162e+6 
        5623.44      8.23653e+6 
        5628.44      8.23141e+6 
        5633.43      8.22629e+6 
        5638.43      8.22114e+6 
        5643.43      8.21599e+6 
        5648.43       8.2108e+6 
        5653.43      8.20562e+6 
        5658.43      8.20041e+6 
        5663.43      8.19516e+6 
        5668.43      8.19041e+6 
        5673.42      8.18514e+6 
        5673.98      8.18454e+6 
        5678.42      8.17983e+6 
        5682.86      8.17512e+6 
         5686.2      8.17157e+6 
        5687.31       8.1704e+6 
        5687.86      8.16981e+6 
        5688.42      8.16921e+6 
        5690.64      8.16682e+6 
        5693.42      8.16387e+6 
        5698.42       8.1585e+6 
        5703.41      8.15312e+6 
        5704.77      8.15168e+6 
        5708.41      8.14772e+6 
        5708.88      8.14722e+6 
        5712.06      8.14379e+6 
        5713.41      8.14232e+6 
        5715.23      8.14034e+6 
        5718.41      8.13691e+6 
        5723.41      8.13148e+6 
        5728.41      8.12601e+6 
        5733.41      8.12055e+6 
        5738.41      8.11505e+6 
         5743.4      8.10955e+6 
         5748.4      8.10405e+6 
         5753.4      8.09852e+6 
         5758.4      8.09296e+6 
         5763.4      8.08457e+6 
         5768.4      8.07895e+6 
         5773.4      8.07336e+6 
         5778.4       8.0677e+6 
        5783.39      8.06208e+6 
        5788.39      8.05643e+6 
        5793.39      8.05074e+6 
        5798.39      8.04505e+6 
        5803.39      8.03937e+6 
        5808.39      8.03365e+6 
        5813.39       8.0279e+6 
        5818.39      8.02215e+6 
        5823.38       8.0164e+6 
        5828.38      8.01062e+6 
        5833.38      8.00484e+6 
        5838.38      7.99906e+6 
        5843.38      7.99325e+6 
        5848.38      7.98744e+6 
        5853.38      7.98159e+6 
        5858.37      7.97575e+6 
        5863.37      7.96991e+6 
        5868.37      7.96403e+6 
        5873.37      7.95816e+6 
        5878.37      7.95228e+6 
        5883.37      7.94638e+6 
        5888.37      7.94047e+6 
        5893.36      7.93453e+6 
        5898.36      7.92859e+6 
        5903.36      7.92266e+6 
        5908.36      7.91669e+6 
        5913.36      7.91072e+6 
        5918.36      7.90472e+6 
        5923.36      7.89872e+6 
        5928.35      7.89272e+6 
        5933.35      7.88669e+6 
        5938.35      7.88065e+6 
        5943.35      7.87459e+6 
        5948.35      7.86853e+6 
        5953.35      7.86246e+6 
        5958.35      7.85637e+6 
        5963.35      7.85024e+6 
        5968.34      7.84412e+6 
        5973.34      7.83796e+6 
        5978.34       7.8318e+6 
        5983.34      7.82564e+6 
        5988.34      7.81949e+6 
        5993.34       7.8133e+6 
        5998.34      7.80711e+6 
        6003.34      7.80089e+6 
        6008.33      7.79467e+6 
        6013.33      7.78845e+6 
        6018.33       7.7822e+6 
        6023.33      7.77594e+6 
        6028.33      7.76969e+6 
        6033.33      7.76341e+6 
        6038.32      7.75713e+6 
        6043.32      7.75081e+6 
        6048.32      7.74453e+6 
        6053.32      7.73821e+6 
        6058.32      7.73187e+6 
        6063.32      7.72552e+6 
        6068.32      7.71918e+6 
        6073.32       7.7128e+6 
        6078.31      7.70645e+6 
        6083.31      7.70004e+6 
        6088.31      7.69367e+6 
        6093.31      7.68726e+6 
        6098.31      7.68082e+6 
        6103.31      7.67441e+6 
        6108.31      7.66797e+6 
        6113.31       7.6615e+6 
         6118.3      7.65506e+6 
         6123.3      7.64858e+6 
         6128.3      7.64208e+6 
         6133.3      7.63558e+6 
         6138.3      7.62908e+6 
         6143.3      7.62254e+6 
         6148.3      7.61601e+6 
        6153.29      7.60947e+6 
        6158.29      7.60291e+6 
        6163.29      7.59631e+6 
        6168.29      7.58974e+6 
        6173.29      7.58311e+6 
        6178.29      7.57652e+6 
        6183.29      7.56989e+6 
        6188.28      7.56323e+6 
        6193.28      7.55657e+6 
        6198.28      7.54991e+6 
        6203.28      7.54322e+6 
        6208.28      7.53649e+6 
        6213.28      7.52977e+6 
        6218.28      7.52305e+6 
        6223.28      7.51626e+6 
        6228.27      7.50951e+6 
        6233.27      7.50269e+6 
        6238.27       7.4959e+6 
        6243.27      7.48905e+6 
        6244.38      7.48755e+6 
        6248.27      7.48221e+6 
        6252.16      7.47686e+6 
        6253.82      7.47457e+6 
        6256.04      7.47149e+6 
        6258.27      7.46841e+6 
        6262.16      7.46304e+6 
        6262.71      7.46229e+6 
        6263.27       7.4615e+6 
        6264.37      7.45996e+6 
        6264.91      7.45921e+6 
        6266.59      7.45688e+6 
        6268.26      7.45456e+6 
        6269.97       7.4522e+6 
        6271.61      7.44988e+6 
        6273.26      7.44759e+6 
        6274.85      7.44535e+6 
        6276.56      7.44297e+6 
        6278.26      7.44058e+6 
        6280.08      7.43803e+6 
        6281.67       7.4358e+6 
        6283.26      7.43357e+6 
        6284.63      7.43163e+6 
        6286.44      7.42908e+6 
        6288.26      7.42651e+6 
        6290.52       7.4233e+6 
        6291.89      7.42135e+6 
        6293.26      7.41941e+6 
        6293.73      7.41875e+6 
        6295.99      7.41554e+6 
        6298.26      7.41231e+6 
        6302.31      7.40649e+6 
        6302.78      7.40583e+6 
        6303.25      7.40514e+6 
        6303.92       7.4042e+6 
         6304.2      7.40379e+6 
        6306.09      7.40106e+6 
        6308.25      7.39795e+6 
        6311.92      7.39264e+6 
        6312.59      7.39166e+6 
        6313.25      7.39072e+6 
        6314.58      7.38877e+6 
        6316.22      7.38639e+6 
        6317.23      7.38491e+6 
        6317.31      7.38482e+6 
        6318.25      7.38343e+6 
        6320.28      7.38048e+6 
        6323.25      7.37611e+6 
        6328.25      7.36876e+6 
        6333.25      7.36135e+6 
        6338.24      7.35387e+6 
        6343.24      7.34633e+6 
        6348.24      7.33873e+6 
        6353.24      7.33109e+6 
        6358.24      7.32337e+6 
        6363.24      7.31554e+6 
        6368.24      7.30766e+6 
        6373.23      7.29968e+6 
        6378.23      7.29157e+6 
        6383.23      7.28341e+6 
        6388.23      7.27511e+6 
        6393.23      7.26666e+6 
        6398.23      7.25812e+6 
        6403.23      7.24938e+6 
        6408.23      7.24049e+6 
        6413.22      7.23144e+6 
        6418.22      7.22218e+6 
        6423.22      7.21269e+6 
        6428.22      7.20295e+6 
        6433.22      7.19296e+6 
        6438.22      7.18269e+6 
        6443.22      7.17204e+6 
        6448.22      7.16104e+6 
        6453.21      7.14964e+6 
        6458.21      7.13779e+6 
        6463.21      7.12541e+6 
        6468.21      7.11244e+6 
        6473.21      7.09884e+6 
        6478.21      7.08451e+6 
         6483.2      7.06937e+6 
         6488.2      7.05332e+6 
         6493.2      7.03623e+6 
         6498.2      7.01797e+6 
         6503.2       6.9984e+6 
         6508.2      6.97735e+6 
         6513.2       6.9547e+6 
         6518.2      6.93023e+6 
        6523.19      6.90381e+6 
        6523.72      6.90092e+6 
        6528.19      6.87522e+6 
        6532.67      6.84776e+6 
         6536.1      6.82552e+6 
        6537.14      6.81851e+6 
        6537.38      6.81688e+6 
        6538.19      6.81141e+6 
        6540.29      6.79693e+6 
        6543.19      6.77632e+6 
        6546.46      6.75238e+6 
        6546.72       6.7504e+6 
        6548.19      6.73941e+6 
        6549.92      6.72624e+6 
        6553.11      6.70127e+6 
        6554.43      6.69059e+6 
        6556.31      6.67447e+6 
        6556.87      6.66929e+6 
         6557.9       6.6592e+6 
        6558.19      6.65625e+6 
         6559.5      6.64148e+6 
         6560.3      6.63093e+6 
         6561.1      6.61858e+6 
         6561.5      6.61076e+6 
         6561.9       6.5998e+6 
        6562.09       6.5921e+6 
        6562.29      6.58107e+6 
        6562.39      6.57312e+6 
        6562.49      6.56172e+6 
        6562.59      6.54651e+6 
        6562.69      6.53294e+6 
        6562.79      6.52666e+6 
        6562.89       6.5326e+6 
        6562.99      6.54604e+6 
        6563.09      6.56106e+6 
        6563.29      6.57988e+6 
        6563.64      6.59612e+6 
        6563.69      6.59763e+6 
        6563.69      6.59769e+6 
        6563.69      6.59775e+6 
        6563.74      6.59926e+6 
        6563.84      6.60199e+6 
        6564.04      6.60674e+6 
        6564.29      6.61154e+6 
        6564.39      6.61315e+6 
        6564.44       6.6139e+6 
        6564.49      6.61465e+6 
        6564.69      6.61748e+6 
        6565.08      6.62254e+6 
        6565.64      6.62914e+6 
        6565.86      6.63153e+6 
        6566.09      6.63379e+6 
        6566.54        6.638e+6 
        6566.69      6.63935e+6 
        6567.09      6.64274e+6 
        6567.44      6.64573e+6 
        6568.18      6.65157e+6 
        6569.28      6.65923e+6 
        6570.48      6.66681e+6 
        6571.48      6.67271e+6 
        6572.47      6.67837e+6 
        6573.27       6.6828e+6 
        6574.47       6.6893e+6 
        6575.67      6.69564e+6 
        6577.95      6.70739e+6 
        6578.06      6.70799e+6 
        6578.18      6.70856e+6 
        6578.41      6.70972e+6 
        6578.87      6.71201e+6 
        6579.79       6.7166e+6 
        6580.08      6.71801e+6 
        6581.63      6.72552e+6 
        6583.18      6.73284e+6 
        6584.38      6.73837e+6 
        6586.28      6.74688e+6 
        6587.91      6.75395e+6 
        6588.18      6.75508e+6 
        6588.44      6.75621e+6 
        6588.98      6.75845e+6 
        6590.04      6.76281e+6 
        6591.02      6.76674e+6 
        6592.17       6.7712e+6 
        6593.01      6.77444e+6 
        6593.31      6.77557e+6 
        6595.59      6.78386e+6 
        6598.17      6.79266e+6 
        6603.34       6.8084e+6 
        6613.66      6.83296e+6 
         6634.3      6.86036e+6 
        6639.69      6.86388e+6 
        6654.94      6.86802e+6 
        6675.58      6.86363e+6 
        6711.48      6.83997e+6 
        6747.37      6.80573e+6 
        6813.53      6.73027e+6 
        6819.16      6.72345e+6 
        6824.78       6.7166e+6 
        6836.02      6.70287e+6 
        6858.51      6.67504e+6 
        6903.49       6.6183e+6 
        6993.45      6.50247e+6 
        7057.68      6.41893e+6 
        7083.41      6.38541e+6 
        7109.15      6.35186e+6 
        7160.61      6.28529e+6 
        7212.08      6.21881e+6 
        7263.54      6.15246e+6 
        7315.01       6.0863e+6 
        7339.44      6.05498e+6 
        7366.48      6.02174e+6 
        7393.51      5.98712e+6 
        7447.59       5.9187e+6 
        7501.66      5.85065e+6 
        7555.74      5.78298e+6 
        7609.82      5.71572e+6 
         7649.9      5.66618e+6 
        7663.89      5.64893e+6 
        7677.88      5.63171e+6 
        7705.86      5.59766e+6 
        7761.82      5.52993e+6 
        7817.78       5.4627e+6 
        7873.74      5.39597e+6 
        7897.16      5.36823e+6 
         7929.7      5.32981e+6 
        7962.25      5.29157e+6 
        7972.12      5.28007e+6 
        8027.33      5.21608e+6 
        8082.55      5.15265e+6 
        8137.77      5.08998e+6 
        8183.11      5.03893e+6 
        8192.98      5.02787e+6 
        8200.85      5.01907e+6 
        8202.85      5.01684e+6 
        8204.85      5.01461e+6 
        8208.85      5.01015e+6 
        8216.85      5.00126e+6 
        8232.84      4.98351e+6 
        8264.83      4.94817e+6 
        8289.72       4.9208e+6 
        8328.82      4.87805e+6 
        8343.44      4.86212e+6 
        8367.92      4.83557e+6 
        8371.47      4.83174e+6 
        8388.68      4.81323e+6 
        8392.39      4.80924e+6 
        8408.65      4.79184e+6 
        8413.32      4.78684e+6 
        8432.02      4.76686e+6 
        8437.95      4.76055e+6 
        8467.25      4.72945e+6 
        8473.98      4.72235e+6 
        8502.48      4.69228e+6 
        8516.58      4.67745e+6 
        8530.98      4.66237e+6 
        8545.38      4.64742e+6 
        8549.97      4.64265e+6 
        8574.18      4.61761e+6 
        8598.39      4.59269e+6 
         8628.6      4.56175e+6 
        8646.81      4.54318e+6 
        8652.39       4.5375e+6 
        8665.01      4.52468e+6 
        8685.59      4.50382e+6 
        8701.43      4.48786e+6 
        8750.47      4.43866e+6 
        8767.92      4.42129e+6 
        8815.35      4.37432e+6 
        8862.78      4.32814e+6 
        8900.38      4.29186e+6 
        8957.65       4.2371e+6 
        9014.91      4.18294e+6 
        9044.62       4.1551e+6 
        9072.17      4.12944e+6 
        9099.72      4.10393e+6 
        9154.81      4.05369e+6 
         9190.8      4.02121e+6 
         9209.9      4.00402e+6 
        9229.01      3.98693e+6 
        9267.22      3.95297e+6 
         9303.2      3.92121e+6 
        9343.64      3.88584e+6 
        9384.08      3.85074e+6 
        9464.96      3.78197e+6 
        9545.72      3.71446e+6 
        9545.84      3.71437e+6 
        9545.97      3.71424e+6 
        9546.21      3.71405e+6 
        9546.69      3.71365e+6 
        9546.87      3.71352e+6 
        9547.66      3.71286e+6 
        9549.59      3.71126e+6 
        9553.47      3.70805e+6 
        9561.21      3.70164e+6 
        9576.69      3.68889e+6 
        9607.66      3.66351e+6 
        9668.45      3.61412e+6 
        9729.24      3.56577e+6 
        9790.04      3.51802e+6 
        9850.83      3.47093e+6 
        9870.42      3.45588e+6 
        9911.62      3.42446e+6 
        9952.82      3.39333e+6 
        10021.1      3.34275e+6 
        10035.2      3.33235e+6 
        10049.4      3.32195e+6 
        10077.7      3.30137e+6 
        10134.2      3.26053e+6 
        10144.5      3.25318e+6 
        10190.8       3.2202e+6 
        10237.2      3.18752e+6 
        10329.9      3.12443e+6 
        10422.6      3.06259e+6 
        10515.3      3.00198e+6 
          10608       2.9426e+6 
        10700.7      2.88443e+6 
        10793.4      2.82744e+6 
        10834.1      2.80277e+6 
        10886.1       2.7716e+6 
        10938.1      2.74073e+6 
        10990.1       2.7104e+6 
          11042      2.68036e+6 
          11094      2.65066e+6 
          11146      2.62131e+6 
          11198       2.5923e+6 
          11239      2.56965e+6 
          11250      2.56364e+6 
        11260.9      2.55765e+6 
        11282.8      2.54609e+6 
        11326.6      2.52314e+6 
        11414.2      2.47788e+6 
        11501.8      2.43349e+6 
        11589.4      2.38992e+6 
          11677      2.34719e+6 
        11764.6      2.30528e+6 
        11852.2      2.26416e+6 
        11939.8      2.22384e+6 
        12027.4      2.18426e+6 
          12115      2.14547e+6 
        12120.6      2.14302e+6 
        12202.6      2.10743e+6 
        12284.6      2.07248e+6 
        12366.6      2.03946e+6 
        12448.7      2.00699e+6 
        12530.7      1.97505e+6 
        12612.7      1.94363e+6 
        12694.7      1.91269e+6 
        12735.4      1.89751e+6 
        12776.7       1.8822e+6 
        12818.1      1.86692e+6 
        12900.8       1.8375e+6 
        12983.5      1.80843e+6 
        13066.2      1.77981e+6 
        13148.9      1.75165e+6 
        13154.8      1.74966e+6 
        13231.6      1.72396e+6 
        13308.4      1.69867e+6 
        13385.1      1.67491e+6 
        13461.9       1.6515e+6 
        13538.7      1.62844e+6 
        13615.5      1.60571e+6 
        13692.3      1.58335e+6 
        13769.1      1.56129e+6 
        13845.9      1.53957e+6 
        13922.7      1.51817e+6 
        13999.5       1.4971e+6 
        14076.2      1.47635e+6 
          14153      1.45591e+6 
        14229.8      1.43578e+6 
        14281.2       1.4225e+6 
        14306.6      1.41596e+6 
        14332.1      1.40945e+6 
          14383      1.39688e+6 
        14410.1      1.39023e+6 
        14427.1      1.38608e+6 
        14433.9      1.38443e+6 
        14457.6      1.37866e+6 
        14505.2      1.36727e+6 
        14581.2      1.34924e+6 
        14583.2      1.34877e+6 
        14585.2       1.3483e+6 
        14589.2      1.34738e+6 
        14597.2      1.34553e+6 
        14613.2      1.34186e+6 
        14645.2      1.33454e+6 
        14709.2      1.32002e+6 
        14773.2      1.30566e+6 
        14837.1      1.29146e+6 
        14901.1      1.27742e+6 
        14965.1      1.26355e+6 
        15029.1      1.24983e+6 
        15093.1      1.23627e+6 
        15157.1      1.22287e+6 
          15221      1.20962e+6 
          15285      1.19652e+6 
          15349      1.18357e+6 
          15413      1.17077e+6 
        15471.6      1.15918e+6 
          15477      1.15812e+6 
        15482.4      1.15706e+6 
        15493.1      1.15488e+6 
        15514.7      1.15053e+6 
        15557.9      1.14187e+6 
        15644.2      1.12479e+6 
        15730.5      1.10798e+6 
        15816.8      1.09145e+6 
        15903.1      1.07519e+6 
        15989.4      1.05921e+6 
        16075.8      1.04349e+6 
        16162.1      1.02803e+6 
        16248.4      1.01283e+6 
        16289.9      1.00561e+6 
        16334.7          997880 
        16379.5          990217 
        16469.1          972939 
        16558.8          956031 
        16648.4          939478 
          16738          923273 
        16827.7          907408 
        16917.3          891876 
        17006.9          876671 
        17096.6          861780 
        17186.2          847196 
        17275.8          832915 
        17327.7          824784 
        17365.5          818925 
        17403.2          813116 
        17478.8          801643 
        17554.3          790368 
        17629.9          779288 
        17705.4          768396 
          17781          757689 
        17856.5          747165 
        17932.1          736820 
        18007.6          725893 
        18083.2          715784 
        18158.7          705815 
        18234.3          695973 
        18309.8          686243 
        18343.7          681905 
        18385.3          676611 
          18427          671336 
        18510.2          660847 
        18593.4          650413 
        18602.1          649330 
        18676.6          640106 
        18751.1          631033 
        18825.6          623386 
        18900.2          615840 
        18974.7          608351 
        19049.2          600867 
        19123.7          593393 
        19198.3          585957 
        19272.8          578575 
        19347.3          571264 
          19393          566822 
        19421.9          564038 
        19450.7          561268 
        19508.3          555767 
        19565.9          550731 
        19623.6          545296 
        19681.2          539927 
        19738.8          534624 
        19796.5          529383 
        19854.1          524206 
        19911.7          519092 
        19969.4          514037 
          20027          509045 
        20084.6          504113 
        20142.3          499237 
        20199.9          494421 
        20257.5          489661 
        20315.2          484958 
        20372.8          480309 
        20386.4          479215 
        20430.4          475716 
        20474.4          472250 
        20562.3          465408 
        20650.3          458688 
        20738.2          452088 
        20826.2          445607 
        20914.1          439235 
        21002.1          432981 
          21090          426832 
        21177.9          420791 
        21265.9          414857 
        21353.8          409026 
        21441.8          403293 
        21529.7          397660 
        21604.7          392935 
        21617.7          392124 
        21630.6          391317 
        21656.5          389708 
        21708.4          386516 
        21760.2          383356 
          21812          380227 
        21863.8          377129 
        21915.7          374063 
        21967.5          371028 
        22019.3          368025 
        22071.1          365050 
          22123          362103 
        22174.8          359188 
        22226.6          356301 
        22278.4          353442 
        22330.3          350614 
        22382.1          347812 
        22433.9          345038 
        22485.8          342289 
        22537.6          339568 
        22589.4          336876 
        22641.2          334209 
        22693.1          331567 
        22702.9          331067 
        22744.9          328953 
        22784.8          326952 
        22786.8          326854 
        22788.8          326754 
        22792.8          326556 
        22800.8          326157 
        22816.8          325362 
        22848.8          323785 
        22912.8          320653 
        22976.8          317558 
        23040.8          314502 
        23104.8          311482 
        23168.7          308498 
        23232.7          305548 
        23296.7          302634 
        23360.7          299753 
        23424.7          296907 
        23488.6          294094 
        23552.6          291314 
        23616.6          288566 
        23680.6          285850 
        23744.6          283166 
        23808.6          280513 
        23872.5          277890 
        23936.5          275298 
        24000.5          272736 
        24064.5          270203 
        24128.5          267699 
        24192.5          265224 
        24256.4          262777 
        24320.4          260358 
        24384.4          257966 
        24448.4          255602 
        24512.4          253264 
        24576.3          250952 
        24640.3          248667 
        24704.3          246407 
        24768.3          244173 
        24832.3          241964 
        24896.3          239780 
        24960.2          237619 
        25004.4          236141 
        25024.2          235483 
          25044          234827 
        25083.6          233523 
        25162.8          230941 
        25241.9          228395 
        25321.1          225883 
        25400.2          223405 
        25479.4          220961 
        25558.5          218550 
        25637.7          216171 
        25716.9          213824 
          25796          211509 
        25875.2          209225 
        25954.3          206971 
        26033.5          204747 
        26112.7          202553 
        26191.8          200388 
          26271          198251 
        26350.1          196143 
        26429.3          194062 
        26508.4          192009 
        26587.6          189982 
        26666.8          187982 
        26745.9          186008 
        26825.1          184060 
        26904.2          182136 
        26983.4          180238 
        27062.6          178364 
        27141.7          176514 
        27142.5          176495 
        27220.9          174688 
        27299.2          172904 
        27377.5          171144 
        27455.8          169405 
        27534.2          167688 
        27612.5          165994 
        27690.8          164319 
        27769.1          162666 
        27847.5          161034 
        27925.8          159422 
        28004.1          157830 
        28082.4          156257 
        28160.8          154704 
        28239.1          153170 
        28317.4          151654 
        28395.7          150157 
          28474          148679 
        28552.4          147218 
        28630.7          145776 
          28709          144351 
        28787.3          142943 
        28865.7          141552 
          28944          140178 
        29022.3          138820 
        29100.6          137479 
          29179          136153 
        29257.3          134844 
        29335.6          133550 
        29413.9          132271 
        29492.3          131008 
        29570.6          129759 
        29648.9          128526 
        29727.2          127306 
        29805.5          126102 
        29883.9          124911 
        29932.6          124177 
        29962.2          123734 
        29991.8          123293 
