# Koester WD models
# teff = 5250 K (value for the effective temperature for the model. Temperatures are given in K)
# logg = 9.5 log(cm/s2) (value for Log(G) for the model.)
#
# column 1: WAVELENGTH (ANGSTROM), Wavelength in Angstrom
# column 2: FLUX (ERG/CM2/S/A), Flux in erg/cm2/s/A
         899.23     0.000536414 
        900.235     0.000555886 
        900.253     0.000556254 
        902.244     0.000596821 
        904.235     0.000640131 
        906.226     0.000686353 
        907.193     0.000709921 
        908.218     0.000735676 
         908.45     0.000741651 
        909.241     0.000762298 
        910.032     0.000783482 
        911.193     0.000815579 
        911.613     0.000827502 
        912.034     0.000839584 
        912.465     0.000852154 
        912.875     0.000864246 
        913.037     0.000869078 
        913.241     0.000875201 
        913.284     0.000876495 
        913.478     0.000882363 
        913.531     0.000883972 
        913.755     0.000890773 
        913.822     0.000892825 
         914.08      0.00090077 
        914.165     0.000903403 
        914.499     0.000913817 
        914.575     0.000916202 
        915.071     0.000931878 
         915.54     0.000946958 
        915.609     0.000949163 
        915.643     0.000950269 
        915.677     0.000951375 
        915.741     0.000953461 
        915.813     0.000955811 
        916.085     0.000964736 
        916.429      0.00097614 
        916.858       0.0009905 
        917.118     0.000999322 
        917.196      0.00100198 
        917.378      0.00100822 
        917.899      0.00102622 
        917.952      0.00102807 
        918.287      0.00103985 
        918.602      0.00105101 
        919.251      0.00107442 
        920.215      0.00111005 
        921.882      0.00117426 
        921.999       0.0011789 
        922.143      0.00118463 
        922.405      0.00119509 
         922.81      0.00121149 
        923.621      0.00124492 
        925.001      0.00130381 
        925.242      0.00131437 
        925.484        0.001325 
        925.564      0.00132855 
        925.966      0.00134651 
        926.164      0.00135544 
        926.369       0.0013647 
        927.173      0.00140175 
        927.276      0.00140651 
        928.182      0.00144952 
        928.917      0.00148527 
         928.98      0.00148838 
        929.089      0.00149377 
        929.261      0.00150231 
        929.317      0.00150506 
        929.543      0.00151637 
        929.655        0.001522 
        929.769      0.00152775 
        929.827      0.00153069 
        929.883      0.00153353 
         929.91       0.0015349 
        929.939      0.00153637 
        929.954      0.00153713 
        929.968      0.00153785 
        929.982      0.00153856 
        929.996      0.00153927 
         930.01      0.00153998 
        930.024       0.0015407 
        930.038      0.00154141 
        930.052      0.00154213 
        930.081      0.00154361 
        930.137      0.00154646 
        930.201      0.00154974 
        930.247       0.0015521 
        930.249       0.0015522 
        930.251       0.0015523 
        930.301      0.00155487 
        930.326      0.00155611 
        930.329      0.00155626 
        930.402      0.00156002 
        930.478      0.00156394 
         930.63      0.00157181 
        930.931      0.00158748 
        931.229      0.00160309 
         931.49       0.0016168 
        931.534      0.00161913 
        931.838      0.00163535 
        932.447      0.00166818 
        933.265      0.00171328 
        933.403        0.001721 
        933.432      0.00172257 
        933.542      0.00172876 
        933.652      0.00173497 
        933.872      0.00174746 
        933.973      0.00175323 
        934.073      0.00175896 
        934.312      0.00177273 
        934.316      0.00177296 
        934.652      0.00179249 
         935.23      0.00182683 
        935.688      0.00185477 
        936.144      0.00188312 
        936.372      0.00189733 
        936.601      0.00191151 
        936.714      0.00191855 
        936.829      0.00192575 
        936.887      0.00192939 
        936.944      0.00193297 
        936.973       0.0019348 
        937.001      0.00193656 
        937.015      0.00193745 
        937.029      0.00193833 
        937.043      0.00193921 
        937.058      0.00194016 
        937.072      0.00194104 
        937.086      0.00194193 
        937.101      0.00194288 
        937.115      0.00194376 
        937.143      0.00194553 
          937.2      0.00194914 
        937.314      0.00195638 
        937.493      0.00196781 
        937.542      0.00197094 
        937.593      0.00197421 
        937.694      0.00198062 
        937.788      0.00198666 
        937.894      0.00199343 
            938      0.00200015 
        938.212      0.00201349 
        938.359      0.00202263 
        938.556      0.00203494 
        938.636      0.00203992 
        938.914      0.00205728 
        939.231      0.00207735 
        939.271      0.00207991 
        939.986      0.00212623 
         940.74      0.00217652 
        941.452      0.00222506 
         942.25       0.0022813 
        943.048      0.00233877 
        943.978      0.00240816 
        944.643      0.00245943 
        945.308      0.00251247 
        946.115       0.0025799 
        946.233      0.00259023 
        946.637      0.00262625 
        947.158      0.00267531 
        947.621       0.0027202 
        948.083      0.00276369 
        948.314      0.00278439 
        948.546      0.00280488 
        948.661      0.00281512 
        948.777      0.00282549 
        948.835      0.00283068 
        948.893      0.00283589 
        948.922      0.00283849 
        948.951       0.0028411 
        948.966      0.00284245 
         948.98      0.00284371 
        948.994      0.00284497 
        949.009      0.00284632 
        949.023      0.00284759 
        949.037      0.00284885 
        949.052       0.0028502 
        949.066      0.00285146 
        949.095      0.00285408 
        949.153      0.00285933 
         949.23       0.0028663 
        949.258      0.00286885 
        949.269      0.00286984 
         949.28      0.00287084 
         949.33      0.00287539 
         949.36      0.00287812 
         949.43       0.0028845 
          949.5      0.00289089 
         949.64      0.00290372 
        949.795      0.00291781 
        949.879      0.00292543 
        949.921       0.0029292 
        949.963      0.00293297 
        950.047      0.00294036 
        950.131      0.00294753 
        950.467      0.00297484 
        950.718      0.00299417 
        950.888      0.00300687 
        951.728      0.00307152 
        952.738      0.00316154 
        953.748      0.00326273 
        954.758      0.00337212 
        955.522      0.00345839 
        955.694      0.00347812 
        955.768       0.0034866 
        956.014      0.00351491 
        956.506      0.00357428 
        957.491      0.00369687 
        958.148      0.00378144 
        959.289      0.00393236 
         960.43      0.00409849 
        961.192      0.00421976 
        961.571      0.00427652 
        962.712      0.00444655 
        964.231      0.00467202 
        966.507      0.00502114 
        966.767      0.00506236 
        967.269      0.00514266 
        968.032      0.00526625 
        968.668      0.00537115 
        968.979      0.00542277 
        969.297       0.0054758 
        969.927      0.00558123 
        970.401      0.00566002 
        970.638      0.00569788 
        970.874      0.00573309 
        970.992      0.00574842 
         971.11      0.00575829 
         971.23      0.00576005 
        971.348      0.00575138 
        971.466       0.0057204 
        971.535      0.00569257 
        971.567      0.00568085 
        971.584       0.0056746 
        971.635      0.00566863 
        971.644      0.00567042 
        971.703       0.0057029 
        971.732      0.00572552 
        971.762      0.00574004 
        971.778      0.00574362 
        971.792      0.00574607 
        971.806      0.00574849 
        971.821      0.00575109 
        971.827      0.00575213 
        971.833      0.00575317 
        971.836      0.00575367 
        971.839       0.0057542 
        971.851      0.00575628 
        971.866      0.00575888 
         971.88       0.0057613 
         971.91      0.00576617 
        971.969      0.00575288 
        972.037      0.00573749 
        972.087      0.00575772 
        972.137      0.00579259 
         972.15      0.00580375 
        972.237      0.00586718 
        972.324      0.00592187 
        972.499      0.00599177 
        972.548      0.00600622 
        972.673       0.0060372 
        972.798      0.00606063 
        973.048      0.00610876 
        973.351      0.00616604 
        973.548      0.00620408 
        973.746       0.0062415 
         974.14      0.00631407 
        974.217       0.0063282 
        974.821       0.0064397 
        974.928      0.00645962 
         975.64      0.00659326 
        977.063      0.00687047 
        979.305      0.00732626 
        981.547      0.00780299 
        983.653      0.00827819 
        983.788      0.00830951 
        983.923      0.00834096 
        984.194      0.00840184 
        984.734      0.00852525 
        985.011       0.0085893 
        985.815      0.00877792 
        986.618       0.0089711 
        987.139      0.00907455 
        988.225      0.00933326 
        989.312      0.00961572 
        990.399      0.00991138 
        991.266       0.0101533 
        992.573        0.010529 
         993.88        0.010918 
         994.54       0.0111198 
        995.186       0.0113209 
        996.493       0.0117381 
        997.574       0.0120942 
        997.806        0.012172 
        998.447       0.0123893 
        999.319       0.0126904 
        999.435       0.0127305 
        1001.06       0.0133078 
        1002.69       0.0139125 
        1004.32       0.0145449 
        1005.84         0.01513 
        1005.95       0.0151775 
        1007.58       0.0158674 
        1009.33        0.016646 
        1011.07       0.0174668 
         1011.3       0.0175789 
        1012.82       0.0183266 
        1014.33       0.0191048 
        1015.38       0.0196629 
        1015.84       0.0199149 
        1017.36       0.0207583 
        1017.62       0.0209086 
        1019.33       0.0219118 
        1020.19       0.0224322 
        1021.04       0.0229708 
         1021.9       0.0235371 
        1022.47       0.0239426 
        1022.76       0.0241609 
        1023.04        0.024396 
        1023.19       0.0245229 
        1023.62       0.0249355 
        1024.04       0.0254687 
        1024.39       0.0259084 
        1024.47       0.0259432 
        1024.54       0.0259677 
        1024.58        0.025944 
        1024.69       0.0258414 
        1024.79       0.0256737 
        1024.85       0.0256809 
        1024.88       0.0257149 
        1024.89       0.0257656 
        1024.91       0.0258228 
        1024.95       0.0259179 
        1024.98       0.0259746 
        1024.99       0.0259885 
        1025.01           0.026 
        1025.03       0.0260112 
        1025.04       0.0260216 
        1025.06       0.0260328 
        1025.07        0.026044 
        1025.09       0.0260544 
         1025.1       0.0260656 
        1025.13       0.0260871 
         1025.2       0.0260697 
        1025.27       0.0259713 
        1025.32       0.0260136 
        1025.37        0.026141 
        1025.47        0.026444 
        1025.52        0.026564 
        1025.57       0.0266713 
        1025.62       0.0267487 
        1025.72       0.0268455 
        1025.82       0.0269001 
        1025.87       0.0269101 
        1025.97       0.0269095 
        1026.02       0.0269093 
        1026.07       0.0269059 
        1026.25       0.0269234 
        1026.27       0.0269235 
        1026.66       0.0269968 
        1027.07       0.0271846 
        1027.48        0.027409 
        1027.53       0.0274406 
         1028.3       0.0279355 
         1028.8       0.0282835 
        1029.07       0.0284791 
        1029.34       0.0286773 
        1029.88       0.0290825 
        1030.96       0.0299162 
        1033.08       0.0316274 
        1033.13       0.0316707 
        1033.19       0.0317141 
        1033.23       0.0317499 
        1033.29       0.0318008 
         1033.5       0.0319754 
        1033.91       0.0323276 
        1034.75       0.0330426 
        1036.27       0.0343844 
        1037.78       0.0357777 
        1039.17       0.0370994 
        1039.26       0.0371826 
         1039.3       0.0372244 
        1039.34       0.0372662 
         1039.5       0.0374233 
        1039.52       0.0374349 
        1039.86       0.0377748 
        1040.55       0.0384628 
        1041.92       0.0398744 
        1044.35       0.0424743 
        1046.77       0.0452311 
        1049.03       0.0479539 
        1049.19       0.0481524 
        1049.35       0.0483516 
        1049.67       0.0487497 
        1050.31       0.0495549 
        1051.59       0.0512023 
        1053.95       0.0543734 
        1054.15       0.0546502 
        1054.35       0.0549285 
        1054.75       0.0554887 
        1054.95       0.0557708 
        1055.55        0.056625 
        1057.15       0.0589627 
        1059.36       0.0623226 
        1061.56       0.0658827 
        1063.16       0.0685885 
        1063.76        0.069629 
        1064.36       0.0706836 
        1065.56       0.0728378 
        1066.56       0.0746788 
        1067.96       0.0773281 
        1069.36       0.0800635 
        1069.96        0.081252 
        1072.16       0.0857491 
        1074.36       0.0904735 
        1076.56       0.0954359 
        1078.16       0.0991999 
        1078.69        0.100461 
        1078.76        0.100647 
        1078.98        0.101172 
        1079.36        0.102112 
        1080.57        0.105131 
        1080.71        0.105504 
        1082.44        0.110015 
        1084.17          0.1147 
         1085.9         0.11956 
        1087.64        0.124606 
        1089.32        0.129695 
        1089.37        0.129846 
        1089.42        0.130003 
        1089.52         0.13031 
        1089.72        0.130926 
        1090.12        0.132166 
        1090.67         0.13389 
        1090.92         0.13468 
        1092.52        0.139838 
        1094.37        0.146026 
        1096.22        0.152464 
        1096.77        0.154427 
        1098.07         0.15916 
        1099.37        0.164025 
        1099.57         0.16479 
        1101.97        0.174229 
        1104.37        0.184159 
        1106.78        0.194599 
        1108.98        0.204638 
        1109.18        0.205574 
        1109.38        0.206513 
        1109.78         0.20838 
        1109.98        0.209319 
        1110.58        0.212159 
        1112.18        0.219906 
        1114.38        0.230979 
        1116.58        0.242558 
        1118.18        0.251309 
        1118.68        0.254124 
        1118.78        0.254664 
        1119.38         0.25806 
        1120.08         0.26205 
        1121.47        0.270201 
        1123.78        0.284227 
        1124.25        0.287221 
        1124.73        0.290257 
        1125.68        0.296418 
        1125.79        0.297126 
        1127.08        0.305656 
        1127.59        0.309119 
        1127.85        0.310877 
        1129.38        0.321545 
        1129.77        0.324269 
        1131.69        0.338183 
        1133.62        0.352644 
        1135.54        0.367673 
        1137.46        0.383303 
        1139.39         0.39956 
        1141.31        0.416478 
        1142.08        0.423446 
        1143.23        0.434102 
           1144        0.441365 
        1144.39        0.445032 
         1146.7        0.467657 
        1149.39        0.495514 
        1149.77        0.499636 
        1152.08        0.525042 
        1154.39        0.551522 
         1156.7        0.579335 
        1158.62        0.603384 
           1159        0.608137 
        1159.01        0.608241 
        1159.39        0.613113 
        1160.16        0.622915 
         1161.7         0.64265 
        1164.39        0.677532 
        1169.39        0.743232 
         1171.9        0.776888 
         1174.4        0.812036 
        1175.65        0.831093 
         1176.9        0.851142 
        1177.86        0.867453 
        1178.15        0.872392 
         1179.4        0.894666 
        1180.94        0.922865 
        1182.86        0.959493 
        1184.01        0.981958 
        1185.17         1.00485 
        1185.56         1.01261 
        1187.48          1.0516 
         1189.4         1.09187 
        1191.32         1.13353 
        1192.09          1.1505 
        1193.24         1.17668 
        1194.03          1.1948 
         1194.4         1.20333 
        1196.72         1.25828 
         1196.9         1.26273 
         1199.4         1.32456 
         1201.9         1.38924 
         1204.4         1.45729 
         1206.9         1.52807 
        1208.48         1.57409 
         1209.4         1.60138 
        1210.33         1.62904 
        1211.64         1.66927 
        1212.16         1.68562 
        1212.69         1.70212 
        1213.61         1.73135 
        1213.74         1.73555 
        1213.81         1.73757 
        1213.88         1.73975 
        1214.14         1.74819 
        1214.17         1.74928 
        1214.47         1.75886 
        1214.62         1.76367 
        1214.76         1.76849 
        1214.84          1.7709 
        1214.91         1.77332 
        1214.95         1.77453 
        1214.98         1.77574 
           1215         1.77636 
        1215.02         1.77695 
        1215.04         1.77754 
        1215.06         1.77816 
        1215.08         1.77875 
         1215.1         1.77934 
        1215.11         1.77997 
        1215.13         1.78056 
        1215.17         1.78177 
        1215.24          1.7842 
        1215.39         1.78907 
        1215.64         1.79719 
        1215.69         1.79885 
        1215.74          1.8005 
         1215.8         1.80243 
        1215.84         1.80382 
        1216.04         1.81047 
        1216.06         1.81137 
        1216.28         1.81854 
        1216.76         1.83479 
        1217.46         1.85848 
        1218.32         1.88774 
        1218.86          1.9067 
        1218.98         1.91103 
        1219.41         1.92583 
        1219.83         1.94073 
         1220.1         1.95049 
        1220.67         1.97075 
        1222.36         2.03128 
        1224.62         2.11307 
        1228.86         2.27408 
        1229.13         2.28503 
        1229.41         2.29602 
        1229.74          2.3094 
        1229.96          2.3183 
        1230.18         2.32722 
        1230.62         2.34524 
        1231.49         2.38155 
        1231.69         2.39001 
        1233.24         2.45602 
        1234.79         2.52405 
        1236.38         2.59548 
        1237.89         2.66551 
        1239.41         2.73745 
        1240.47         2.78869 
        1242.44         2.88643 
        1244.41         2.98731 
        1247.29         3.14086 
        1248.35         3.19912 
        1248.65          3.2158 
        1249.41          3.2584 
        1251.53         3.37998 
        1251.91         3.40222 
        1254.41          3.5516 
        1256.91          3.7067 
        1259.41         3.86834 
        1261.91          4.0361 
        1264.41         4.21115 
        1266.91         4.39515 
        1269.41         4.58735 
        1271.91         4.78857 
        1274.41         4.99881 
        1276.91          5.2168 
        1279.42         5.44444 
        1281.92         5.67887 
        1284.42         5.92134 
        1286.92         6.17185 
        1289.42         6.43185 
        1291.92         6.69954 
        1294.42         6.97679 
        1296.92         7.26474 
        1299.42         7.56272 
        1301.92         7.87283 
        1304.42         8.19425 
        1306.92         8.52619 
        1309.42         8.86963 
        1311.92         9.22334 
        1314.42         9.58886 
        1316.92         9.96787 
        1319.42         10.3603 
        1321.92         10.7669 
        1324.42         11.1881 
        1326.92         11.6254 
        1329.42         12.0778 
        1334.42         13.0235 
        1339.42         14.0307 
        1341.92         14.5585 
        1344.42         15.1041 
        1346.92         15.6711 
        1349.42         16.2571 
        1354.42         17.4871 
        1359.42         18.7978 
        1364.42          20.187 
        1365.19         20.4081 
        1369.42          21.663 
        1373.65         22.9871 
        1376.35         23.8694 
        1377.88         24.3866 
        1379.42         24.9143 
        1380.57         25.3161 
         1382.5         25.9997 
        1384.42         26.6997 
        1387.12         27.7084 
        1388.27         28.1495 
        1389.03         28.4439 
        1389.42         28.5968 
        1391.73         29.5116 
        1394.42         30.6122 
        1399.42          32.737 
        1404.42         34.9933 
        1409.42         37.3865 
        1414.42         39.9296 
        1419.42         42.6327 
        1424.42          45.494 
        1429.42          48.515 
        1434.42         51.6905 
        1439.42         55.0404 
        1444.42         58.5763 
        1449.42         62.3223 
        1454.42          66.297 
        1459.42         70.4945 
        1464.42         74.9317 
        1465.96         76.3464 
        1469.42          79.624 
        1472.88         83.0053 
        1473.27         83.3845 
        1474.42         84.5337 
        1476.35         86.4802 
        1479.42         89.6611 
        1484.42         95.0608 
        1489.42         100.727 
        1494.42         106.635 
        1499.42         112.856 
        1504.42         119.457 
        1509.42         126.437 
        1514.42         133.789 
        1519.42         141.538 
        1524.42         149.734 
        1529.42         158.318 
        1534.42         167.254 
        1539.42         176.553 
        1544.42          186.26 
        1549.42         196.385 
        1554.42         206.841 
        1559.42          217.58 
        1564.42         228.725 
        1566.72         234.055 
        1569.42         240.465 
        1570.19          242.34 
        1572.11          247.07 
        1574.41         252.859 
         1574.8         253.834 
        1579.41         265.835 
        1584.41         279.394 
        1589.41         293.507 
        1594.41         308.327 
        1599.41         323.914 
        1604.41         340.212 
        1609.41          357.45 
        1614.41         375.656 
        1619.41         394.961 
        1624.41         415.331 
        1629.41         436.961 
        1634.41         459.499 
        1639.41         482.385 
        1644.41         504.703 
        1649.41         526.471 
        1654.41         547.646 
        1659.41         568.418 
        1664.41         588.794 
        1665.56         593.535 
         1669.4         609.664 
        1670.17         612.928 
        1673.25         625.984 
         1674.4         631.001 
        1676.33         639.499 
         1679.4         653.643 
         1684.4         676.881 
         1689.4         700.729 
         1694.4         725.567 
         1699.4         751.953 
         1704.4         780.287 
         1709.4         810.751 
         1714.4         842.911 
         1719.4         876.737 
         1724.4         911.995 
         1729.4         948.896 
         1734.4         987.481 
         1739.4         1027.89 
         1744.4         1069.88 
        1749.39         1113.79 
        1754.39         1159.31 
        1759.39         1206.44 
        1764.39         1255.21 
        1767.08         1282.16 
        1767.85         1289.96 
        1769.39         1305.67 
         1771.7          1329.5 
        1774.39         1357.74 
        1775.55         1370.01 
        1779.39         1411.56 
        1784.39         1466.89 
        1789.39         1524.21 
        1794.39         1583.74 
        1799.39         1645.23 
        1809.39         1774.14 
        1819.38         1911.59 
           1824         1977.99 
        1829.38          2057.9 
        1834.77         2140.51 
        1840.15         2225.83 
        1845.54         2313.94 
         1856.3         2498.46 
           1864         2637.79 
        1867.07          2695.3 
        1870.14         2753.88 
        1876.29         2874.51 
        1882.44         2999.54 
        1888.59         3129.26 
        1894.73         3263.71 
        1900.88         3402.82 
        1906.98         3545.66 
        1907.03          3546.8 
        1913.17         3695.77 
        1919.37         3851.03 
        1925.56            4011 
        1931.76          4176.4 
        1937.95          4349.1 
        1944.14         4525.94 
        1944.47         4535.49 
        1950.34         4712.58 
        1956.53         4901.73 
        1968.59          5286.8 
        1980.65         5695.77 
        1992.71            6129 
        2004.77         6588.14 
        2015.84         7033.43 
        2016.83         7074.27 
        2017.81          7115.3 
        2019.79         7197.95 
        2023.73         7365.94 
        2031.63         7711.35 
        2039.52         8068.84 
        2047.42         8439.39 
        2055.31         8823.35 
        2059.38         9026.33 
         2063.2         9220.73 
        2067.03         9418.53 
        2074.69         9824.89 
        2082.34         10245.2 
        2089.99         10679.7 
        2094.36         10933.2 
        2097.65         11127.8 
         2105.3         11590.5 
        2116.25         12278.4 
         2127.2           12998 
        2138.15         13751.8 
         2149.1         14538.8 
        2154.62         14948.8 
        2160.05         15360.3 
        2165.47         15780.7 
        2176.33         16649.6 
        2181.36         17065.5 
        2187.18         17554.8 
        2198.03         18496.9 
         2214.7         20018.6 
        2231.36         21606.6 
        2232.14         21682.6 
        2248.03         23276.1 
        2263.91         24928.9 
         2279.8         26680.4 
        2295.69         28513.6 
        2310.03         30267.2 
        2311.58         30464.7 
        2313.13         30663.1 
        2316.24           31060 
        2322.46         31864.9 
         2334.9         33540.3 
        2347.34         35333.8 
        2357.19         36808.5 
        2359.77         37203.4 
        2362.35         37608.9 
        2367.51         38450.3 
        2377.84         40184.1 
        2387.69         41902.9 
        2388.16         41986.8 
        2398.48           43921 
        2409.27         46074.6 
        2420.07         48329.6 
        2430.86           50787 
        2441.65         53416.5 
         2448.7         55203.4 
        2451.59         55954.6 
        2452.45         56176.4 
        2456.19         57165.4 
        2460.79         58481.1 
        2469.99         61191.3 
        2479.19         64010.9 
        2488.39         66951.1 
        2497.59         70083.3 
        2503.55         72182.2 
        2506.78         73327.9 
        2510.01         74463.9 
        2516.47         76695.1 
        2522.93         78560.2 
        2529.39         80829.4 
        2535.86         83248.7 
        2542.32         85722.1 
        2551.24         89226.6 
        2555.24         90825.6 
        2559.23         92446.4 
        2567.22         95839.6 
        2575.22         99338.7 
        2583.21          102958 
         2591.2          106707 
        2599.19          110598 
        2607.18          114640 
        2615.18          118863 
        2623.17          123269 
        2631.16          127905 
        2636.62          131188 
        2639.15          132744 
        2647.14          137804 
        2657.67          144930 
        2668.19          152131 
        2678.72          159797 
        2689.24          167789 
        2699.77          176151 
        2710.29          185061 
        2720.82          194317 
        2731.34          203906 
        2741.87          214018 
        2748.67          220719 
        2752.39          224430 
        2756.11          228172 
        2763.55          235923 
        2778.42          251905 
        2793.29          268656 
        2808.16          286251 
        2821.27          302188 
        2823.03          304368 
        2837.91          323022 
        2846.23          333697 
        2854.55          344633 
        2862.87          356398 
        2871.19          368336 
        2887.83          392800 
        2889.23          394898 
        2904.47          418036 
        2905.17          419117 
        2921.11          444048 
        2937.05          469737 
        2952.93          496158 
        2952.98          496243 
        2953.03          496325 
        2953.13          496485 
        2953.33          496811 
        2953.73          497468 
        2954.53          498788 
        2956.13          501433 
        2959.33          506745 
        2965.73          517436 
        2978.53          539122 
        3004.12          583724 
        3008.01          590641 
        3029.71          629987 
        3040.57          650137 
        3051.42          670626 
        3062.27          694028 
        3073.13          718105 
        3083.98          742625 
        3105.69          793004 
        3127.39          845120 
        3148.34          897119 
         3149.1          899030 
        3149.86          900943 
        3151.37          905187 
         3154.4          913717 
        3160.45          930920 
        3172.56          965886 
        3196.78      1.03831e+6 
           3221      1.11477e+6 
        3242.14      1.18392e+6 
        3245.22      1.19417e+6 
        3248.29      1.20446e+6 
        3248.39      1.20472e+6 
        3254.45       1.2202e+6 
        3260.61      1.23602e+6 
        3272.93      1.26793e+6 
        3297.56       1.3328e+6 
        3322.14      1.39891e+6 
        3346.73      1.46637e+6 
        3371.32      1.53745e+6 
         3395.8      1.61009e+6 
         3395.9       1.6104e+6 
        3420.48      1.68476e+6 
        3445.17      1.76063e+6 
        3445.47      1.76156e+6 
        3494.53      1.91651e+6 
        3495.92      1.92095e+6 
         3543.6      2.07542e+6 
        3591.28      2.23481e+6 
        3635.88      2.38765e+6 
        3638.96      2.39828e+6 
        3642.04      2.40918e+6 
        3643.12      2.41299e+6 
        3645.12      2.42007e+6 
        3645.28      2.42063e+6 
        3647.12      2.42715e+6 
        3648.96      2.43367e+6 
        3651.32      2.44202e+6 
        3652.64       2.4467e+6 
        3653.96      2.45138e+6 
        3654.24      2.45237e+6 
         3656.6      2.46073e+6 
        3658.96       2.4691e+6 
         3663.4      2.48485e+6 
        3663.68      2.48584e+6 
        3663.96      2.48683e+6 
        3664.52      2.48882e+6 
        3665.64      2.49279e+6 
         3666.8      2.49691e+6 
        3667.88      2.50074e+6 
        3668.28      2.50216e+6 
        3668.95      2.50458e+6 
        3671.11      2.51224e+6 
        3673.95      2.52233e+6 
         3675.2      2.52676e+6 
        3678.95      2.54008e+6 
        3682.58      2.55296e+6 
         3682.7      2.55339e+6 
        3682.82      2.55381e+6 
        3683.06      2.55466e+6 
        3683.18      2.55507e+6 
        3683.54      2.55636e+6 
         3684.5      2.55977e+6 
        3684.82       2.5609e+6 
        3685.83      2.56447e+6 
        3686.83      2.56805e+6 
        3688.74      2.57483e+6 
        3688.85       2.5752e+6 
        3688.94      2.57553e+6 
        3688.95      2.57557e+6 
        3689.16       2.5763e+6 
        3689.38      2.57708e+6 
        3689.73      2.57834e+6 
        3689.82      2.57864e+6 
         3689.9      2.57894e+6 
        3690.07      2.57954e+6 
        3690.41      2.58075e+6 
        3690.62      2.58151e+6 
        3691.09      2.58316e+6 
        3691.47      2.58451e+6 
        3691.55      2.58481e+6 
         3691.7      2.58533e+6 
        3692.48      2.58812e+6 
         3693.5      2.59172e+6 
         3694.4      2.59491e+6 
         3695.3      2.59811e+6 
        3695.81      2.59992e+6 
         3696.2       2.6013e+6 
        3696.53      2.60247e+6 
        3696.59      2.60269e+6 
        3696.65       2.6029e+6 
        3696.67      2.60297e+6 
        3696.76       2.6033e+6 
        3696.77      2.60334e+6 
        3696.87       2.6037e+6 
        3696.93       2.6039e+6 
        3696.99       2.6041e+6 
        3697.04       2.6043e+6 
         3697.1       2.6045e+6 
        3697.15       2.6047e+6 
        3697.21       2.6049e+6 
        3697.26       2.6051e+6 
        3697.32       2.6053e+6 
        3697.35      2.60539e+6 
        3697.41       2.6056e+6 
        3697.43       2.6057e+6 
        3697.46       2.6058e+6 
         3697.5      2.60593e+6 
        3697.53      2.60604e+6 
        3697.58      2.60621e+6 
        3697.66       2.6065e+6 
        3697.82      2.60707e+6 
        3698.11      2.60809e+6 
        3698.43      2.60923e+6 
        3698.69      2.61015e+6 
        3698.89      2.61086e+6 
        3698.95      2.61108e+6 
        3699.01      2.61129e+6 
        3699.13      2.61172e+6 
        3699.37      2.61259e+6 
        3699.53      2.61315e+6 
        3699.86      2.61432e+6 
        3699.88      2.61438e+6 
        3700.19      2.61549e+6 
         3700.2      2.61552e+6 
         3700.5       2.6166e+6 
        3700.81      2.61768e+6 
        3700.84       2.6178e+6 
        3701.09      2.61869e+6 
        3701.42      2.61985e+6 
        3701.99      2.62189e+6 
        3702.44       2.6235e+6 
        3702.89       2.6251e+6 
        3703.12       2.6259e+6 
        3703.35       2.6267e+6 
        3703.46       2.6271e+6 
        3703.57       2.6275e+6 
        3703.63       2.6277e+6 
        3703.68       2.6279e+6 
        3703.74       2.6281e+6 
         3703.8       2.6283e+6 
        3703.85       2.6285e+6 
        3703.91       2.6287e+6 
        3703.97       2.6289e+6 
        3704.02       2.6291e+6 
        3704.09      2.62932e+6 
        3704.13       2.6295e+6 
        3704.18      2.62968e+6 
        3704.21      2.62977e+6 
        3704.22      2.62981e+6 
        3704.28      2.63003e+6 
        3704.31      2.63014e+6 
        3704.36       2.6303e+6 
        3704.41      2.63046e+6 
        3704.49      2.63077e+6 
        3704.57      2.63104e+6 
        3704.59      2.63112e+6 
        3704.69      2.63147e+6 
        3704.81       2.6319e+6 
        3705.05      2.63277e+6 
        3705.37       2.6339e+6 
        3705.54       2.6345e+6 
        3705.71      2.63511e+6 
        3706.05      2.63631e+6 
        3706.07      2.63639e+6 
        3706.73      2.63873e+6 
        3707.27      2.64063e+6 
        3707.39      2.64107e+6 
        3707.51      2.64151e+6 
        3707.61      2.64186e+6 
        3707.76      2.64239e+6 
        3707.91      2.64292e+6 
        3708.12      2.64365e+6 
        3708.21      2.64398e+6 
         3708.3       2.6443e+6 
        3708.49      2.64496e+6 
        3708.76      2.64594e+6 
        3708.85      2.64626e+6 
        3708.87      2.64633e+6 
        3708.95      2.64659e+6 
        3709.13      2.64723e+6 
        3709.21      2.64751e+6 
        3709.49      2.64853e+6 
        3710.11      2.65072e+6 
         3710.9      2.65354e+6 
        3711.01      2.65393e+6 
        3711.12      2.65432e+6 
        3711.21      2.65465e+6 
        3711.32      2.65504e+6 
        3711.34      2.65509e+6 
        3711.46      2.65553e+6 
        3711.52      2.65573e+6 
        3711.58      2.65593e+6 
         3711.6      2.65603e+6 
        3711.69      2.65634e+6 
        3711.75      2.65654e+6 
         3711.8      2.65674e+6 
        3711.86      2.65694e+6 
        3711.91      2.65714e+6 
        3711.97      2.65734e+6 
        3712.03      2.65754e+6 
        3712.08      2.65774e+6 
        3712.14      2.65794e+6 
         3712.2      2.65816e+6 
        3712.25      2.65833e+6 
         3712.3      2.65852e+6 
        3712.33       2.6586e+6 
        3712.33      2.65862e+6 
         3712.4      2.65887e+6 
        3712.48      2.65914e+6 
        3712.63      2.65968e+6 
        3712.93      2.66075e+6 
        3713.23       2.6618e+6 
        3713.53      2.66288e+6 
        3713.83      2.66395e+6 
        3714.24      2.66541e+6 
        3714.42      2.66604e+6 
        3714.44      2.66611e+6 
        3714.64      2.66681e+6 
        3715.03       2.6682e+6 
        3715.64      2.67037e+6 
        3716.76      2.67437e+6 
        3716.79      2.67446e+6 
        3716.86       2.6747e+6 
        3716.95      2.67504e+6 
        3717.14      2.67572e+6 
        3717.52      2.67706e+6 
        3718.19      2.67943e+6 
        3718.26      2.67967e+6 
        3718.33      2.67992e+6 
        3718.47      2.68042e+6 
        3718.56      2.68073e+6 
        3718.63        2.681e+6 
        3718.73      2.68136e+6 
        3718.75      2.68142e+6 
        3718.94       2.6821e+6 
        3719.25       2.6832e+6 
        3719.47      2.68399e+6 
        3719.77      2.68505e+6 
        3720.07      2.68611e+6 
        3720.36      2.68701e+6 
        3720.52      2.68754e+6 
        3720.67        2.688e+6 
        3720.98      2.68898e+6 
         3721.2      2.68966e+6 
        3721.43      2.69033e+6 
        3721.54      2.69068e+6 
        3721.66      2.69101e+6 
        3721.71      2.69118e+6 
        3721.77      2.69135e+6 
        3721.82      2.69152e+6 
        3721.88      2.69169e+6 
        3721.94      2.69186e+6 
        3721.99      2.69203e+6 
        3722.05       2.6922e+6 
        3722.11      2.69237e+6 
        3722.22      2.69271e+6 
         3722.4      2.69323e+6 
        3722.45      2.69338e+6 
         3722.5      2.69353e+6 
         3722.6      2.69383e+6 
         3722.7      2.69412e+6 
         3722.8      2.69443e+6 
         3722.9      2.69474e+6 
        3723.11      2.69535e+6 
        3723.23      2.69572e+6 
        3723.52      2.69658e+6 
        3723.81      2.69744e+6 
        3724.38      2.69917e+6 
        3725.45      2.70236e+6 
        3725.53      2.70261e+6 
        3725.62      2.70285e+6 
        3725.75      2.70325e+6 
        3725.78      2.70335e+6 
        3725.92      2.70375e+6 
        3725.93      2.70379e+6 
        3726.11      2.70434e+6 
        3726.48      2.70543e+6 
        3727.04      2.70711e+6 
        3727.37      2.70808e+6 
        3728.15      2.71043e+6 
        3728.64      2.71188e+6 
        3728.94      2.71278e+6 
        3729.01      2.71299e+6 
        3729.24      2.71368e+6 
        3729.84      2.71548e+6 
        3730.68      2.71796e+6 
        3732.19       2.7225e+6 
        3732.34      2.72295e+6 
        3732.49      2.72339e+6 
        3732.79      2.72429e+6 
        3733.35      2.72596e+6 
        3733.38      2.72605e+6 
        3733.39      2.72608e+6 
         3733.4      2.72611e+6 
        3733.45      2.72626e+6 
        3733.55      2.72655e+6 
        3733.65      2.72684e+6 
        3733.75      2.72715e+6 
        3733.86      2.72746e+6 
           3734       2.7279e+6 
        3734.04      2.72802e+6 
        3734.06      2.72808e+6 
        3734.08      2.72814e+6 
        3734.13      2.72828e+6 
        3734.14      2.72831e+6 
        3734.16      2.72838e+6 
         3734.2      2.72848e+6 
        3734.25      2.72865e+6 
        3734.31      2.72882e+6 
        3734.37      2.72899e+6 
        3734.43      2.72916e+6 
        3734.48      2.72933e+6 
        3734.54       2.7295e+6 
        3734.65      2.72984e+6 
        3734.83      2.73037e+6 
        3734.88      2.73051e+6 
        3734.93      2.73067e+6 
        3735.03      2.73096e+6 
        3735.12      2.73125e+6 
        3735.17      2.73139e+6 
        3735.23      2.73156e+6 
        3735.33      2.73187e+6 
        3735.39      2.73205e+6 
        3735.49      2.73235e+6 
        3735.82      2.73331e+6 
           3736      2.73386e+6 
        3736.24      2.73459e+6 
        3736.49      2.73531e+6 
        3736.97      2.73676e+6 
        3737.83      2.73931e+6 
        3737.94      2.73966e+6 
        3738.06      2.74001e+6 
        3738.29      2.74071e+6 
        3738.59      2.74158e+6 
        3738.76       2.7421e+6 
        3738.94      2.74263e+6 
        3739.29      2.74367e+6 
         3739.5       2.7443e+6 
        3739.99      2.74576e+6 
        3740.48      2.74722e+6 
        3741.21      2.74942e+6 
        3741.45      2.75013e+6 
        3741.69      2.75085e+6 
        3742.09      2.75204e+6 
        3742.18      2.75229e+6 
        3742.26      2.75254e+6 
        3742.43      2.75304e+6 
        3742.67      2.75377e+6 
        3742.73      2.75395e+6 
        3742.76      2.75404e+6 
         3742.8      2.75413e+6 
        3742.86      2.75434e+6 
        3742.92       2.7545e+6 
        3743.17      2.75524e+6 
        3743.66      2.75672e+6 
        3744.62      2.75958e+6 
        3744.65      2.75968e+6 
        3746.45      2.76502e+6 
        3747.61      2.76847e+6 
        3748.27      2.77045e+6 
        3748.84      2.77217e+6 
         3748.9      2.77235e+6 
        3748.93      2.77243e+6 
        3748.96      2.77252e+6 
        3748.99      2.77259e+6 
        3749.08      2.77288e+6 
        3749.12      2.77298e+6 
        3749.18      2.77317e+6 
        3749.38      2.77376e+6 
        3749.41      2.77385e+6 
        3749.64      2.77453e+6 
        3749.75      2.77487e+6 
        3749.87      2.77521e+6 
        3749.92      2.77538e+6 
        3749.98      2.77555e+6 
        3750.04      2.77572e+6 
        3750.09      2.77589e+6 
        3750.15      2.77606e+6 
        3750.21      2.77623e+6 
        3750.27       2.7764e+6 
        3750.32      2.77657e+6 
        3750.44      2.77691e+6 
        3750.62      2.77744e+6 
        3750.66      2.77759e+6 
        3750.72      2.77774e+6 
        3750.82      2.77804e+6 
        3750.91      2.77832e+6 
        3751.02      2.77864e+6 
        3751.12      2.77895e+6 
        3751.33      2.77958e+6 
        3751.48      2.78002e+6 
        3751.76      2.78084e+6 
        3752.03      2.78167e+6 
        3752.59      2.78332e+6 
        3753.53      2.78613e+6 
         3753.7      2.78662e+6 
        3753.78      2.78687e+6 
        3753.86       2.7871e+6 
        3754.18      2.78807e+6 
        3754.27      2.78834e+6 
        3754.84      2.79001e+6 
        3755.89      2.79315e+6 
        3756.09      2.79373e+6 
        3757.47      2.79786e+6 
        3757.51      2.79797e+6 
        3757.55      2.79808e+6 
        3758.93       2.8022e+6 
        3760.39      2.80654e+6 
        3761.66       2.8103e+6 
        3762.72      2.81346e+6 
        3763.23      2.81499e+6 
        3764.81      2.81968e+6 
        3765.07      2.82044e+6 
         3766.9      2.82589e+6 
        3768.55      2.83078e+6 
        3768.74      2.83134e+6 
        3768.93      2.83192e+6 
        3768.97      2.83204e+6 
         3769.2      2.83271e+6 
        3769.31      2.83306e+6 
        3769.66      2.83407e+6 
        3769.89      2.83475e+6 
        3770.11      2.83543e+6 
        3770.23      2.83577e+6 
        3770.34      2.83611e+6 
         3770.4      2.83628e+6 
        3770.46      2.83645e+6 
        3770.51      2.83662e+6 
        3770.57       2.8368e+6 
        3770.63      2.83696e+6 
        3770.69      2.83713e+6 
        3770.74       2.8373e+6 
         3770.8      2.83747e+6 
        3770.87      2.83767e+6 
        3770.92      2.83781e+6 
        3770.97      2.83796e+6 
        3770.99      2.83803e+6 
           3771      2.83807e+6 
        3771.07      2.83826e+6 
        3771.15      2.83849e+6 
         3771.3      2.83897e+6 
         3771.6      2.83986e+6 
        3771.89      2.84071e+6 
        3771.95      2.84089e+6 
        3772.21      2.84165e+6 
        3772.52      2.84258e+6 
        3773.15      2.84446e+6 
        3774.36      2.84803e+6 
         3775.5      2.85141e+6 
        3776.76      2.85516e+6 
        3777.13      2.85624e+6 
        3778.03      2.85891e+6 
         3778.4      2.86001e+6 
        3778.93      2.86158e+6 
        3780.73      2.86691e+6 
        3781.84      2.87023e+6 
        3783.05      2.87381e+6 
        3783.16      2.87413e+6 
        3784.26       2.8774e+6 
        3785.37      2.88066e+6 
        3786.22      2.88321e+6 
         3787.4      2.88669e+6 
        3787.57       2.8872e+6 
        3788.92       2.8912e+6 
        3790.45       2.8957e+6 
        3792.84      2.90278e+6 
        3793.49      2.90471e+6 
        3794.14      2.90664e+6 
         3794.9      2.90887e+6 
        3795.07      2.90937e+6 
        3795.44      2.91048e+6 
        3795.99       2.9121e+6 
        3796.45      2.91347e+6 
        3796.92      2.91483e+6 
        3797.15      2.91552e+6 
        3797.38       2.9162e+6 
        3797.49      2.91654e+6 
        3797.61      2.91688e+6 
        3797.67      2.91705e+6 
        3797.72      2.91722e+6 
        3797.78      2.91739e+6 
        3797.84      2.91756e+6 
         3797.9      2.91773e+6 
        3797.96       2.9179e+6 
        3798.01      2.91807e+6 
        3798.07      2.91825e+6 
        3798.19      2.91859e+6 
        3798.37      2.91912e+6 
        3798.42      2.91927e+6 
        3798.47      2.91942e+6 
        3798.57      2.91971e+6 
        3798.66      2.91998e+6 
        3798.75      2.92026e+6 
        3798.77      2.92031e+6 
        3798.84      2.92051e+6 
        3798.88      2.92064e+6 
        3798.92      2.92076e+6 
        3799.05      2.92113e+6 
        3799.09      2.92126e+6 
        3799.43      2.92225e+6 
        3799.47      2.92238e+6 
         3799.8      2.92337e+6 
        3800.56      2.92561e+6 
        3801.65      2.92883e+6 
        3802.32       2.9308e+6 
        3803.83      2.93527e+6 
        3805.35      2.93974e+6 
        3807.84      2.94708e+6 
        3808.38      2.94867e+6 
        3808.92      2.95027e+6 
           3810      2.95346e+6 
        3811.59      2.95813e+6 
        3812.16      2.95983e+6 
        3812.74      2.96154e+6 
         3813.9      2.96494e+6 
        3815.78      2.97048e+6 
        3816.09      2.97141e+6 
        3816.21      2.97175e+6 
        3816.64      2.97302e+6 
        3817.44      2.97544e+6 
         3817.5      2.97563e+6 
        3818.92      2.97991e+6 
        3820.39      2.98445e+6 
        3822.57      2.99114e+6 
        3823.35      2.99354e+6 
        3823.51      2.99404e+6 
        3824.13      2.99593e+6 
        3825.68      3.00073e+6 
         3826.8      3.00416e+6 
        3827.86       3.0074e+6 
        3828.91      3.01064e+6 
        3830.45      3.01537e+6 
        3831.02      3.01711e+6 
        3831.59      3.01886e+6 
           3832      3.02011e+6 
        3832.53      3.02172e+6 
        3832.73      3.02235e+6 
        3833.46      3.02458e+6 
        3833.93      3.02601e+6 
        3834.39      3.02744e+6 
        3834.63      3.02816e+6 
        3834.86      3.02887e+6 
        3834.97      3.02922e+6 
        3835.09      3.02958e+6 
        3835.15      3.02976e+6 
        3835.21      3.02994e+6 
        3835.27      3.03012e+6 
        3835.33       3.0303e+6 
        3835.38      3.03047e+6 
        3835.44      3.03065e+6 
         3835.5      3.03083e+6 
        3835.56      3.03101e+6 
        3835.63      3.03122e+6 
        3835.68      3.03137e+6 
        3835.73      3.03152e+6 
        3835.74      3.03158e+6 
        3835.77      3.03167e+6 
        3835.83      3.03183e+6 
        3835.91      3.03209e+6 
        3836.07       3.0326e+6 
        3836.38      3.03352e+6 
        3836.65      3.03435e+6 
        3836.98      3.03536e+6 
        3837.03      3.03552e+6 
        3837.31      3.03637e+6 
        3837.97       3.0384e+6 
        3838.65      3.04047e+6 
        3838.91      3.04128e+6 
        3839.18      3.04209e+6 
         3839.7       3.0437e+6 
        3840.76      3.04692e+6 
        3842.75      3.05302e+6 
        3842.83      3.05326e+6 
        3842.87      3.05338e+6 
        3842.91       3.0535e+6 
        3843.07      3.05397e+6 
        3843.38      3.05492e+6 
           3844      3.05683e+6 
        3844.59      3.05862e+6 
        3845.25      3.06064e+6 
        3845.55      3.06155e+6 
        3845.91      3.06265e+6 
        3847.23      3.06668e+6 
        3847.44      3.06733e+6 
        3848.91       3.0718e+6 
        3850.38      3.07627e+6 
        3851.98      3.08115e+6 
        3853.31      3.08521e+6 
        3854.64      3.08926e+6 
         3855.7      3.09249e+6 
         3857.3      3.09736e+6 
        3858.91      3.10224e+6 
        3862.01      3.11166e+6 
        3862.11      3.11198e+6 
        3862.22      3.11229e+6 
        3862.43      3.11293e+6 
        3862.85      3.11421e+6 
        3863.68      3.11676e+6 
        3865.17      3.12126e+6 
        3865.36      3.12185e+6 
        3865.56      3.12244e+6 
        3865.95      3.12363e+6 
        3866.73      3.12599e+6 
        3867.68      3.12886e+6 
        3868.29      3.13072e+6 
         3868.9      3.13258e+6 
        3870.13       3.1363e+6 
        3871.32      3.13991e+6 
        3872.59      3.14373e+6 
        3873.85      3.14756e+6 
        3876.32      3.15504e+6 
        3876.37      3.15516e+6 
        3876.37      3.15516e+6 
        3876.37       3.1552e+6 
        3876.42      3.15532e+6 
        3876.52      3.15564e+6 
        3876.72      3.15623e+6 
        3876.95      3.15692e+6 
        3877.12      3.15746e+6 
        3877.92      3.15988e+6 
         3878.9      3.16283e+6 
        3880.29      3.16701e+6 
        3880.85       3.1687e+6 
        3881.42       3.1704e+6 
        3882.55      3.17383e+6 
         3884.4      3.17942e+6 
         3884.8      3.18061e+6 
        3884.92      3.18099e+6 
         3885.2      3.18184e+6 
        3886.01      3.18426e+6 
        3886.15       3.1847e+6 
         3887.1      3.18752e+6 
        3887.57      3.18894e+6 
        3888.04      3.19038e+6 
        3888.28       3.1911e+6 
        3888.52       3.1918e+6 
        3888.63      3.19214e+6 
        3888.75      3.19252e+6 
        3888.84      3.19277e+6 
        3888.87      3.19286e+6 
        3888.87      3.19286e+6 
         3888.9      3.19296e+6 
        3888.93      3.19305e+6 
        3888.99      3.19321e+6 
        3889.05       3.1934e+6 
        3889.11      3.19355e+6 
        3889.17      3.19374e+6 
        3889.22      3.19393e+6 
        3889.29      3.19415e+6 
        3889.34      3.19428e+6 
        3889.39      3.19443e+6 
        3889.41       3.1945e+6 
        3889.45      3.19462e+6 
        3889.49      3.19475e+6 
        3889.58        3.195e+6 
        3889.75      3.19553e+6 
        3890.05      3.19644e+6 
        3890.32      3.19723e+6 
        3890.47       3.1977e+6 
        3890.66      3.19824e+6 
           3891      3.19927e+6 
        3891.68      3.20135e+6 
        3892.89      3.20496e+6 
        3893.94      3.20813e+6 
        3894.46      3.20967e+6 
        3895.31      3.21225e+6 
        3896.22      3.21498e+6 
        3896.68      3.21633e+6 
        3898.89      3.22299e+6 
         3899.6      3.22513e+6 
        3901.57      3.23103e+6 
        3903.89      3.23798e+6 
        3904.25      3.23904e+6 
        3908.89      3.25293e+6 
        3913.89      3.26785e+6 
        3918.89      3.28397e+6 
        3923.89      3.30024e+6 
        3928.22      3.31432e+6 
        3928.35      3.31476e+6 
        3928.89      3.31649e+6 
        3929.56      3.31868e+6 
         3930.9      3.32302e+6 
        3933.45      3.33128e+6 
        3935.81      3.33892e+6 
        3937.35      3.34388e+6 
        3938.89      3.34884e+6 
        3940.04      3.35255e+6 
        3941.96      3.35877e+6 
        3943.88      3.36496e+6 
        3946.58      3.37363e+6 
        3947.73      3.37734e+6 
        3948.88      3.38104e+6 
        3950.65      3.38673e+6 
        3951.01      3.38789e+6 
        3951.19      3.38846e+6 
        3951.72      3.39016e+6 
        3952.78      3.39358e+6 
        3954.55      3.39923e+6 
        3957.31      3.40806e+6 
        3958.09      3.41058e+6 
        3958.62      3.41227e+6 
        3958.88      3.41309e+6 
        3960.45      3.41812e+6 
        3962.28      3.42396e+6 
        3965.74      3.43499e+6 
        3965.94      3.43565e+6 
        3966.15      3.43631e+6 
        3966.56      3.43759e+6 
        3966.68      3.43797e+6 
        3967.28      3.43989e+6 
        3967.38       3.4402e+6 
        3968.08      3.44243e+6 
        3968.71      3.44444e+6 
        3968.88      3.44498e+6 
        3969.05      3.44551e+6 
        3969.23      3.44611e+6 
        3969.29       3.4463e+6 
        3969.38      3.44658e+6 
        3969.53      3.44705e+6 
        3969.65      3.44743e+6 
        3969.77       3.4478e+6 
        3969.83      3.44799e+6 
        3969.89      3.44818e+6 
        3969.95      3.44837e+6 
        3970.01      3.44856e+6 
        3970.07      3.44875e+6 
        3970.13      3.44893e+6 
        3970.19      3.44912e+6 
        3970.25      3.44934e+6 
        3970.32      3.44956e+6 
        3970.37      3.44972e+6 
        3970.42      3.44988e+6 
        3970.43      3.44991e+6 
        3970.49      3.45013e+6 
        3970.52      3.45022e+6 
        3970.61      3.45051e+6 
         3970.8      3.45107e+6 
         3971.1      3.45204e+6 
        3971.33       3.4528e+6 
        3971.59      3.45362e+6 
         3971.7      3.45396e+6 
        3972.06      3.45512e+6 
        3972.79      3.45745e+6 
        3973.99      3.46125e+6 
        3974.94      3.46427e+6 
         3976.4      3.46888e+6 
        3976.84       3.4703e+6 
        3977.86      3.47353e+6 
        3978.87      3.47674e+6 
        3979.58      3.47897e+6 
         3980.9      3.48318e+6 
        3982.23      3.48736e+6 
        3984.18      3.49351e+6 
        3984.88      3.49574e+6 
        3985.12       3.4965e+6 
        3985.59      3.49797e+6 
        3986.99       3.5024e+6 
        3988.87      3.50834e+6 
        3991.38      3.51623e+6 
        3992.62      3.52015e+6 
        3993.85      3.52402e+6 
        3993.87      3.52408e+6 
        3996.36       3.5319e+6 
        3998.87      3.53976e+6 
        4003.87       3.5554e+6 
        4008.87      3.57102e+6 
        4013.86      3.58688e+6 
        4018.86      3.60316e+6 
        4023.86       3.6194e+6 
        4025.34       3.6242e+6 
        4028.86      3.63561e+6 
        4032.38      3.64695e+6 
        4032.95      3.64877e+6 
        4033.86      3.65172e+6 
         4035.9      3.65829e+6 
        4038.86      3.66778e+6 
        4043.86      3.68377e+6 
        4048.86       3.6997e+6 
        4053.86      3.71556e+6 
        4058.85      3.73136e+6 
        4063.85      3.74707e+6 
        4068.85      3.76275e+6 
        4073.85      3.77833e+6 
        4075.42      3.78323e+6 
        4078.85      3.79388e+6 
        4082.28      3.80447e+6 
        4082.56      3.80535e+6 
           4084      3.80981e+6 
         4085.7      3.81506e+6 
        4088.84       3.8247e+6 
         4089.7      3.82731e+6 
        4093.69      3.83953e+6 
        4096.52      3.84817e+6 
        4097.68      3.85172e+6 
        4098.01      3.85272e+6 
        4098.68      3.85473e+6 
        4098.84      3.85524e+6 
        4099.68      3.85775e+6 
        4100.17      3.85926e+6 
        4100.67      3.86077e+6 
        4100.92      3.86152e+6 
        4101.17      3.86227e+6 
         4101.3      3.86265e+6 
        4101.42        3.863e+6 
        4101.48      3.86319e+6 
        4101.55      3.86337e+6 
        4101.61      3.86353e+6 
        4101.67      3.86372e+6 
        4101.73      3.86391e+6 
         4101.8       3.8641e+6 
        4101.86      3.86428e+6 
        4101.92       3.8645e+6 
        4102.05      3.86491e+6 
         4102.3      3.86567e+6 
        4102.74      3.86705e+6 
        4102.79      3.86721e+6 
        4102.85      3.86736e+6 
        4102.94      3.86768e+6 
        4103.15      3.86827e+6 
         4103.3      3.86875e+6 
        4103.55       3.8695e+6 
        4103.79      3.87025e+6 
        4104.29      3.87176e+6 
        4104.78      3.87327e+6 
        4105.29      3.87481e+6 
        4105.79      3.87632e+6 
        4106.79      3.87936e+6 
        4108.68      3.88505e+6 
        4108.76       3.8853e+6 
         4108.8      3.88543e+6 
        4108.84      3.88555e+6 
        4108.86      3.88562e+6 
           4109      3.88606e+6 
        4109.32      3.88709e+6 
        4109.78       3.8886e+6 
         4110.7      3.89155e+6 
        4111.32      3.89356e+6 
        4112.55      3.89752e+6 
        4113.77      3.90148e+6 
        4114.69      3.90443e+6 
        4116.23      3.90937e+6 
        4116.69      3.91087e+6 
        4117.77       3.9143e+6 
        4118.13      3.91546e+6 
        4118.84      3.91775e+6 
        4120.98       3.9246e+6 
        4123.84      3.93371e+6 
        4126.14      3.94107e+6 
        4128.84      3.94961e+6 
         4129.6      3.95203e+6 
        4131.53      3.95812e+6 
        4133.83      3.96538e+6 
        4134.22      3.96661e+6 
        4138.83      3.98109e+6 
        4143.83       3.9967e+6 
        4148.83      4.01222e+6 
        4153.83      4.02768e+6 
        4158.83      4.04301e+6 
        4163.83      4.05825e+6 
        4168.82      4.07342e+6 
        4173.82      4.08847e+6 
        4178.82      4.10345e+6 
        4183.82      4.11831e+6 
        4188.82      4.13311e+6 
        4193.82      4.14778e+6 
        4198.82      4.16239e+6 
        4203.81      4.17687e+6 
        4208.81      4.19151e+6 
        4213.81      4.20622e+6 
        4216.52      4.21413e+6 
        4217.24      4.21624e+6 
        4218.81      4.22082e+6 
         4221.1      4.22748e+6 
        4223.81      4.23531e+6 
        4224.95      4.23864e+6 
        4228.81      4.24973e+6 
        4233.81      4.26402e+6 
        4238.81      4.27822e+6 
        4243.81       4.2923e+6 
         4248.8      4.30628e+6 
         4253.8      4.32013e+6 
         4258.8      4.33392e+6 
         4263.8      4.34759e+6 
         4268.8      4.36113e+6 
         4273.8      4.37457e+6 
         4278.8      4.38793e+6 
        4283.79      4.40115e+6 
        4288.79      4.41425e+6 
        4293.79      4.42729e+6 
        4298.79       4.4402e+6 
        4303.79      4.45292e+6 
        4308.79      4.46511e+6 
        4313.79      4.47721e+6 
        4314.07       4.4779e+6 
        4318.78      4.48921e+6 
        4320.85      4.49414e+6 
         4323.5      4.50046e+6 
        4326.14      4.50671e+6 
        4326.48      4.50749e+6 
        4328.78      4.51293e+6 
        4330.23      4.51632e+6 
        4331.09      4.51833e+6 
        4331.15      4.51846e+6 
        4331.95      4.52034e+6 
        4333.66      4.52433e+6 
        4334.06      4.52524e+6 
        4336.17      4.53015e+6 
        4337.79      4.53388e+6 
        4338.22      4.53489e+6 
        4338.28      4.53501e+6 
        4338.78      4.53615e+6 
        4338.81      4.53624e+6 
        4339.34      4.53743e+6 
         4339.6        4.538e+6 
        4339.87       4.5386e+6 
           4340      4.53888e+6 
        4340.13      4.53913e+6 
         4340.2      4.53926e+6 
        4340.26      4.53938e+6 
        4340.33      4.53951e+6 
         4340.4       4.5396e+6 
        4340.46      4.53976e+6 
        4340.53      4.53992e+6 
        4340.59       4.5401e+6 
        4340.66      4.54029e+6 
        4340.79      4.54067e+6 
        4341.01       4.5412e+6 
        4341.06      4.54133e+6 
         4341.1      4.54145e+6 
         4341.2      4.54171e+6 
        4341.23      4.54177e+6 
        4341.24       4.5418e+6 
         4341.4      4.54218e+6 
        4341.58      4.54262e+6 
        4341.94      4.54347e+6 
        4342.64       4.5451e+6 
        4343.33      4.54673e+6 
        4343.57       4.5473e+6 
        4344.04       4.5484e+6 
        4344.75      4.55003e+6 
        4346.17      4.55333e+6 
        4348.58      4.55886e+6 
        4348.78      4.55933e+6 
        4348.98      4.55977e+6 
        4349.37      4.56068e+6 
        4350.17       4.5625e+6 
        4350.32      4.56285e+6 
        4351.76      4.56615e+6 
         4353.2      4.56945e+6 
        4354.73      4.57293e+6 
        4356.08      4.57598e+6 
        4356.08      4.57598e+6 
        4357.43      4.57903e+6 
        4358.77      4.58208e+6 
        4359.17      4.58296e+6 
        4361.47      4.58795e+6 
        4363.77       4.5931e+6 
        4367.98       4.6025e+6 
        4368.38      4.60338e+6 
        4368.52      4.60369e+6 
        4368.77      4.60426e+6 
        4369.56      4.60598e+6 
        4371.15       4.6095e+6 
        4373.77      4.61528e+6 
        4378.77      4.62622e+6 
        4383.77      4.63705e+6 
        4388.77       4.6478e+6 
        4393.77      4.65842e+6 
        4398.76      4.66897e+6 
        4403.76      4.67742e+6 
        4408.76      4.68499e+6 
        4413.76      4.69253e+6 
        4418.76      4.70004e+6 
        4423.76      4.70746e+6 
        4428.76      4.71484e+6 
        4433.75      4.72219e+6 
        4438.75      4.72948e+6 
        4443.75       4.7367e+6 
        4448.75       4.7439e+6 
        4453.75      4.75103e+6 
        4458.75      4.75813e+6 
        4463.75      4.76517e+6 
        4468.74      4.77217e+6 
        4473.74      4.77912e+6 
        4478.74        4.786e+6 
        4483.74      4.79285e+6 
        4488.74      4.79966e+6 
        4493.74      4.80642e+6 
        4498.74      4.81443e+6 
        4503.74      4.82558e+6 
        4508.73      4.83661e+6 
        4513.73      4.84751e+6 
        4514.12      4.84833e+6 
        4518.73      4.85822e+6 
        4523.35      4.86802e+6 
        4527.19      4.87607e+6 
        4527.96      4.87767e+6 
        4528.73      4.87927e+6 
        4530.27      4.88247e+6 
        4532.97      4.88804e+6 
        4533.29       4.8887e+6 
        4533.35      4.88882e+6 
        4533.73      4.88961e+6 
        4534.49      4.89115e+6 
        4536.01      4.89422e+6 
        4538.73      4.89978e+6 
        4543.73      4.90981e+6 
        4548.72       4.9197e+6 
        4553.72      4.92947e+6 
        4558.72      4.93909e+6 
        4563.72      4.94857e+6 
        4568.72      4.95794e+6 
        4573.72      4.96714e+6 
        4578.72      4.97625e+6 
        4583.72       4.9852e+6 
        4588.71      4.99403e+6 
        4593.71      5.00273e+6 
        4596.53      5.00691e+6 
        4596.98      5.00757e+6 
        4598.71      5.01012e+6 
        4600.89      5.01323e+6 
        4603.71      5.01722e+6 
         4604.8      5.01876e+6 
        4608.71      5.02422e+6 
        4613.71      5.03117e+6 
         4618.7      5.03802e+6 
         4623.7       5.0448e+6 
         4628.7      5.05149e+6 
         4633.7      5.05809e+6 
         4638.7      5.06462e+6 
         4643.7       5.0711e+6 
         4648.7      5.07747e+6 
         4653.7      5.08379e+6 
        4658.69      5.09001e+6 
        4663.69      5.09613e+6 
        4668.69      5.10223e+6 
        4673.69      5.10823e+6 
        4678.69      5.11414e+6 
        4683.69      5.11998e+6 
        4688.69      5.12576e+6 
        4693.69      5.13126e+6 
        4698.68      5.13644e+6 
        4703.68      5.14153e+6 
        4708.68      5.14659e+6 
        4713.68      5.15155e+6 
         4715.6      5.15347e+6 
        4718.68      5.15648e+6 
        4720.98      5.15872e+6 
        4721.76      5.15947e+6 
        4723.68      5.16132e+6 
        4724.83      5.16245e+6 
        4728.68      5.16613e+6 
        4733.68      5.17087e+6 
        4738.67      5.17552e+6 
        4743.67      5.18014e+6 
        4748.67      5.18466e+6 
        4753.67      5.18916e+6 
        4758.67      5.19359e+6 
        4763.67      5.19792e+6 
        4768.67      5.20223e+6 
        4773.66      5.20644e+6 
        4778.66      5.21061e+6 
        4783.66       5.2147e+6 
        4788.66      5.21875e+6 
        4793.66      5.22258e+6 
        4798.66      5.22638e+6 
        4803.66      5.23012e+6 
        4808.65       5.2338e+6 
        4813.65      5.23741e+6 
        4818.65      5.24096e+6 
        4823.65      5.24445e+6 
        4828.65       5.2479e+6 
        4833.65      5.25127e+6 
        4834.97      5.25218e+6 
        4838.65      5.25463e+6 
        4839.16      5.25494e+6 
        4842.32      5.25705e+6 
        4845.48      5.25912e+6 
         4845.5      5.25915e+6 
        4847.05      5.26016e+6 
        4848.64      5.26116e+6 
        4851.78      5.26317e+6 
        4854.39      5.26484e+6 
        4856.52      5.26616e+6 
         4858.4      5.26729e+6 
        4858.64      5.26741e+6 
        4858.66      5.26745e+6 
        4858.88      5.26757e+6 
        4859.36      5.26782e+6 
        4859.47      5.26789e+6 
        4860.06      5.26817e+6 
        4860.36      5.26829e+6 
        4860.66      5.26839e+6 
        4860.81      5.26839e+6 
        4860.95      5.26836e+6 
        4861.03      5.26833e+6 
         4861.1      5.26826e+6 
        4861.18      5.26817e+6 
        4861.25      5.26811e+6 
        4861.32      5.26807e+6 
         4861.4       5.2682e+6 
        4861.47      5.26836e+6 
        4861.54      5.26855e+6 
        4861.64      5.26877e+6 
        4861.69      5.26886e+6 
        4861.69      5.26886e+6 
        4861.69      5.26886e+6 
        4861.69      5.26886e+6 
        4861.74      5.26895e+6 
        4861.84      5.26908e+6 
        4861.98      5.26927e+6 
        4861.99      5.26927e+6 
        4862.28      5.26958e+6 
        4862.58      5.26986e+6 
         4862.6       5.2699e+6 
        4863.18      5.27037e+6 
        4863.73      5.27084e+6 
        4863.76      5.27084e+6 
        4864.93      5.27175e+6 
        4866.13      5.27263e+6 
        4868.41      5.27429e+6 
        4868.53      5.27439e+6 
        4868.64      5.27445e+6 
        4868.86      5.27464e+6 
        4869.32      5.27495e+6 
        4869.58      5.27514e+6 
        4870.22      5.27561e+6 
        4870.86      5.27605e+6 
        4872.13      5.27696e+6 
        4874.62      5.27872e+6 
        4874.69      5.27876e+6 
        4874.75      5.27882e+6 
        4874.87      5.27891e+6 
        4875.12      5.27907e+6 
        4875.61      5.27942e+6 
        4876.61      5.28011e+6 
        4878.45      5.28143e+6 
        4878.54      5.28149e+6 
        4878.59      5.28152e+6 
        4878.64      5.28155e+6 
        4878.82      5.28168e+6 
        4879.19      5.28193e+6 
        4879.53      5.28215e+6 
        4879.92      5.28243e+6 
        4880.32      5.28271e+6 
        4880.94      5.28315e+6 
        4881.12      5.28328e+6 
        4882.71      5.28438e+6 
        4884.48      5.28557e+6 
         4887.4      5.28755e+6 
        4888.02      5.28799e+6 
        4888.63       5.2884e+6 
        4889.87      5.28922e+6 
        4891.06      5.29003e+6 
        4892.35      5.29088e+6 
        4893.63      5.29173e+6 
        4893.78      5.29182e+6 
         4896.2      5.29343e+6 
        4898.63      5.29503e+6 
        4903.34      5.29804e+6 
        4903.48      5.29814e+6 
        4903.63      5.29823e+6 
        4903.92      5.29842e+6 
         4904.5       5.2988e+6 
        4905.66      5.29955e+6 
        4907.33      5.30059e+6 
        4907.98      5.30103e+6 
        4908.63      5.30144e+6 
        4909.93      5.30225e+6 
        4911.43       5.3032e+6 
        4912.53      5.30386e+6 
        4913.01      5.30417e+6 
        4913.63      5.30455e+6 
        4915.55      5.30574e+6 
        4915.82       5.3059e+6 
        4918.24      5.30741e+6 
        4918.63      5.30763e+6 
         4921.7      5.30948e+6 
        4923.62      5.31064e+6 
        4925.16      5.31155e+6 
        4928.62      5.31363e+6 
        4933.62      5.31652e+6 
        4938.62      5.31941e+6 
        4943.62       5.3222e+6 
        4948.62      5.32497e+6 
        4953.62      5.32767e+6 
        4958.61      5.33031e+6 
        4963.61      5.33292e+6 
        4968.61      5.33549e+6 
        4973.61      5.33801e+6 
        4978.61      5.34046e+6 
        4983.61      5.34288e+6 
        4988.61      5.34511e+6 
        4993.61       5.3473e+6 
         4998.6      5.34947e+6 
         5003.6      5.35158e+6 
         5008.6      5.35365e+6 
         5013.6      5.35569e+6 
         5018.6      5.35767e+6 
         5023.6      5.35962e+6 
         5028.6      5.36154e+6 
         5033.6      5.36342e+6 
        5038.59      5.36527e+6 
        5043.59      5.36707e+6 
        5048.59      5.36882e+6 
        5053.59      5.37055e+6 
        5058.59      5.37225e+6 
        5063.59      5.37388e+6 
        5068.59      5.37552e+6 
        5073.58      5.37709e+6 
        5078.58      5.37863e+6 
        5083.58      5.37995e+6 
        5088.58      5.38114e+6 
        5093.58       5.3823e+6 
        5098.58      5.38346e+6 
        5103.58      5.38456e+6 
        5108.57      5.38563e+6 
        5113.57       5.3867e+6 
        5118.57      5.38771e+6 
        5123.57      5.38871e+6 
        5128.57      5.38968e+6 
        5133.57      5.39063e+6 
        5138.57      5.39151e+6 
        5143.57      5.39242e+6 
        5148.56      5.39327e+6 
        5153.56      5.39408e+6 
        5158.56      5.39487e+6 
        5163.56      5.39565e+6 
        5168.56      5.39641e+6 
        5173.56      5.39713e+6 
        5178.56      5.39776e+6 
        5183.56       5.3982e+6 
        5188.55      5.39861e+6 
        5193.55      5.39898e+6 
        5198.55      5.39936e+6 
        5203.55      5.39971e+6 
        5208.55      5.40005e+6 
        5213.55      5.40033e+6 
        5218.55      5.40062e+6 
        5223.54      5.40087e+6 
        5228.54      5.40109e+6 
        5233.54      5.40131e+6 
        5238.54      5.40147e+6 
        5243.54      5.40165e+6 
        5248.54      5.40178e+6 
        5253.54      5.40187e+6 
        5258.53      5.40197e+6 
        5263.53      5.40203e+6 
        5268.53      5.40209e+6 
        5273.53      5.40213e+6 
        5278.53      5.40291e+6 
        5283.53      5.40382e+6 
        5288.53      5.40467e+6 
        5293.52      5.40546e+6 
        5298.52      5.40624e+6 
        5303.52      5.40696e+6 
        5308.52      5.40765e+6 
        5313.52      5.40828e+6 
        5318.52      5.40888e+6 
        5323.52      5.40945e+6 
        5328.52      5.40998e+6 
        5333.52      5.41045e+6 
        5338.51      5.41089e+6 
        5343.51       5.4113e+6 
        5348.51      5.41168e+6 
        5353.51      5.41202e+6 
        5358.51       5.4123e+6 
        5363.51      5.41281e+6 
        5368.51      5.41303e+6 
         5373.5      5.41284e+6 
         5378.5      5.41212e+6 
         5383.5      5.41139e+6 
         5388.5      5.41064e+6 
         5393.5      5.40989e+6 
         5398.5       5.4091e+6 
         5403.5      5.40828e+6 
        5408.49      5.40747e+6 
        5413.49      5.40662e+6 
        5418.49      5.40574e+6 
        5423.49      5.40486e+6 
        5428.49      5.40395e+6 
        5433.49      5.40304e+6 
        5438.49      5.40209e+6 
        5443.48      5.40115e+6 
        5448.48      5.40015e+6 
        5453.48      5.39917e+6 
        5458.48      5.39814e+6 
        5463.48      5.39713e+6 
        5468.48      5.39606e+6 
        5473.48      5.39556e+6 
        5478.48      5.39506e+6 
        5483.48      5.39449e+6 
        5488.47      5.39393e+6 
        5493.47      5.39333e+6 
        5498.47      5.39273e+6 
        5503.47      5.39207e+6 
        5508.47      5.39141e+6 
        5513.47      5.39072e+6 
        5518.47      5.39003e+6 
        5523.46      5.38931e+6 
        5528.46      5.38855e+6 
        5533.46      5.38777e+6 
        5538.46      5.38698e+6 
        5543.46      5.38617e+6 
        5548.46      5.38532e+6 
        5553.46      5.38444e+6 
        5558.45      5.38356e+6 
        5563.45      5.38268e+6 
        5568.45      5.38174e+6 
        5573.45      5.38076e+6 
        5578.45      5.37979e+6 
        5583.45      5.37878e+6 
        5588.45      5.37775e+6 
        5593.44      5.37668e+6 
        5598.44      5.37564e+6 
        5603.44      5.37454e+6 
        5608.44      5.37344e+6 
        5613.44      5.37231e+6 
        5618.44      5.37115e+6 
        5623.44      5.36999e+6 
        5628.44      5.36879e+6 
        5633.43       5.3676e+6 
        5638.43      5.36637e+6 
        5643.43      5.36512e+6 
        5648.43      5.36386e+6 
        5653.43      5.36257e+6 
        5658.43      5.36128e+6 
        5663.43      5.35997e+6 
        5668.43      5.35871e+6 
        5673.42      5.35733e+6 
        5673.98      5.35717e+6 
        5678.42      5.35594e+6 
        5682.86      5.35469e+6 
         5686.2      5.35375e+6 
        5687.31      5.35343e+6 
        5687.86      5.35327e+6 
        5688.42      5.35312e+6 
        5690.64      5.35249e+6 
        5693.42      5.35167e+6 
        5698.42      5.35023e+6 
        5703.41      5.34875e+6 
        5704.77      5.34834e+6 
        5708.41      5.34724e+6 
        5708.88      5.34712e+6 
        5712.06      5.34614e+6 
        5713.41      5.34573e+6 
        5715.23       5.3452e+6 
        5718.41      5.34423e+6 
        5723.41      5.34266e+6 
        5728.41      5.34112e+6 
        5733.41      5.33951e+6 
        5738.41      5.33794e+6 
         5743.4      5.33631e+6 
         5748.4      5.33468e+6 
         5753.4      5.33304e+6 
         5758.4      5.33138e+6 
         5763.4      5.32802e+6 
         5768.4      5.32629e+6 
         5773.4      5.32456e+6 
         5778.4      5.32283e+6 
        5783.39      5.32107e+6 
        5788.39      5.31928e+6 
        5793.39      5.31749e+6 
        5798.39      5.31567e+6 
        5803.39      5.31385e+6 
        5808.39      5.31199e+6 
        5813.39      5.31014e+6 
        5818.39      5.30829e+6 
        5823.38      5.30637e+6 
        5828.38      5.30448e+6 
        5833.38      5.30257e+6 
        5838.38      5.30062e+6 
        5843.38      5.29867e+6 
        5848.38      5.29669e+6 
        5853.38      5.29471e+6 
        5858.37      5.29274e+6 
        5863.37      5.29072e+6 
        5868.37      5.28871e+6 
        5873.37       5.2867e+6 
        5878.37      5.28466e+6 
        5883.37      5.28259e+6 
        5888.37      5.28051e+6 
        5893.36      5.27844e+6 
        5898.36      5.27634e+6 
        5903.36      5.27423e+6 
        5908.36       5.2721e+6 
        5913.36      5.26996e+6 
        5918.36      5.26779e+6 
        5923.36      5.26562e+6 
        5928.35      5.26342e+6 
        5933.35      5.26123e+6 
        5938.35      5.25899e+6 
        5943.35      5.25676e+6 
        5948.35      5.25453e+6 
        5953.35      5.25227e+6 
        5958.35      5.24998e+6 
        5963.35      5.24768e+6 
        5968.34      5.24536e+6 
        5973.34        5.243e+6 
        5978.34      5.24068e+6 
        5983.34      5.23829e+6 
        5988.34      5.23594e+6 
        5993.34      5.23355e+6 
        5998.34      5.23113e+6 
        6003.34      5.22871e+6 
        6008.33      5.22629e+6 
        6013.33      5.22387e+6 
        6018.33      5.22142e+6 
        6023.33      5.21894e+6 
        6028.33      5.21646e+6 
        6033.33      5.21398e+6 
        6038.32      5.21146e+6 
        6043.32      5.20895e+6 
        6048.32      5.20644e+6 
        6053.32      5.20389e+6 
        6058.32      5.20135e+6 
        6063.32      5.19877e+6 
        6068.32      5.19619e+6 
        6073.32      5.19362e+6 
        6078.31      5.19101e+6 
        6083.31       5.1884e+6 
        6088.31      5.18576e+6 
        6093.31      5.18313e+6 
        6098.31      5.18049e+6 
        6103.31      5.17782e+6 
        6108.31      5.17515e+6 
        6113.31      5.17244e+6 
         6118.3      5.16974e+6 
         6123.3      5.16704e+6 
         6128.3      5.16431e+6 
         6133.3      5.16157e+6 
         6138.3      5.15884e+6 
         6143.3      5.15608e+6 
         6148.3      5.15331e+6 
        6153.29      5.15052e+6 
        6158.29      5.14772e+6 
        6163.29      5.14489e+6 
        6168.29      5.14206e+6 
        6173.29      5.13924e+6 
        6178.29      5.13638e+6 
        6183.29      5.13352e+6 
        6188.28      5.13063e+6 
        6193.28      5.12774e+6 
        6198.28      5.12485e+6 
        6203.28      5.12196e+6 
        6208.28      5.11901e+6 
        6213.28      5.11608e+6 
        6218.28      5.11313e+6 
        6223.28      5.11018e+6 
        6228.27      5.10719e+6 
        6233.27      5.10421e+6 
        6238.27      5.10122e+6 
        6243.27      5.09821e+6 
        6244.38      5.09752e+6 
        6248.27      5.09516e+6 
        6252.16       5.0928e+6 
        6253.82       5.0918e+6 
        6256.04      5.09045e+6 
        6258.27      5.08907e+6 
        6262.16      5.08671e+6 
        6262.71      5.08636e+6 
        6263.27      5.08602e+6 
        6264.37      5.08533e+6 
        6264.91      5.08501e+6 
        6266.59      5.08398e+6 
        6268.26      5.08294e+6 
        6269.97      5.08187e+6 
        6271.61      5.08087e+6 
        6273.26      5.07983e+6 
        6274.85      5.07886e+6 
        6276.56      5.07779e+6 
        6278.26      5.07672e+6 
        6280.08      5.07559e+6 
        6281.67      5.07461e+6 
        6283.26      5.07361e+6 
        6284.63      5.07276e+6 
        6286.44      5.07163e+6 
        6288.26      5.07047e+6 
        6290.52      5.06905e+6 
        6291.89      5.06817e+6 
        6293.26      5.06733e+6 
        6293.73      5.06701e+6 
        6295.99       5.0656e+6 
        6298.26      5.06415e+6 
        6302.31      5.06158e+6 
        6302.78      5.06126e+6 
        6303.25      5.06098e+6 
        6303.92      5.06054e+6 
         6304.2      5.06038e+6 
        6306.09      5.05916e+6 
        6308.25      5.05778e+6 
        6311.92      5.05542e+6 
        6312.59      5.05501e+6 
        6313.25      5.05457e+6 
        6314.58      5.05372e+6 
        6316.22      5.05265e+6 
        6317.23        5.052e+6 
        6317.31      5.05196e+6 
        6318.25      5.05134e+6 
        6320.28      5.05002e+6 
        6323.25       5.0481e+6 
        6328.25      5.04483e+6 
        6333.25      5.04157e+6 
        6338.24      5.03827e+6 
        6343.24      5.03497e+6 
        6348.24      5.03164e+6 
        6353.24      5.02828e+6 
        6358.24      5.02491e+6 
        6363.24      5.02152e+6 
        6368.24      5.01819e+6 
        6373.23      5.01477e+6 
        6378.23      5.01134e+6 
        6383.23      5.00786e+6 
        6388.23      5.00437e+6 
        6393.23      5.00088e+6 
        6398.23      4.99733e+6 
        6403.23      4.99378e+6 
        6408.23       4.9902e+6 
        6413.22      4.98662e+6 
        6418.22      4.98297e+6 
        6423.22      4.97933e+6 
        6428.22      4.97565e+6 
        6433.22      4.97195e+6 
        6438.22      4.96821e+6 
        6443.22      4.96447e+6 
        6448.22      4.96067e+6 
        6453.21      4.95687e+6 
        6458.21      4.95303e+6 
        6463.21      4.94914e+6 
        6468.21      4.94524e+6 
        6473.21      4.94135e+6 
        6478.21      4.93739e+6 
         6483.2       4.9334e+6 
         6488.2      4.92941e+6 
         6493.2      4.92536e+6 
         6498.2      4.92134e+6 
         6503.2      4.91725e+6 
         6508.2      4.91317e+6 
         6513.2      4.90905e+6 
         6518.2      4.90494e+6 
        6523.19      4.90082e+6 
        6523.72      4.90038e+6 
        6528.19      4.89667e+6 
        6532.67      4.89297e+6 
         6536.1      4.89014e+6 
        6537.14      4.88929e+6 
        6537.38      4.88907e+6 
        6538.19      4.88841e+6 
        6540.29      4.88668e+6 
        6543.19       4.8843e+6 
        6546.46      4.88156e+6 
        6546.72      4.88134e+6 
        6548.19      4.88015e+6 
        6549.92       4.8787e+6 
        6553.11        4.876e+6 
        6554.43      4.87487e+6 
        6556.31      4.87321e+6 
        6556.87       4.8727e+6 
         6557.9      4.87173e+6 
        6558.19      4.87148e+6 
         6559.5      4.87013e+6 
         6560.3      4.86922e+6 
         6561.1      4.86815e+6 
         6561.5      4.86746e+6 
         6561.9      4.86658e+6 
        6562.09      4.86601e+6 
        6562.29      4.86526e+6 
        6562.39      4.86476e+6 
        6562.49       4.8641e+6 
        6562.59      4.86331e+6 
        6562.69      4.86265e+6 
        6562.79      4.86227e+6 
        6562.89      4.86253e+6 
        6562.99      4.86306e+6 
        6563.09      4.86372e+6 
        6563.29       4.8646e+6 
        6563.64      4.86535e+6 
        6563.69      4.86542e+6 
        6563.69      4.86542e+6 
        6563.69      4.86542e+6 
        6563.74      4.86548e+6 
        6563.84       4.8656e+6 
        6564.04      4.86576e+6 
        6564.29      4.86589e+6 
        6564.39      4.86592e+6 
        6564.44      4.86592e+6 
        6564.49      4.86595e+6 
        6564.69      4.86598e+6 
        6565.08      4.86598e+6 
        6565.64      4.86595e+6 
        6565.86      4.86592e+6 
        6566.09      4.86586e+6 
        6566.54      4.86576e+6 
        6566.69       4.8657e+6 
        6567.09      4.86557e+6 
        6567.44      4.86548e+6 
        6568.18       4.8652e+6 
        6569.28      4.86479e+6 
        6570.48      4.86428e+6 
        6571.48      4.86385e+6 
        6572.47      4.86341e+6 
        6573.27      4.86306e+6 
        6574.47      4.86249e+6 
        6575.67      4.86196e+6 
        6577.95      4.86089e+6 
        6578.06      4.86083e+6 
        6578.18      4.86077e+6 
        6578.41      4.86067e+6 
        6578.87      4.86045e+6 
        6579.79      4.86001e+6 
        6580.08      4.85989e+6 
        6581.63      4.85913e+6 
        6583.18      4.85841e+6 
        6584.38      4.85784e+6 
        6586.28      4.85693e+6 
        6587.91      4.85615e+6 
        6588.18      4.85602e+6 
        6588.44       4.8559e+6 
        6588.98      4.85565e+6 
        6590.04      4.85514e+6 
        6591.02      4.85467e+6 
        6592.17      4.85411e+6 
        6593.01       4.8537e+6 
        6593.31      4.85357e+6 
        6595.59      4.85247e+6 
        6598.17      4.85125e+6 
        6603.34      4.84877e+6 
        6613.66      4.84377e+6 
         6634.3      4.83356e+6 
        6639.69      4.83083e+6 
        6675.58      4.81169e+6 
        6711.48      4.79109e+6 
        6741.75      4.77283e+6 
        6783.26      4.74663e+6 
        6824.78      4.71936e+6 
        6907.81      4.66303e+6 
        6990.84      4.60473e+6 
         7038.6      4.57055e+6 
        7073.87      4.54507e+6 
        7109.15      4.51943e+6 
        7179.69      4.46816e+6 
        7250.24      4.41639e+6 
        7320.78      4.36427e+6 
        7389.14      4.31432e+6 
        7391.33      4.31268e+6 
        7393.51      4.31105e+6 
        7397.89      4.30781e+6 
        7406.65      4.30134e+6 
        7424.15      4.28837e+6 
        7459.17      4.26242e+6 
         7529.2      4.21039e+6 
        7599.23      4.15834e+6 
        7660.63      4.11269e+6 
        7669.25      4.10628e+6 
        7677.88      4.09987e+6 
        7695.14      4.08715e+6 
        7729.65      4.06177e+6 
        7798.67        4.011e+6 
        7867.69      3.96035e+6 
        7911.17      3.92853e+6 
        7936.71      3.90984e+6 
        7962.25      3.89121e+6 
        8013.32      3.85423e+6 
        8046.24      3.83045e+6 
         8064.4      3.81738e+6 
        8082.55      3.80431e+6 
        8118.86       3.7783e+6 
        8180.09       3.7346e+6 
        8191.47      3.72649e+6 
        8200.85      3.71983e+6 
        8202.85      3.71839e+6 
        8204.85      3.71698e+6 
        8208.85      3.71415e+6 
        8216.85      3.70849e+6 
        8232.84      3.69721e+6 
        8264.83      3.67466e+6 
        8289.72      3.65716e+6 
        8328.82      3.62973e+6 
        8343.44      3.61949e+6 
        8367.92      3.60243e+6 
        8371.47      3.59995e+6 
        8388.68      3.58801e+6 
        8392.39      3.58547e+6 
        8408.65      3.57422e+6 
        8413.32      3.57099e+6 
        8432.02      3.55807e+6 
        8437.95      3.55399e+6 
        8467.25      3.53382e+6 
        8473.98       3.5292e+6 
        8502.48      3.50966e+6 
        8516.58      3.50002e+6 
        8530.98      3.49018e+6 
        8545.38      3.48044e+6 
        8549.97      3.47733e+6 
        8574.18      3.46097e+6 
        8598.39      3.44466e+6 
         8628.6      3.42437e+6 
        8646.81      3.41218e+6 
        8652.39      3.40844e+6 
        8665.01      3.40002e+6 
        8685.59      3.38629e+6 
        8701.43      3.37574e+6 
        8750.47      3.34325e+6 
        8767.92      3.33175e+6 
        8815.35      3.30059e+6 
        8862.78      3.26986e+6 
        8900.38      3.24564e+6 
        8957.65      3.20901e+6 
        9014.91      3.17266e+6 
        9044.62      3.15391e+6 
        9072.17      3.13659e+6 
        9099.72      3.11936e+6 
        9154.81      3.08537e+6 
         9190.8      3.06333e+6 
         9209.9      3.05167e+6 
        9229.01      3.04004e+6 
        9267.22       3.0169e+6 
         9303.2      2.99522e+6 
        9343.64      2.97101e+6 
        9384.08      2.94695e+6 
        9464.96      2.89968e+6 
        9545.72       2.8531e+6 
        9545.84      2.85303e+6 
        9545.97      2.85296e+6 
        9546.21      2.85282e+6 
        9546.69      2.85254e+6 
        9546.87      2.85244e+6 
        9547.66      2.85199e+6 
        9549.59      2.85088e+6 
        9553.47      2.84867e+6 
        9561.21      2.84424e+6 
        9576.69       2.8354e+6 
        9607.66      2.81779e+6 
        9668.45      2.78349e+6 
        9729.24      2.74982e+6 
        9790.04      2.71649e+6 
        9850.83      2.68351e+6 
        9870.42      2.67295e+6 
        9911.62      2.65088e+6 
        9952.82      2.62896e+6 
        10021.1       2.5933e+6 
        10035.2      2.58597e+6 
        10049.4      2.57865e+6 
        10077.7      2.56406e+6 
        10134.2      2.53512e+6 
        10144.5      2.52991e+6 
        10190.8      2.50647e+6 
        10237.2      2.48322e+6 
        10329.9      2.43825e+6 
        10422.6      2.39402e+6 
        10515.3      2.35051e+6 
          10608      2.30774e+6 
        10700.7       2.2657e+6 
        10793.4       2.2244e+6 
        10834.1      2.20648e+6 
        10886.1      2.18381e+6 
        10938.1      2.16136e+6 
        10990.1      2.13915e+6 
          11042      2.11716e+6 
          11094      2.09539e+6 
          11146      2.07385e+6 
          11198      2.05253e+6 
          11239      2.03585e+6 
          11250      2.03142e+6 
        11260.9        2.027e+6 
        11282.8       2.0185e+6 
        11326.6       2.0016e+6 
        11414.2      1.96821e+6 
        11501.8      1.93536e+6 
        11589.4      1.90305e+6 
          11677      1.87128e+6 
        11764.6      1.84005e+6 
        11852.2      1.80934e+6 
        11939.8      1.77915e+6 
        12027.4      1.74947e+6 
          12115      1.72031e+6 
        12120.6      1.71847e+6 
        12202.6      1.69165e+6 
        12284.6      1.66527e+6 
        12366.6      1.64039e+6 
        12448.7      1.61587e+6 
        12530.7      1.59173e+6 
        12612.7      1.56795e+6 
        12694.7      1.54453e+6 
        12735.4      1.53305e+6 
        12776.7      1.52147e+6 
        12818.1      1.50998e+6 
        12900.8      1.48728e+6 
        12983.5      1.46493e+6 
        13066.2      1.44293e+6 
        13148.9      1.42128e+6 
        13154.8      1.41975e+6 
        13231.6      1.39998e+6 
        13308.4      1.38049e+6 
        13385.1      1.36228e+6 
        13461.9      1.34431e+6 
        13538.7      1.32657e+6 
        13615.5      1.30906e+6 
        13692.3       1.2918e+6 
        13769.1      1.27476e+6 
        13845.9      1.25795e+6 
        13922.7      1.24138e+6 
        13999.5      1.22502e+6 
        14076.2      1.20889e+6 
          14153      1.19298e+6 
        14229.8      1.17729e+6 
        14281.2      1.16693e+6 
        14306.6      1.16182e+6 
        14332.1      1.15674e+6 
          14383      1.14697e+6 
        14410.1      1.14179e+6 
        14427.1      1.13857e+6 
        14433.9      1.13728e+6 
        14457.6      1.13279e+6 
        14505.2      1.12393e+6 
        14581.2      1.10988e+6 
        14583.2      1.10952e+6 
        14585.2      1.10915e+6 
        14589.2      1.10844e+6 
        14597.2      1.10702e+6 
        14613.2      1.10418e+6 
        14645.2      1.09852e+6 
        14709.2      1.08729e+6 
        14773.2      1.07616e+6 
        14837.1      1.06514e+6 
        14901.1      1.05423e+6 
        14965.1      1.04343e+6 
        15029.1      1.03274e+6 
        15093.1      1.02215e+6 
        15157.1      1.01166e+6 
          15221      1.00128e+6 
          15285          991009 
          15349          980840 
          15413          970777 
        15471.6          961654 
          15477          960818 
        15482.4          959983 
        15493.1          958283 
        15514.7          954890 
        15557.9          948139 
        15644.2          934787 
        15730.5          921633 
        15816.8          908668 
        15903.1          895891 
        15989.4          883303 
        16075.8          870900 
        16162.1          858682 
        16248.4          846647 
        16289.9          840926 
        16334.7          834793 
        16379.5          828708 
        16469.1          814756 
        16558.8          801087 
        16648.4          787695 
          16738          774572 
        16827.7          761717 
        16917.3          749119 
        17006.9          736769 
        17096.6          724671 
        17186.2          712812 
        17275.8          701188 
        17327.7          694565 
        17365.5          689793 
        17403.2          685059 
        17478.8          675700 
        17554.3          666498 
        17629.9          657447 
        17705.4          648547 
          17781          639792 
        17856.5          631181 
        17932.1          622711 
        18007.6          614232 
        18083.2          606026 
        18158.7          597955 
        18234.3          590013 
        18309.8          582200 
        18343.7          578728 
        18385.3          574509 
          18427          570328 
        18510.2          562081 
        18593.4          553979 
        18602.1          553140 
        18676.6          546021 
        18751.1          539009 
        18825.6          532129 
        18900.2          525356 
        18974.7          518686 
        19049.2          512124 
        19123.7          505661 
        19198.3          499300 
        19272.8          493035 
        19347.3          486865 
          19393          483127 
        19421.9          480789 
        19450.7          478465 
        19508.3          473856 
        19565.9          469395 
        19623.6          464887 
        19681.2          460432 
        19738.8          456030 
        19796.5          451682 
        19854.1          447382 
        19911.7          443134 
        19969.4          438934 
          20027          434781 
        20084.6          430678 
        20142.3          426622 
        20199.9          422613 
        20257.5          418652 
        20315.2          414734 
        20372.8          410861 
        20386.4          409950 
        20430.4          407034 
        20474.4          404141 
        20562.3          398436 
        20650.3          392828 
        20738.2          387318 
        20826.2          381901 
        20914.1          376580 
        21002.1          371346 
          21090          366203 
        21177.9          361148 
        21265.9          356175 
        21353.8          351290 
        21441.8          346483 
        21529.7          341761 
        21604.7          337793 
        21617.7          337115 
        21630.6          336436 
        21656.5          335089 
        21708.4          332406 
        21760.2          329754 
          21812          327125 
        21863.8          324523 
        21915.7          321944 
        21967.5          319393 
        22019.3          316867 
        22071.1          314363 
          22123          311886 
        22174.8          309432 
        22226.6          307002 
        22278.4          304595 
        22330.3          302212 
        22382.1          299851 
        22433.9          297513 
        22485.8          295198 
        22537.6          292904 
        22589.4          290633 
        22641.2          288382 
        22693.1          286154 
        22702.9          285732 
        22744.9          283947 
        22784.8          282260 
        22786.8          282175 
        22788.8          282091 
        22792.8          281923 
        22800.8          281588 
        22816.8          280918 
        22848.8          279584 
        22912.8          276940 
        22976.8          274326 
        23040.8          271743 
        23104.8          269189 
        23168.7          266666 
        23232.7          264171 
        23296.7          261705 
        23360.7          259267 
        23424.7          256858 
        23488.6          254475 
        23552.6          252120 
        23616.6          249792 
        23680.6          247491 
        23744.6          245215 
        23808.6          242965 
        23872.5          240741 
        23936.5          238541 
        24000.5          236367 
        24064.5          234216 
        24128.5          232090 
        24192.5          229988 
        24256.4          227909 
        24320.4          225853 
        24384.4          223820 
        24448.4          221809 
        24512.4          219821 
        24576.3          217855 
        24640.3          215910 
        24704.3          213987 
        24768.3          212085 
        24832.3          210204 
        24896.3          208344 
        24960.2          206503 
        25004.4          205244 
        25024.2          204683 
          25044          204124 
        25083.6          203012 
        25162.8          200811 
        25241.9          198639 
        25321.1          196496 
        25400.2          194381 
        25479.4          192295 
        25558.5          190236 
        25637.7          188204 
        25716.9          186199 
          25796          184221 
        25875.2          182268 
        25954.3          180341 
        26033.5          178439 
        26112.7          176562 
        26191.8          174709 
          26271          172880 
        26350.1          171074 
        26429.3          169293 
        26508.4          167534 
        26587.6          165797 
        26666.8          164083 
        26745.9          162390 
        26825.1          160719 
        26904.2          159069 
        26983.4          157440 
        27062.6          155832 
        27141.7          154244 
        27142.5          154227 
        27220.9          152676 
        27299.2          151144 
        27377.5          149631 
        27455.8          148137 
        27534.2          146662 
        27612.5          145205 
        27690.8          143765 
        27769.1          142344 
        27847.5          140939 
        27925.8          139552 
        28004.1          138181 
        28082.4          136828 
        28160.8          135490 
        28239.1          134169 
        28317.4          132864 
        28395.7          131574 
          28474          130300 
        28552.4          129041 
        28630.7          127797 
          28709          126568 
        28787.3          125354 
        28865.7          124154 
          28944          122968 
        29022.3          121796 
        29100.6          120638 
          29179          119494 
        29257.3          118363 
        29335.6          117245 
        29413.9          116140 
        29492.3          115048 
        29570.6          113969 
        29648.9          112902 
        29727.2          111848 
        29805.5          110806 
        29883.9          109776 
        29932.6          109141 
        29962.2          108758 
        29991.8          108376 
