# Koester WD models
# teff = 5750 K (value for the effective temperature for the model. Temperatures are given in K)
# logg = 9 log(cm/s2) (value for Log(G) for the model.)
#
# column 1: WAVELENGTH (ANGSTROM), Wavelength in Angstrom
# column 2: FLUX (ERG/CM2/S/A), Flux in erg/cm2/s/A
         899.23       0.0138128 
        899.395       0.0138857 
        899.724       0.0140327 
        900.385       0.0143308 
        900.439       0.0143557 
        901.704       0.0149447 
         902.97        0.015556 
        904.235       0.0161903 
        904.291        0.016219 
        905.501       0.0168485 
        905.529       0.0168633 
        906.766       0.0175313 
        908.003       0.0182236 
         908.45       0.0184796 
        909.241       0.0189411 
        910.032       0.0194133 
        911.193       0.0201262 
        911.613       0.0203903 
        912.034       0.0206576 
        912.465       0.0209352 
        912.875       0.0212018 
        913.037       0.0213083 
        913.241       0.0214431 
        913.284       0.0214716 
        913.478       0.0216006 
        913.531        0.021636 
        913.755       0.0217855 
        913.822       0.0218306 
         914.08        0.022005 
        914.165       0.0220627 
        914.499        0.022291 
        914.575       0.0223433 
        915.071       0.0226864 
         915.54       0.0230159 
        915.609        0.023064 
        915.643       0.0230881 
        915.677       0.0231123 
        915.741       0.0231577 
        915.813        0.023209 
        916.085       0.0234036 
        916.429        0.023652 
        916.858       0.0239643 
        917.118       0.0241559 
        917.196       0.0242136 
        917.378       0.0243489 
        917.899       0.0247391 
        917.952       0.0247792 
        918.287       0.0250341 
        918.602       0.0252751 
        919.251       0.0257794 
        920.215       0.0265468 
        921.882       0.0279096 
        921.999       0.0280133 
        922.143       0.0281418 
        922.405       0.0283665 
         922.81       0.0287018 
        923.621       0.0293523 
        924.432       0.0300528 
        925.001       0.0306283 
        925.242       0.0308946 
        925.484       0.0311209 
        925.564       0.0311957 
        925.966       0.0315136 
        926.369       0.0317712 
        926.771       0.0320691 
        926.969       0.0322243 
        927.276       0.0324753 
        927.576       0.0327323 
        927.729       0.0328673 
        928.182       0.0332833 
        928.636        0.033742 
        928.917       0.0340715 
         928.98       0.0341532 
        929.089       0.0343043 
        929.261       0.0345685 
        929.317        0.034659 
        929.543       0.0350451 
        929.655       0.0352201 
        929.769        0.035364 
        929.827       0.0354268 
        929.883       0.0354859 
         929.91       0.0355141 
        929.939       0.0355449 
        929.954       0.0355606 
        929.968       0.0355754 
        929.982       0.0355902 
        929.996       0.0356049 
         930.01         0.03562 
        930.024       0.0356348 
        930.038       0.0356495 
        930.052       0.0356643 
        930.081       0.0356951 
        930.137       0.0357545 
        930.201       0.0358223 
        930.247       0.0358701 
        930.249        0.035872 
        930.251       0.0358738 
        930.301       0.0359207 
        930.326       0.0359398 
        930.329        0.035942 
        930.402       0.0359895 
        930.478       0.0360212 
         930.63       0.0360535 
        930.931       0.0361029 
        931.229       0.0361867 
         931.49       0.0363096 
        931.534       0.0363325 
        931.838       0.0365138 
        931.968       0.0365496 
        932.447       0.0368644 
        932.925        0.037296 
        933.265       0.0376335 
        933.403       0.0377764 
        933.432       0.0378056 
        933.542       0.0379219 
        933.652       0.0380403 
        933.872       0.0382819 
        933.973       0.0383959 
        934.073       0.0385112 
        934.312       0.0387971 
        934.652       0.0392332 
        934.941       0.0396409 
         935.23       0.0400965 
        935.473       0.0405187 
         935.52       0.0406054 
        935.809       0.0411979 
        936.144       0.0420084 
        936.358       0.0425689 
        936.372       0.0426047 
        936.479       0.0428749 
        936.601       0.0431554 
        936.714       0.0433684 
        936.829       0.0435368 
        936.887       0.0436116 
        936.944       0.0436842 
        936.973       0.0437212 
        937.001        0.043757 
        937.015        0.043775 
        937.029       0.0437929 
        937.043       0.0438108 
        937.058       0.0438299 
        937.072       0.0438478 
        937.086       0.0438657 
        937.101       0.0438849 
        937.115       0.0439031 
        937.143       0.0439389 
          937.2       0.0440121 
        937.314       0.0441579 
        937.493       0.0443329 
        937.542        0.044359 
        937.593       0.0443756 
        937.694       0.0443857 
        937.788       0.0443772 
        937.894       0.0443539 
            938       0.0443329 
        938.212       0.0443002 
        938.359       0.0443024 
        938.556       0.0443364 
        938.636       0.0443605 
        938.914       0.0444862 
        939.271       0.0447212 
        939.628       0.0450269 
        939.986       0.0453847 
         940.58       0.0460611 
         940.66       0.0461579 
        940.675       0.0461761 
          940.7       0.0462069 
         940.74       0.0462559 
        940.787       0.0463168 
        940.901       0.0464645 
        941.221       0.0469015 
        941.861       0.0478059 
        943.048       0.0495432 
        943.457       0.0501596 
        944.382       0.0515711 
        945.308       0.0530015 
         945.77       0.0537545 
        946.233       0.0545811 
        946.696       0.0555145 
        947.158       0.0566203 
        947.621       0.0579429 
        948.083       0.0594879 
        948.314        0.060274 
        948.546       0.0609497 
        948.661       0.0612076 
        948.777       0.0614228 
        948.835       0.0615246 
        948.893       0.0616261 
        948.922        0.061677 
        948.951       0.0617279 
        948.966        0.061754 
         948.98       0.0617788 
        948.994       0.0618033 
        949.009       0.0618297 
        949.023       0.0618542 
        949.037       0.0618787 
        949.052       0.0619051 
        949.066       0.0619299 
        949.095       0.0619808 
        949.153       0.0620832 
         949.23       0.0622189 
        949.258       0.0622683 
        949.269       0.0622877 
         949.28       0.0623069 
         949.33       0.0623927 
         949.36       0.0624417 
         949.43       0.0625428 
          949.5       0.0626248 
         949.64       0.0627225 
        949.795       0.0627555 
        949.879       0.0627555 
        949.921       0.0627508 
        949.963       0.0627489 
        950.047       0.0627455 
        950.131       0.0627354 
        950.467       0.0627514 
        950.888       0.0629371 
        951.308       0.0633094 
        951.728       0.0638579 
        952.149       0.0645509 
          952.4        0.065031 
        952.569       0.0653677 
        952.738       0.0657262 
        953.076        0.066477 
        953.753       0.0680485 
        954.198       0.0691446 
         954.43       0.0697342 
        955.106       0.0714807 
         955.56       0.0726785 
        956.014       0.0738975 
        956.468       0.0753385 
        956.922       0.0767749 
        957.376       0.0781917 
         957.83       0.0795816 
        958.186        0.080662 
        958.737       0.0823518 
        959.289       0.0840191 
        960.278       0.0870099 
        960.354       0.0872401 
        960.392       0.0873554 
         960.43       0.0874707 
        960.582       0.0879363 
        960.886       0.0888691 
        961.192       0.0898103 
        961.495       0.0907421 
        962.712       0.0945271 
        964.231       0.0993657 
         965.75        0.104403 
        966.507        0.106952 
        966.767        0.107839 
        967.269        0.109552 
        968.032        0.112138 
        968.668        0.114328 
        969.297        0.116305 
        969.611        0.117226 
        969.927        0.117896 
        970.084        0.118167 
        970.242        0.118244 
        970.399        0.118106 
        970.556        0.117704 
        970.713        0.116916 
        970.824         0.11612 
        970.867        0.115754 
         970.87        0.115722 
        970.874         0.11569 
        970.924        0.115211 
        971.024        0.114112 
        971.101        0.113183 
        971.225        0.111689 
        971.348        0.110542 
        971.357        0.110487 
        971.471        0.110506 
        971.585        0.112229 
        971.653         0.11395 
        971.695        0.115036 
        971.699        0.115134 
        971.703        0.115217 
        971.732        0.115746 
        971.744        0.115894 
        971.753        0.115972 
        971.762        0.116031 
        971.778        0.116097 
        971.792        0.116142 
        971.806        0.116186 
        971.821        0.116233 
        971.827        0.116252 
        971.833         0.11627 
        971.836         0.11628 
        971.839        0.116289 
        971.851        0.116327 
        971.866        0.116374 
         971.88        0.116418 
         971.91        0.116504 
        971.969        0.116153 
        972.037        0.114846 
        972.087        0.113874 
        972.137        0.113161 
         972.15        0.113039 
        972.237        0.112759 
        972.324        0.113431 
        972.499        0.116239 
        972.548        0.117153 
        972.673        0.119485 
        972.798        0.121651 
        972.923        0.123541 
        973.048        0.125223 
        973.173        0.126674 
        973.298        0.127935 
        973.351        0.128435 
        973.548        0.130115 
        973.746        0.131588 
         974.14        0.134138 
        974.217        0.134588 
        974.534        0.136347 
        974.821        0.137824 
        974.928        0.138352 
         975.64        0.141722 
        977.063        0.148182 
        979.305        0.158351 
        981.547         0.16886 
        983.653        0.179141 
        983.788        0.179816 
        983.923        0.180493 
        984.194        0.181892 
        984.734        0.184678 
        985.011        0.186108 
        985.815        0.190266 
        986.618        0.194485 
        987.139        0.197253 
        988.225        0.203137 
        989.092        0.207934 
        989.312        0.209167 
        991.486        0.221647 
         993.88        0.236139 
          994.1         0.23751 
        996.273        0.251396 
        997.574        0.260044 
        997.806        0.261613 
        998.447        0.265983 
        999.319        0.272035 
        999.435        0.272851 
        1001.06        0.284539 
        1002.69        0.296645 
        1004.32        0.309184 
        1005.84        0.321234 
        1005.95        0.322173 
        1007.58        0.335632 
        1009.33        0.350589 
        1011.07        0.366052 
         1011.3        0.368154 
        1012.82        0.382084 
        1014.33        0.396434 
        1015.38        0.406638 
        1017.36        0.426339 
        1017.62        0.429107 
        1019.33         0.44632 
        1020.19          0.4545 
        1021.04         0.46182 
        1021.47        0.464899 
         1021.9        0.467302 
        1022.33        0.468591 
        1022.47         0.46849 
        1022.76        0.467893 
        1023.04        0.465691 
        1023.19        0.464038 
        1023.33        0.462119 
        1023.47         0.45866 
        1023.62        0.455088 
        1023.76        0.451126 
         1023.9          0.4467 
        1024.04        0.441689 
        1024.18        0.436835 
        1024.38        0.430703 
        1024.46        0.428962 
        1024.54        0.427919 
        1024.61        0.428136 
        1024.67        0.429443 
         1024.7        0.430697 
        1024.79        0.436248 
        1024.85        0.441353 
        1024.91        0.446486 
        1024.95        0.448324 
        1024.98         0.44927 
        1024.99        0.449493 
        1025.01        0.449672 
        1025.03        0.449845 
        1025.04        0.450008 
        1025.06        0.450181 
        1025.07        0.450354 
        1025.09        0.450517 
         1025.1         0.45069 
        1025.13        0.451023 
         1025.2        0.450605 
        1025.27        0.446521 
        1025.32        0.443282 
        1025.37        0.440517 
        1025.47        0.437684 
        1025.52        0.437662 
        1025.57        0.438378 
        1025.62        0.439814 
        1025.72        0.443876 
        1025.82        0.448799 
        1025.87        0.451617 
        1025.97        0.457102 
        1026.02        0.459904 
        1026.07        0.462709 
        1026.27        0.474073 
        1026.46        0.484525 
        1026.66        0.494078 
        1026.86        0.503324 
           1027        0.508621 
        1027.03        0.509931 
        1027.05        0.510581 
        1027.07        0.511225 
        1027.14        0.513763 
        1027.29        0.518699 
        1027.57        0.527005 
        1027.86         0.53469 
        1028.15        0.541136 
        1028.44        0.547121 
        1028.96        0.556832 
        1029.01        0.557661 
        1029.01        0.557768 
        1029.07        0.558698 
        1029.17        0.560548 
        1029.34        0.563404 
        1029.67        0.568883 
        1030.11        0.576096 
        1030.33         0.57957 
        1031.65         0.59995 
        1033.19        0.623041 
        1036.21        0.669678 
        1036.26        0.670315 
        1036.26        0.670397 
        1036.27        0.670476 
        1036.29        0.670843 
        1036.32        0.671277 
        1036.41        0.672873 
        1036.62        0.676074 
        1037.02        0.682498 
        1037.82        0.695448 
        1039.34        0.720653 
        1040.45        0.739298 
         1042.4        0.773052 
        1043.24        0.787996 
        1044.35        0.808153 
        1046.29        0.844671 
        1049.35        0.904939 
        1050.46        0.927847 
         1052.4        0.969338 
        1053.24        0.987714 
        1054.35         1.01249 
         1056.3         1.05735 
        1059.36         1.13138 
        1060.46         1.15922 
        1062.41         1.20961 
        1064.36         1.26194 
         1066.3         1.31627 
        1067.14         1.34031 
        1068.25         1.37268 
        1068.79         1.38871 
        1069.36         1.40575 
        1071.58         1.47466 
        1074.36         1.56552 
        1074.93         1.58467 
        1077.15         1.66141 
        1079.36         1.74152 
        1080.72         1.79174 
        1081.58         1.82431 
        1082.42         1.85675 
        1082.44         1.85741 
        1084.16         1.92522 
         1085.9         1.99594 
        1087.64         2.06862 
        1089.37         2.14367 
         1091.1         2.22182 
        1091.29         2.23068 
        1092.83          2.3025 
        1094.37         2.37639 
        1095.52         2.43312 
        1097.45         2.53059 
        1099.37         2.63153 
        1102.07          2.7777 
        1103.22         2.84233 
        1103.98          2.8857 
        1104.37          2.9083 
        1106.68         3.04436 
        1109.38         3.21074 
        1109.77         3.23615 
        1112.07         3.38902 
        1114.38          3.5484 
        1116.68         3.71446 
         1118.6         3.85753 
        1118.68         3.86422 
        1118.99         3.88747 
        1119.38          3.9176 
        1120.08         3.97166 
        1121.47         4.08175 
        1123.78         4.27034 
        1124.25         4.30986 
        1124.73         4.34928 
        1125.68         4.42917 
        1125.79         4.43832 
        1127.08          4.5483 
        1127.59         4.59282 
        1127.85         4.61541 
        1129.38          4.7521 
        1131.69         4.96387 
        1135.54         5.33468 
        1139.39         5.72772 
        1142.08         6.01558 
        1143.23         6.14241 
           1144         6.22805 
        1144.39         6.27109 
         1146.7         6.53304 
        1149.39         6.84569 
        1154.39         7.43323 
        1159.39         8.01502 
        1164.39         8.57479 
        1169.39         9.09237 
         1171.9         9.33999 
        1173.15         9.46854 
         1174.4         9.60834 
        1175.65         9.76344 
         1176.9         9.93582 
        1177.86         10.0811 
        1178.15         10.1274 
         1179.4         10.3361 
        1180.94         10.6107 
        1182.47         10.9011 
        1182.86         10.9756 
        1184.01         11.2045 
        1185.17         11.4381 
        1185.56         11.5175 
        1187.48         11.9179 
         1189.4         12.3292 
        1192.09         12.9258 
        1193.24         13.1929 
        1194.03         13.3781 
         1194.4         13.4652 
        1196.72         14.0251 
         1196.9         14.0702 
         1199.4         14.6961 
         1201.9         15.3548 
         1204.4         16.0693 
         1206.9         16.8513 
        1208.48         17.3809 
         1209.4         17.7053 
        1210.33         18.0411 
        1211.64         18.5373 
        1212.16         18.7352 
        1212.69         18.9266 
        1213.61         19.2347 
        1213.74         19.2765 
        1213.81         19.2966 
        1213.88         19.3183 
        1214.14         19.4018 
        1214.17         19.4127 
        1214.47         19.5076 
        1214.62         19.5552 
        1214.76         19.6029 
        1214.84         19.6268 
        1214.91         19.6507 
        1214.95         19.6626 
        1214.98         19.6746 
           1215         19.6808 
        1215.02         19.6866 
        1215.04         19.6924 
        1215.06         19.6986 
        1215.08         19.7044 
         1215.1         19.7102 
        1215.11         19.7164 
        1215.13         19.7222 
        1215.17         19.7342 
        1215.24         19.7583 
        1215.39         19.8064 
        1215.64         19.8866 
        1215.69          19.903 
        1215.74         19.9193 
         1215.8         19.9383 
        1215.84         19.9521 
        1216.04         20.0177 
        1216.06         20.0266 
        1216.28         20.0974 
        1216.76         20.2571 
        1217.46         20.4802 
        1218.32         20.7181 
        1218.86         20.8511 
        1218.98         20.8799 
        1219.41         20.9736 
        1219.83         21.0672 
         1220.1         21.1261 
        1220.67         21.2509 
        1221.23         21.3782 
        1222.36         21.6556 
        1223.49         21.9611 
        1224.57         22.2788 
        1224.62         22.2942 
        1224.67         22.3095 
        1224.77         22.3403 
        1224.97         22.4029 
        1225.37         22.5298 
        1226.13         22.7789 
        1226.17          22.792 
        1227.77         23.3456 
        1228.64         23.6618 
        1229.41         23.9474 
        1230.18         24.2397 
        1231.72           24.84 
        1234.74         26.0702 
        1234.79         26.0894 
        1234.79         26.0902 
        1234.79          26.091 
        1234.84         26.1119 
        1234.94         26.1537 
        1235.14         26.2374 
        1235.55         26.4057 
        1236.35         26.7445 
        1236.48         26.8022 
        1237.94         27.4366 
        1239.41          28.082 
        1240.27         28.4704 
        1242.34         29.4224 
        1244.41         30.4025 
        1247.69          32.005 
        1247.85         32.0848 
        1248.55         32.4369 
        1249.41         32.8733 
        1251.13         33.7614 
        1251.91         34.1711 
        1254.41         35.5179 
        1256.91           36.92 
        1259.41         38.3896 
        1261.91          39.934 
        1264.41         41.5611 
        1266.91         43.2924 
        1269.41         45.1133 
        1271.91         47.0328 
        1274.41         49.0374 
        1276.91         51.1062 
        1279.42         53.2566 
        1284.42          57.669 
        1289.42         62.3393 
        1294.42         67.1924 
        1296.92         69.7339 
        1299.42         72.3534 
        1301.92           75.09 
        1304.42         77.9228 
        1309.42         83.8029 
        1314.42         89.8957 
        1319.42         96.3966 
        1321.92         99.8141 
        1324.42         103.355 
        1326.92         107.074 
        1329.42         110.906 
        1334.42           118.7 
        1339.42         126.859 
        1341.92          131.08 
        1344.42         135.427 
        1346.92         140.016 
        1349.42         144.758 
        1354.42         154.704 
        1359.42         165.282 
        1364.42         176.114 
        1365.19         177.812 
        1369.42         187.409 
        1373.65         197.481 
        1376.35         204.215 
        1377.88         208.151 
        1379.42          212.18 
        1380.57         215.242 
         1382.5         220.441 
        1384.42         225.785 
        1387.12         233.475 
        1388.27          236.83 
        1389.03         239.066 
        1389.42         240.227 
        1391.73         247.149 
        1394.42         255.404 
        1399.42         271.093 
        1404.42         287.456 
        1409.42         304.699 
        1414.42         323.063 
        1419.42         342.493 
        1424.42         362.838 
        1429.42         384.138 
        1434.42         406.082 
        1439.42         428.953 
        1444.42         452.889 
        1449.42         478.546 
        1454.42         505.831 
        1459.42         534.457 
        1464.42         564.723 
        1465.96         574.399 
        1469.42         596.387 
        1472.88         618.529 
        1473.27         620.936 
        1474.42         628.215 
        1476.35         640.505 
        1479.42         660.466 
        1484.42         694.063 
        1489.42         729.145 
        1494.42         765.151 
        1499.42         803.283 
        1504.42         844.743 
        1509.42           889.2 
        1514.42         936.217 
        1519.42         985.571 
        1524.42         1037.88 
        1529.42         1092.99 
        1534.42         1149.16 
        1539.42         1205.07 
        1544.42         1260.98 
        1549.42         1317.09 
        1554.42         1373.14 
        1559.42         1429.26 
        1564.42         1487.56 
        1566.72         1515.56 
        1569.42         1549.55 
        1570.19         1559.49 
        1572.11         1584.62 
        1574.41         1615.64 
         1574.8         1620.87 
        1579.41          1685.2 
        1584.41         1757.48 
        1589.41         1832.54 
        1594.41         1911.27 
        1599.41          1995.5 
        1604.41         2083.75 
        1609.41         2179.79 
        1614.41         2283.52 
        1619.41         2396.41 
        1624.41          2519.3 
        1629.41         2653.99 
        1634.41         2799.69 
        1639.41          2954.9 
        1644.41         3117.18 
        1649.41         3283.28 
        1654.41         3451.42 
        1659.41         3621.22 
        1664.41         3792.62 
        1665.56         3832.46 
         1669.4         3966.51 
        1670.17         3993.37 
        1673.25         4102.26 
         1674.4         4143.64 
        1676.33          4213.1 
         1679.4         4325.94 
         1684.4         4513.93 
         1689.4         4709.91 
         1694.4         4913.07 
         1699.4         5124.25 
         1704.4         5341.02 
         1709.4         5563.76 
         1714.4         5793.54 
         1719.4         6030.51 
         1724.4         6276.31 
         1729.4         6528.58 
         1734.4         6786.81 
         1739.4          7050.3 
         1744.4         7320.38 
        1749.39         7592.54 
        1754.39         7872.58 
        1759.39         8158.87 
        1764.39         8453.49 
        1767.08         8615.72 
        1767.85         8662.56 
        1769.39         8756.81 
         1771.7         8900.26 
        1774.39         9071.29 
        1775.55         9145.43 
        1779.39         9396.19 
        1784.39         9735.67 
        1789.39         10086.3 
        1794.39         10442.4 
        1799.39         10809.1 
        1809.39         11566.7 
        1819.38         12367.3 
           1824           12750 
        1829.38         13208.5 
        1834.77         13680.5 
        1845.54         14659.4 
         1856.3         15707.6 
           1864         16489.3 
        1867.07         16807.7 
        1870.14           17131 
        1876.29         17803.1 
        1882.44         18496.5 
        1888.59         19212.6 
        1900.88         20712.9 
        1906.98         21492.2 
        1913.17           22308 
        1919.37         23148.7 
        1925.56         23999.8 
        1931.76         24882.8 
        1937.95         25828.2 
        1944.14         26762.2 
        1944.47         26812.3 
        1956.53         28750.6 
        1968.59         30750.1 
        1980.65         32853.2 
        1992.71         35067.7 
        2004.77         37399.4 
        2015.84         39647.2 
        2016.83         39852.7 
        2017.81         40059.1 
        2019.79         40476.9 
        2023.73         41340.2 
         2027.8         42245.3 
        2031.63         43093.2 
        2037.61         44426.2 
        2047.42         46679.7 
        2057.22         49019.8 
        2067.03         51449.9 
        2076.84         53995.5 
        2086.65         56637.6 
        2096.28           59328 
        2096.46         59379.6 
        2106.26           62223 
        2116.25         65228.9 
        2126.24         68359.8 
        2136.23         71660.7 
        2146.22         75045.7 
        2146.94         75293.9 
        2156.21         78526.9 
        2165.47           81868 
        2174.74         85303.4 
           2184         88850.8 
        2190.37         91355.9 
        2193.27         92513.9 
        2202.53         96302.4 
         2214.7          101452 
        2226.86          106659 
        2239.01          112023 
        2251.18          117527 
        2262.76          122936 
        2263.34          123216 
        2263.91          123496 
        2265.07          124095 
        2267.38          125299 
           2272          127681 
        2281.25          132473 
        2286.35          135167 
        2299.74          142413 
        2313.13          150137 
        2326.53          157833 
        2339.92          166142 
        2344.27          168968 
        2353.31          174973 
        2362.35          181207 
         2371.4          187972 
        2380.44          194980 
        2387.79          200898 
        2389.49          202289 
        2398.53          210283 
        2409.27          220425 
        2414.65          225715 
        2420.02          231147 
        2425.39          236924 
        2430.76          243208 
         2441.5          256335 
         2448.3          265007 
        2451.59          269313 
        2452.25          270175 
        2456.19          275452 
        2460.79          282619 
        2465.39          289881 
        2474.59          304991 
        2475.96          307303 
        2483.79          320848 
        2484.47          322054 
        2492.99          337586 
        2494.85          341127 
         2501.5          354064 
        2510.01          371349 
        2510.94          373205 
        2518.99          389184 
        2527.04          405369 
        2535.09          422500 
        2543.14          440037 
        2551.18          458063 
        2555.21          467227 
        2559.23          476470 
        2563.26          486947 
        2567.28          497575 
         2571.3          508360 
        2575.33          519299 
        2579.35          530389 
         2587.4          553046 
         2603.5          600368 
        2619.59          650489 
        2635.69          703192 
         2645.9          737897 
        2651.78          758343 
        2657.67          779128 
        2663.55          796535 
        2669.44          814053 
        2681.21          849411 
        2704.75          921718 
        2728.28          995630 
        2747.54      1.05725e+6 
        2751.82      1.07112e+6 
        2756.11      1.08506e+6 
        2764.68      1.11451e+6 
        2781.82      1.17437e+6 
        2798.96      1.23554e+6 
         2816.1      1.29808e+6 
        2846.21       1.4114e+6 
        2850.38      1.42744e+6 
        2854.55      1.44355e+6 
        2862.88      1.47885e+6 
        2871.22      1.51472e+6 
         2887.9      1.58805e+6 
        2889.52      1.59526e+6 
        2921.25         1.74e+6 
        2952.98      1.89107e+6 
        2984.72      2.03863e+6 
        3016.45      2.19139e+6 
        3044.94      2.33299e+6 
        3048.18      2.34934e+6 
        3051.42      2.36574e+6 
         3057.9      2.40309e+6 
        3070.85      2.47902e+6 
        3096.76      2.63431e+6 
        3122.66      2.79394e+6 
        3147.28      2.94949e+6 
        3148.57      2.95775e+6 
        3149.86      2.96601e+6 
        3152.44      2.98419e+6 
         3157.6      3.02069e+6 
        3167.93       3.0943e+6 
        3188.58      3.24385e+6 
        3211.46      3.41318e+6 
        3229.88      3.55207e+6 
        3239.09      3.62235e+6 
        3243.69      3.65769e+6 
        3248.29      3.69319e+6 
         3252.9      3.71851e+6 
         3257.5      3.74387e+6 
        3262.11      3.76925e+6 
        3266.71      3.79467e+6 
        3271.31      3.82011e+6 
        3275.92      3.84559e+6 
        3278.77      3.86139e+6 
        3280.52       3.8711e+6 
        3285.12      3.89664e+6 
        3294.33      3.94776e+6 
        3312.75      4.05033e+6 
        3346.73      4.24058e+6 
        3384.22       4.4539e+6 
        3414.69      4.62782e+6 
        3445.17      4.80205e+6 
        3468.62      4.93309e+6 
        3495.92      5.08526e+6 
        3506.11      5.14197e+6 
         3543.6       5.3502e+6 
        3591.28      5.60988e+6 
        3635.88      5.84873e+6 
        3638.96      5.86513e+6 
        3642.04      5.88178e+6 
        3643.12       5.8876e+6 
        3645.12      5.89831e+6 
        3645.28      5.89919e+6 
        3647.12      5.90908e+6 
        3648.96      5.91895e+6 
        3651.32      5.93161e+6 
        3652.64      5.93868e+6 
        3653.96      5.94575e+6 
        3654.24      5.94725e+6 
         3656.6      5.95982e+6 
        3658.96      5.97242e+6 
         3663.4      5.99601e+6 
        3663.68      5.99749e+6 
        3663.96        5.999e+6 
        3664.52      6.00195e+6 
        3665.64      6.00789e+6 
         3666.8      6.01401e+6 
        3667.88      6.01973e+6 
        3668.28      6.02184e+6 
        3668.95      6.02545e+6 
        3671.11      6.03682e+6 
        3673.95      6.05178e+6 
         3675.2      6.05834e+6 
        3678.95      6.07801e+6 
        3682.58      6.09695e+6 
         3682.7      6.09758e+6 
        3682.82      6.09821e+6 
        3683.06      6.09946e+6 
        3683.18      6.10006e+6 
        3683.54      6.10198e+6 
         3684.5      6.10697e+6 
        3684.82      6.10861e+6 
        3685.83      6.11385e+6 
        3686.83       6.1191e+6 
        3688.74      6.12906e+6 
        3688.85      6.12959e+6 
        3688.94      6.13006e+6 
        3688.95      6.13013e+6 
        3689.16      6.13123e+6 
        3689.38      6.13236e+6 
        3689.73      6.13421e+6 
        3689.82      6.13465e+6 
         3689.9      6.13509e+6 
        3690.07      6.13597e+6 
        3690.41      6.13773e+6 
        3690.62      6.13886e+6 
        3691.09      6.14128e+6 
        3691.47      6.14323e+6 
        3691.55       6.1437e+6 
         3691.7      6.14445e+6 
        3692.48      6.14851e+6 
         3693.5      6.15378e+6 
         3694.4      6.15846e+6 
         3695.3      6.16311e+6 
        3695.81      6.16575e+6 
         3696.2      6.16776e+6 
        3696.53      6.16946e+6 
        3696.59      6.16981e+6 
        3696.65      6.17012e+6 
        3696.67      6.17021e+6 
        3696.76      6.17068e+6 
        3696.77      6.17075e+6 
        3696.87      6.17128e+6 
        3696.93      6.17156e+6 
        3696.99      6.17185e+6 
        3697.04      6.17213e+6 
         3697.1      6.17241e+6 
        3697.15      6.17273e+6 
        3697.21      6.17301e+6 
        3697.26      6.17329e+6 
        3697.32      6.17361e+6 
        3697.35      6.17373e+6 
        3697.41      6.17401e+6 
        3697.43      6.17417e+6 
        3697.46      6.17433e+6 
         3697.5      6.17452e+6 
        3697.53      6.17467e+6 
        3697.58      6.17493e+6 
        3697.66      6.17533e+6 
        3697.82      6.17615e+6 
        3698.11      6.17766e+6 
        3698.43      6.17932e+6 
        3698.69      6.18064e+6 
        3698.89      6.18168e+6 
        3698.95      6.18199e+6 
        3699.01      6.18231e+6 
        3699.13      6.18294e+6 
        3699.37      6.18419e+6 
        3699.53      6.18501e+6 
        3699.86      6.18671e+6 
        3699.88       6.1868e+6 
        3700.19       6.1884e+6 
         3700.2      6.18843e+6 
         3700.5      6.19001e+6 
        3700.81      6.19158e+6 
        3700.84      6.19176e+6 
        3701.09      6.19305e+6 
        3701.42      6.19472e+6 
        3701.99       6.1977e+6 
        3702.44      6.20003e+6 
        3702.89      6.20232e+6 
        3703.12      6.20348e+6 
        3703.35      6.20465e+6 
        3703.46      6.20524e+6 
        3703.57      6.20581e+6 
        3703.63      6.20609e+6 
        3703.68      6.20637e+6 
        3703.74      6.20666e+6 
         3703.8      6.20697e+6 
        3703.85      6.20725e+6 
        3703.91      6.20754e+6 
        3703.97      6.20782e+6 
        3704.02      6.20813e+6 
        3704.09      6.20845e+6 
        3704.13       6.2087e+6 
        3704.18      6.20895e+6 
        3704.21      6.20908e+6 
        3704.22      6.20914e+6 
        3704.28      6.20948e+6 
        3704.31      6.20961e+6 
        3704.36      6.20986e+6 
        3704.41      6.21011e+6 
        3704.49      6.21052e+6 
        3704.57      6.21093e+6 
        3704.59      6.21105e+6 
        3704.69      6.21156e+6 
        3704.81      6.21219e+6 
        3705.05      6.21344e+6 
        3705.37      6.21504e+6 
        3705.54      6.21592e+6 
        3705.71       6.2168e+6 
        3706.05      6.21853e+6 
        3706.07      6.21866e+6 
        3706.73      6.22202e+6 
        3707.27      6.22478e+6 
        3707.39      6.22541e+6 
        3707.51      6.22604e+6 
        3707.61      6.22654e+6 
        3707.76       6.2273e+6 
        3707.91      6.22808e+6 
        3708.12      6.22912e+6 
        3708.21      6.22959e+6 
         3708.3      6.23006e+6 
        3708.49        6.231e+6 
        3708.76      6.23242e+6 
        3708.85      6.23289e+6 
        3708.87      6.23298e+6 
        3708.95      6.23336e+6 
        3709.13      6.23427e+6 
        3709.21      6.23468e+6 
        3709.49      6.23612e+6 
        3710.11       6.2393e+6 
         3710.9      6.24335e+6 
        3711.01      6.24388e+6 
        3711.12      6.24445e+6 
        3711.21      6.24492e+6 
        3711.32      6.24549e+6 
        3711.34      6.24555e+6 
        3711.46      6.24621e+6 
        3711.52      6.24646e+6 
        3711.58      6.24677e+6 
         3711.6       6.2469e+6 
        3711.69      6.24734e+6 
        3711.75      6.24762e+6 
         3711.8      6.24791e+6 
        3711.86      6.24819e+6 
        3711.91      6.24847e+6 
        3711.97      6.24875e+6 
        3712.03      6.24907e+6 
        3712.08      6.24935e+6 
        3712.14      6.24963e+6 
         3712.2      6.24995e+6 
        3712.25       6.2502e+6 
         3712.3      6.25048e+6 
        3712.33      6.25061e+6 
        3712.33      6.25061e+6 
         3712.4      6.25098e+6 
        3712.48      6.25136e+6 
        3712.63      6.25215e+6 
        3712.93      6.25369e+6 
        3713.23      6.25519e+6 
        3713.53      6.25673e+6 
        3713.83      6.25827e+6 
        3714.24      6.26035e+6 
        3714.42      6.26126e+6 
        3714.44      6.26135e+6 
        3714.64      6.26236e+6 
        3715.03      6.26434e+6 
        3715.64      6.26745e+6 
        3716.76      6.27313e+6 
        3716.79      6.27329e+6 
        3716.86      6.27363e+6 
        3716.95      6.27411e+6 
        3717.14      6.27508e+6 
        3717.52        6.277e+6 
        3718.19      6.28036e+6 
        3718.26       6.2807e+6 
        3718.33      6.28108e+6 
        3718.47      6.28177e+6 
        3718.56      6.28221e+6 
        3718.63      6.28259e+6 
        3718.73      6.28312e+6 
        3718.75      6.28319e+6 
        3718.94      6.28416e+6 
        3719.25      6.28573e+6 
        3719.47      6.28686e+6 
        3719.77      6.28837e+6 
        3720.07      6.28988e+6 
        3720.36      6.29116e+6 
        3720.52      6.29192e+6 
        3720.67      6.29255e+6 
        3720.98      6.29396e+6 
         3721.2       6.2949e+6 
        3721.43      6.29588e+6 
        3721.54      6.29635e+6 
        3721.66      6.29682e+6 
        3721.71      6.29704e+6 
        3721.77      6.29729e+6 
        3721.82      6.29751e+6 
        3721.88      6.29776e+6 
        3721.94      6.29798e+6 
        3721.99      6.29823e+6 
        3722.05      6.29848e+6 
        3722.11      6.29874e+6 
        3722.22      6.29921e+6 
         3722.4      6.29996e+6 
        3722.45      6.30018e+6 
         3722.5       6.3004e+6 
         3722.6      6.30081e+6 
         3722.7      6.30122e+6 
         3722.8      6.30166e+6 
         3722.9       6.3021e+6 
        3723.11      6.30298e+6 
        3723.23      6.30348e+6 
        3723.52      6.30471e+6 
        3723.81      6.30593e+6 
        3724.38      6.30835e+6 
        3725.45      6.31287e+6 
        3725.53      6.31322e+6 
        3725.62      6.31356e+6 
        3725.75      6.31413e+6 
        3725.78      6.31426e+6 
        3725.92      6.31482e+6 
        3725.93      6.31488e+6 
        3726.11      6.31567e+6 
        3726.48      6.31718e+6 
        3727.04      6.31956e+6 
        3727.37      6.32092e+6 
        3728.15      6.32425e+6 
        3728.64      6.32629e+6 
        3728.94      6.32754e+6 
        3729.01      6.32783e+6 
        3729.24       6.3288e+6 
        3729.84      6.33135e+6 
        3730.68      6.33483e+6 
        3732.19      6.34121e+6 
        3732.34      6.34184e+6 
        3732.49      6.34247e+6 
        3732.79      6.34369e+6 
        3733.35      6.34605e+6 
        3733.38      6.34617e+6 
        3733.39      6.34621e+6 
         3733.4      6.34627e+6 
        3733.45      6.34646e+6 
        3733.55      6.34687e+6 
        3733.65      6.34727e+6 
        3733.75      6.34771e+6 
        3733.86      6.34815e+6 
           3734      6.34875e+6 
        3734.04      6.34891e+6 
        3734.06        6.349e+6 
        3734.08       6.3491e+6 
        3734.13      6.34928e+6 
        3734.14      6.34932e+6 
        3734.16      6.34941e+6 
         3734.2      6.34954e+6 
        3734.25      6.34976e+6 
        3734.31      6.34998e+6 
        3734.37      6.35023e+6 
        3734.43      6.35048e+6 
        3734.48      6.35073e+6 
        3734.54      6.35098e+6 
        3734.65      6.35145e+6 
        3734.83      6.35221e+6 
        3734.88      6.35243e+6 
        3734.93      6.35265e+6 
        3735.03      6.35305e+6 
        3735.12      6.35346e+6 
        3735.17      6.35365e+6 
        3735.23       6.3539e+6 
        3735.33      6.35434e+6 
        3735.39      6.35456e+6 
        3735.49        6.355e+6 
        3735.82      6.35635e+6 
           3736      6.35711e+6 
        3736.24      6.35814e+6 
        3736.49      6.35915e+6 
        3736.97      6.36116e+6 
        3737.83      6.36474e+6 
        3737.94      6.36521e+6 
        3738.06      6.36571e+6 
        3738.29      6.36669e+6 
        3738.59      6.36791e+6 
        3738.76      6.36864e+6 
        3738.94      6.36936e+6 
        3739.29      6.37084e+6 
         3739.5      6.37168e+6 
        3739.99      6.37373e+6 
        3740.48      6.37577e+6 
        3741.21      6.37882e+6 
        3741.45      6.37982e+6 
        3741.69      6.38083e+6 
        3742.09      6.38249e+6 
        3742.18      6.38284e+6 
        3742.26      6.38318e+6 
        3742.43      6.38387e+6 
        3742.67      6.38488e+6 
        3742.73      6.38513e+6 
        3742.76      6.38529e+6 
         3742.8      6.38541e+6 
        3742.86       6.3857e+6 
        3742.92      6.38592e+6 
        3743.17      6.38695e+6 
        3743.66      6.38899e+6 
        3744.62      6.39295e+6 
        3744.65      6.39311e+6 
        3746.45      6.40052e+6 
        3747.61       6.4053e+6 
        3748.27      6.40806e+6 
        3748.84      6.41042e+6 
         3748.9      6.41067e+6 
        3748.93       6.4108e+6 
        3748.96      6.41092e+6 
        3748.99      6.41102e+6 
        3749.08      6.41143e+6 
        3749.12      6.41155e+6 
        3749.18       6.4118e+6 
        3749.38      6.41262e+6 
        3749.41      6.41274e+6 
        3749.64      6.41369e+6 
        3749.75      6.41413e+6 
        3749.87       6.4146e+6 
        3749.92      6.41482e+6 
        3749.98      6.41504e+6 
        3750.04      6.41523e+6 
        3750.09      6.41545e+6 
        3750.15      6.41567e+6 
        3750.21      6.41592e+6 
        3750.27      6.41617e+6 
        3750.32      6.41642e+6 
        3750.44      6.41692e+6 
        3750.62      6.41771e+6 
        3750.66       6.4179e+6 
        3750.72      6.41812e+6 
        3750.82      6.41853e+6 
        3750.91      6.41893e+6 
        3751.02      6.41937e+6 
        3751.12      6.41981e+6 
        3751.33      6.42069e+6 
        3751.48      6.42129e+6 
        3751.76      6.42242e+6 
        3752.03      6.42355e+6 
        3752.59      6.42585e+6 
        3753.53      6.42974e+6 
         3753.7       6.4304e+6 
        3753.78      6.43075e+6 
        3753.86      6.43106e+6 
        3754.18      6.43241e+6 
        3754.27      6.43276e+6 
        3754.84      6.43508e+6 
        3755.89      6.43939e+6 
        3756.09       6.4402e+6 
        3757.47      6.44589e+6 
        3757.51      6.44601e+6 
        3757.55      6.44617e+6 
        3758.93      6.45183e+6 
        3760.39       6.4578e+6 
        3761.66      6.46295e+6 
        3762.72      6.46728e+6 
        3763.23      6.46936e+6 
        3764.81      6.47576e+6 
        3765.07      6.47683e+6 
         3766.9      6.48428e+6 
        3768.55      6.49091e+6 
        3768.74      6.49169e+6 
        3768.93      6.49248e+6 
        3768.97      6.49264e+6 
         3769.2      6.49355e+6 
        3769.31      6.49402e+6 
        3769.66      6.49537e+6 
        3769.89      6.49631e+6 
        3770.11      6.49719e+6 
        3770.23      6.49763e+6 
        3770.34      6.49807e+6 
         3770.4      6.49829e+6 
        3770.46      6.49848e+6 
        3770.51      6.49864e+6 
        3770.57      6.49882e+6 
        3770.63      6.49904e+6 
        3770.69       6.4993e+6 
        3770.74      6.49958e+6 
         3770.8      6.49986e+6 
        3770.87      6.50018e+6 
        3770.92       6.5004e+6 
        3770.97      6.50061e+6 
        3770.99      6.50071e+6 
           3771      6.50077e+6 
        3771.07      6.50102e+6 
        3771.15      6.50137e+6 
         3771.3      6.50203e+6 
         3771.6      6.50325e+6 
        3771.89      6.50442e+6 
        3771.95      6.50467e+6 
        3772.21       6.5057e+6 
        3772.52      6.50699e+6 
        3773.15      6.50954e+6 
        3774.36      6.51438e+6 
         3775.5      6.51896e+6 
        3776.76      6.52405e+6 
        3777.13       6.5255e+6 
        3778.03      6.52911e+6 
         3778.4      6.53062e+6 
        3778.93      6.53272e+6 
        3780.73      6.53992e+6 
        3781.84      6.54438e+6 
        3783.05      6.54922e+6 
        3783.16      6.54966e+6 
        3784.26      6.55405e+6 
        3785.37      6.55845e+6 
        3786.22      6.56184e+6 
         3787.4      6.56653e+6 
        3787.57      6.56722e+6 
        3788.92      6.57256e+6 
        3790.45      6.57862e+6 
        3792.84      6.58808e+6 
        3793.49      6.59062e+6 
        3794.14       6.5932e+6 
         3794.9      6.59618e+6 
        3795.07      6.59684e+6 
        3795.44      6.59832e+6 
        3795.99      6.60045e+6 
        3796.45      6.60228e+6 
        3796.92      6.60404e+6 
        3797.15      6.60492e+6 
        3797.38      6.60576e+6 
        3797.49       6.6062e+6 
        3797.61      6.60658e+6 
        3797.67      6.60674e+6 
        3797.72       6.6069e+6 
        3797.78      6.60702e+6 
        3797.84      6.60718e+6 
         3797.9      6.60737e+6 
        3797.96      6.60762e+6 
        3798.01      6.60793e+6 
        3798.07      6.60828e+6 
        3798.19      6.60884e+6 
        3798.37      6.60966e+6 
        3798.42      6.60985e+6 
        3798.47      6.61007e+6 
        3798.57      6.61048e+6 
        3798.66      6.61085e+6 
        3798.75      6.61126e+6 
        3798.77      6.61129e+6 
        3798.84      6.61158e+6 
        3798.88      6.61176e+6 
        3798.92      6.61192e+6 
        3799.05      6.61242e+6 
        3799.09      6.61261e+6 
        3799.43      6.61393e+6 
        3799.47      6.61412e+6 
         3799.8      6.61544e+6 
        3800.56      6.61842e+6 
        3801.65       6.6227e+6 
        3802.32       6.6253e+6 
        3803.83      6.63124e+6 
        3805.35      6.63715e+6 
        3807.84      6.64686e+6 
        3808.38      6.64893e+6 
        3808.92      6.65103e+6 
           3810      6.65524e+6 
        3811.59       6.6614e+6 
        3812.16      6.66363e+6 
        3812.74      6.66586e+6 
         3813.9      6.67032e+6 
        3815.78      6.67758e+6 
        3816.09      6.67881e+6 
        3816.21      6.67925e+6 
        3816.64      6.68091e+6 
        3817.44      6.68408e+6 
         3817.5      6.68434e+6 
        3818.92       6.6899e+6 
        3820.39       6.6958e+6 
        3822.57      6.70447e+6 
        3823.35      6.70758e+6 
        3823.51      6.70824e+6 
        3824.13      6.71069e+6 
        3825.68      6.71688e+6 
         3826.8      6.72134e+6 
        3827.86      6.72552e+6 
        3828.91       6.7297e+6 
        3830.45      6.73576e+6 
        3831.02      6.73799e+6 
        3831.59      6.74026e+6 
           3832      6.74186e+6 
        3832.53       6.7439e+6 
        3832.73      6.74469e+6 
        3833.46      6.74751e+6 
        3833.93       6.7493e+6 
        3834.39      6.75106e+6 
        3834.63      6.75191e+6 
        3834.86       6.7527e+6 
        3834.97      6.75307e+6 
        3835.09      6.75342e+6 
        3835.15      6.75354e+6 
        3835.21      6.75364e+6 
        3835.27       6.7537e+6 
        3835.33      6.75376e+6 
        3835.38      6.75389e+6 
        3835.44       6.7542e+6 
         3835.5      6.75461e+6 
        3835.56      6.75502e+6 
        3835.63      6.75543e+6 
        3835.68      6.75571e+6 
        3835.73      6.75596e+6 
        3835.74      6.75606e+6 
        3835.77      6.75621e+6 
        3835.83      6.75647e+6 
        3835.91      6.75684e+6 
        3836.07      6.75757e+6 
        3836.38      6.75885e+6 
        3836.65      6.75998e+6 
        3836.98      6.76134e+6 
        3837.03      6.76152e+6 
        3837.31      6.76266e+6 
        3837.97      6.76529e+6 
        3838.65      6.76796e+6 
        3838.91        6.769e+6 
        3839.18      6.77007e+6 
         3839.7      6.77214e+6 
        3840.76       6.7762e+6 
        3842.75      6.78399e+6 
        3842.83       6.7843e+6 
        3842.87      6.78446e+6 
        3842.91      6.78461e+6 
        3843.07      6.78521e+6 
        3843.38      6.78644e+6 
           3844      6.78886e+6 
        3844.59      6.79115e+6 
        3845.25      6.79373e+6 
        3845.55      6.79489e+6 
        3845.91      6.79627e+6 
        3847.23      6.80139e+6 
        3847.44      6.80224e+6 
        3848.91      6.80789e+6 
        3850.38      6.81358e+6 
        3851.98      6.81977e+6 
        3853.31      6.82489e+6 
        3854.64      6.83001e+6 
         3855.7      6.83406e+6 
         3857.3      6.84022e+6 
        3858.91      6.84635e+6 
        3862.01      6.85819e+6 
        3862.11      6.85857e+6 
        3862.22      6.85898e+6 
        3862.43      6.85979e+6 
        3862.85      6.86136e+6 
        3863.68      6.86457e+6 
        3865.17      6.87019e+6 
        3865.36      6.87095e+6 
        3865.56      6.87167e+6 
        3865.95      6.87314e+6 
        3866.73       6.8761e+6 
        3867.68      6.87968e+6 
        3868.29        6.882e+6 
         3868.9      6.88433e+6 
        3870.13      6.88895e+6 
        3871.32      6.89344e+6 
        3872.59      6.89818e+6 
        3873.85      6.90293e+6 
        3876.32      6.91216e+6 
        3876.37      6.91235e+6 
        3876.37      6.91235e+6 
        3876.37      6.91235e+6 
        3876.42      6.91254e+6 
        3876.52      6.91292e+6 
        3876.72      6.91367e+6 
        3876.95      6.91449e+6 
        3877.12      6.91515e+6 
        3877.92      6.91813e+6 
         3878.9      6.92178e+6 
        3880.29      6.92693e+6 
        3880.85        6.929e+6 
        3881.42      6.93108e+6 
        3882.55      6.93522e+6 
         3884.4      6.94201e+6 
         3884.8      6.94349e+6 
        3884.92      6.94393e+6 
         3885.2      6.94493e+6 
        3886.01      6.94782e+6 
        3886.15      6.94832e+6 
         3887.1      6.95165e+6 
        3887.57      6.95326e+6 
        3888.04      6.95479e+6 
        3888.28      6.95552e+6 
        3888.52      6.95615e+6 
        3888.63       6.9564e+6 
        3888.75      6.95659e+6 
        3888.84      6.95662e+6 
        3888.87      6.95659e+6 
        3888.87      6.95655e+6 
         3888.9      6.95652e+6 
        3888.93      6.95643e+6 
        3888.99      6.95633e+6 
        3889.05       6.9564e+6 
        3889.11      6.95677e+6 
        3889.17      6.95731e+6 
        3889.22      6.95787e+6 
        3889.29      6.95841e+6 
        3889.34      6.95875e+6 
        3889.39      6.95907e+6 
        3889.41      6.95916e+6 
        3889.45      6.95938e+6 
        3889.49      6.95963e+6 
        3889.58      6.96007e+6 
        3889.75      6.96089e+6 
        3890.05      6.96221e+6 
        3890.32      6.96331e+6 
        3890.47      6.96397e+6 
        3890.66      6.96469e+6 
           3891      6.96604e+6 
        3891.68      6.96868e+6 
        3892.89      6.97327e+6 
        3893.94      6.97719e+6 
        3894.46      6.97911e+6 
        3895.31      6.98228e+6 
        3896.22      6.98565e+6 
        3896.68      6.98731e+6 
        3898.89      6.99548e+6 
         3899.6      6.99805e+6 
        3901.57      7.00525e+6 
        3903.89       7.0137e+6 
        3904.25      7.01499e+6 
        3908.89      7.03176e+6 
        3913.89      7.04967e+6 
        3918.89      7.06902e+6 
        3923.89      7.08844e+6 
        3928.22      7.10512e+6 
        3928.35      7.10565e+6 
        3928.89      7.10773e+6 
        3929.56       7.1103e+6 
         3930.9      7.11542e+6 
        3933.45      7.12519e+6 
        3935.81      7.13415e+6 
        3937.35      7.13996e+6 
        3938.89      7.14577e+6 
        3940.04      7.15011e+6 
        3941.96      7.15733e+6 
        3943.88      7.16453e+6 
        3946.58      7.17455e+6 
        3947.73      7.17882e+6 
        3948.88      7.18306e+6 
        3950.65      7.18957e+6 
        3951.01      7.19089e+6 
        3951.19      7.19151e+6 
        3951.72      7.19346e+6 
        3952.78      7.19736e+6 
        3954.55      7.20377e+6 
        3957.31      7.21366e+6 
        3958.09      7.21646e+6 
        3958.62      7.21834e+6 
        3958.88      7.21925e+6 
        3960.45      7.22478e+6 
        3962.28      7.23113e+6 
        3965.74      7.24282e+6 
        3965.94      7.24351e+6 
        3966.15      7.24417e+6 
        3966.56      7.24549e+6 
        3966.68      7.24586e+6 
        3967.28      7.24781e+6 
        3967.38      7.24809e+6 
        3968.08      7.25023e+6 
        3968.71      7.25202e+6 
        3968.88      7.25246e+6 
        3969.05      7.25284e+6 
        3969.23      7.25325e+6 
        3969.29      7.25334e+6 
        3969.38       7.2535e+6 
        3969.53      7.25369e+6 
        3969.65      7.25375e+6 
        3969.77      7.25362e+6 
        3969.83      7.25347e+6 
        3969.89      7.25312e+6 
        3969.95      7.25265e+6 
        3970.01      7.25218e+6 
        3970.07      7.25202e+6 
        3970.13      7.25262e+6 
        3970.19      7.25353e+6 
        3970.25      7.25444e+6 
        3970.32      7.25532e+6 
        3970.37      7.25579e+6 
        3970.42      7.25626e+6 
        3970.43      7.25633e+6 
        3970.49       7.2568e+6 
        3970.52      7.25702e+6 
        3970.61      7.25761e+6 
         3970.8      7.25871e+6 
         3971.1      7.26028e+6 
        3971.33      7.26141e+6 
        3971.59      7.26261e+6 
         3971.7      7.26308e+6 
        3972.06      7.26468e+6 
        3972.79      7.26773e+6 
        3973.99       7.2726e+6 
        3974.94      7.27631e+6 
         3976.4      7.28196e+6 
        3976.84      7.28369e+6 
        3977.86      7.28755e+6 
        3978.87      7.29139e+6 
        3979.58      7.29402e+6 
         3980.9      7.29899e+6 
        3982.23      7.30389e+6 
        3984.18      7.31105e+6 
        3984.88      7.31363e+6 
        3985.12      7.31448e+6 
        3985.59      7.31617e+6 
        3986.99      7.32129e+6 
        3988.87      7.32805e+6 
        3991.38        7.337e+6 
        3992.62      7.34143e+6 
        3993.85      7.34577e+6 
        3993.87      7.34583e+6 
        3996.36      7.35459e+6 
        3998.87      7.36339e+6 
        4003.87      7.38073e+6 
        4008.87      7.39789e+6 
        4013.86       7.4152e+6 
        4018.86      7.43269e+6 
        4023.86         7.45e+6 
        4025.34      7.45509e+6 
        4028.86      7.46716e+6 
        4032.38      7.47916e+6 
        4032.95      7.48104e+6 
        4033.86      7.48415e+6 
         4035.9      7.49103e+6 
        4038.86      7.50096e+6 
        4043.86      7.51755e+6 
        4048.86      7.53395e+6 
        4053.86      7.55016e+6 
        4058.85      7.56609e+6 
        4063.85      7.58173e+6 
        4068.85      7.59706e+6 
        4073.85      7.61192e+6 
        4075.42      7.61648e+6 
        4078.85      7.62618e+6 
        4082.28      7.63548e+6 
        4082.56      7.63621e+6 
           4084      7.63994e+6 
         4085.7      7.64422e+6 
        4088.84      7.65163e+6 
         4089.7      7.65349e+6 
        4093.69       7.6615e+6 
        4096.52      7.66621e+6 
        4097.68      7.66791e+6 
        4098.01      7.66834e+6 
        4098.68      7.66922e+6 
        4098.84      7.66941e+6 
        4099.68      7.67029e+6 
        4100.17      7.67064e+6 
        4100.67       7.6707e+6 
        4100.92      7.67048e+6 
        4101.17      7.66995e+6 
         4101.3      7.66941e+6 
        4101.42      7.66853e+6 
        4101.48      7.66784e+6 
        4101.55      7.66681e+6 
        4101.61      7.66533e+6 
        4101.67      7.66395e+6 
        4101.73      7.66338e+6 
         4101.8      7.66436e+6 
        4101.86      7.66608e+6 
        4101.92      7.66794e+6 
        4102.05      7.67042e+6 
         4102.3      7.67331e+6 
        4102.74       7.6767e+6 
        4102.79      7.67702e+6 
        4102.85      7.67733e+6 
        4102.94      7.67796e+6 
        4103.15      7.67912e+6 
         4103.3      7.67997e+6 
        4103.55      7.68129e+6 
        4103.79      7.68258e+6 
        4104.29      7.68506e+6 
        4104.78      7.68745e+6 
        4105.29       7.6898e+6 
        4105.79      7.69213e+6 
        4106.79      7.69668e+6 
        4108.68      7.70498e+6 
        4108.76      7.70532e+6 
         4108.8      7.70548e+6 
        4108.84      7.70567e+6 
        4108.86      7.70573e+6 
           4109      7.70639e+6 
        4109.32       7.7078e+6 
        4109.78      7.70985e+6 
         4110.7       7.7139e+6 
        4111.32      7.71654e+6 
        4112.55      7.72172e+6 
        4113.77      7.72675e+6 
        4114.69      7.73045e+6 
        4116.23      7.73649e+6 
        4116.69      7.73828e+6 
        4117.77      7.74236e+6 
        4118.13      7.74371e+6 
        4118.84      7.74638e+6 
        4120.98       7.7542e+6 
        4123.84      7.76432e+6 
        4126.14      7.77227e+6 
        4128.84      7.78132e+6 
         4129.6      7.78389e+6 
        4131.53      7.79021e+6 
        4133.83      7.79765e+6 
        4134.22      7.79891e+6 
        4138.83      7.81352e+6 
        4143.83      7.82897e+6 
        4148.83      7.84412e+6 
        4153.83      7.85901e+6 
        4158.83      7.87365e+6 
        4163.83      7.88807e+6 
        4168.82       7.9023e+6 
        4173.82      7.91634e+6 
        4178.82      7.93017e+6 
        4183.82      7.94383e+6 
        4188.82      7.95728e+6 
        4193.82       7.9706e+6 
        4198.82       7.9837e+6 
        4203.81      7.99664e+6 
        4208.81      8.00965e+6 
        4213.81      8.02265e+6 
        4216.52      8.02963e+6 
        4217.24      8.03145e+6 
        4218.81      8.03547e+6 
         4221.1      8.04128e+6 
        4223.81       8.0481e+6 
        4224.95      8.05099e+6 
        4228.81      8.06057e+6 
        4233.81      8.07282e+6 
        4238.81      8.08489e+6 
        4243.81       8.0968e+6 
         4248.8      8.10845e+6 
         4253.8      8.11995e+6 
         4258.8       8.1312e+6 
         4263.8      8.14222e+6 
         4268.8        8.153e+6 
         4273.8      8.16352e+6 
         4278.8      8.17373e+6 
        4283.79       8.1836e+6 
        4288.79      8.19302e+6 
        4293.79      8.20191e+6 
        4298.79      8.21018e+6 
        4303.79       8.2175e+6 
        4308.79      8.22328e+6 
        4313.79       8.2273e+6 
        4314.07      8.22745e+6 
        4318.78      8.22871e+6 
        4320.85      8.22821e+6 
         4323.5      8.22645e+6 
        4326.14      8.22302e+6 
        4326.48      8.22246e+6 
        4328.78      8.21762e+6 
        4330.23      8.21373e+6 
        4331.09      8.21109e+6 
        4331.15      8.21087e+6 
        4331.95      8.20816e+6 
        4333.66      8.20166e+6 
        4334.06          8.2e+6 
        4336.17      8.19063e+6 
        4337.79      8.18291e+6 
        4338.22      8.18071e+6 
        4338.28      8.18039e+6 
        4338.78      8.17763e+6 
        4338.81      8.17744e+6 
        4339.34      8.17392e+6 
         4339.6      8.17166e+6 
        4339.87      8.16852e+6 
           4340      8.16632e+6 
        4340.13      8.16324e+6 
         4340.2       8.1611e+6 
        4340.26      8.15793e+6 
        4340.33      8.15369e+6 
         4340.4      8.14942e+6 
        4340.46      8.14731e+6 
        4340.53      8.14964e+6 
        4340.59      8.15416e+6 
        4340.66      8.15862e+6 
        4340.79       8.1644e+6 
        4341.01      8.16968e+6 
        4341.06      8.17059e+6 
         4341.1      8.17147e+6 
         4341.2      8.17304e+6 
        4341.23      8.17336e+6 
        4341.24      8.17351e+6 
         4341.4      8.17574e+6 
        4341.58      8.17785e+6 
        4341.94      8.18156e+6 
        4342.64        8.188e+6 
        4343.33      8.19393e+6 
        4343.57      8.19594e+6 
        4344.04      8.19984e+6 
        4344.75      8.20568e+6 
        4346.17      8.21709e+6 
        4348.58      8.23525e+6 
        4348.78      8.23666e+6 
        4348.98      8.23807e+6 
        4349.37      8.24084e+6 
        4350.17      8.24624e+6 
        4350.32      8.24725e+6 
        4351.76      8.25639e+6 
         4353.2      8.26484e+6 
        4354.73      8.27316e+6 
        4356.08      8.27989e+6 
        4356.08      8.27989e+6 
        4357.43      8.28617e+6 
        4358.77      8.29205e+6 
        4359.17      8.29371e+6 
        4361.47      8.30222e+6 
        4363.77      8.31036e+6 
        4367.98      8.32343e+6 
        4368.38      8.32456e+6 
        4368.52      8.32497e+6 
        4368.77      8.32566e+6 
        4369.56      8.32786e+6 
        4371.15       8.3321e+6 
        4373.77      8.33873e+6 
        4378.77      8.35023e+6 
        4383.77      8.36069e+6 
        4388.77      8.37037e+6 
        4393.77      8.37944e+6 
        4398.76      8.38812e+6 
        4403.76      8.39468e+6 
        4408.76      8.40027e+6 
        4413.76      8.40568e+6 
        4418.76      8.41092e+6 
        4423.76      8.41598e+6 
        4428.76      8.42094e+6 
        4433.75      8.42575e+6 
        4438.75      8.43043e+6 
        4443.75      8.43505e+6 
        4448.75      8.43954e+6 
        4453.75      8.44394e+6 
        4458.75      8.44828e+6 
        4463.75      8.45249e+6 
        4468.74      8.45663e+6 
        4473.74      8.46072e+6 
        4478.74      8.46471e+6 
        4483.74      8.46863e+6 
        4488.74      8.47247e+6 
        4493.74      8.47627e+6 
        4498.74      8.48114e+6 
        4503.74      8.48865e+6 
        4508.73        8.496e+6 
        4513.73      8.50316e+6 
        4514.12      8.50369e+6 
        4518.73      8.51013e+6 
        4523.35      8.51645e+6 
        4527.19      8.52157e+6 
        4527.96      8.52261e+6 
        4528.73      8.52361e+6 
        4530.27      8.52562e+6 
        4532.97      8.52914e+6 
        4533.29      8.52955e+6 
        4533.35      8.52964e+6 
        4533.73      8.53012e+6 
        4534.49      8.53109e+6 
        4536.01      8.53301e+6 
        4538.73      8.53646e+6 
        4543.73      8.54265e+6 
        4548.72      8.54865e+6 
        4553.72      8.55453e+6 
        4558.72      8.56024e+6 
        4563.72       8.5658e+6 
        4568.72      8.57124e+6 
        4573.72      8.57652e+6 
        4578.72      8.58164e+6 
        4583.72      8.58663e+6 
        4588.71      8.59147e+6 
        4593.71      8.59618e+6 
        4596.53      8.59829e+6 
        4596.98       8.5986e+6 
        4598.71      8.59989e+6 
        4600.89       8.6014e+6 
        4603.71      8.60338e+6 
         4604.8       8.6041e+6 
        4608.71      8.60674e+6 
        4613.71      8.61001e+6 
         4618.7      8.61318e+6 
         4623.7      8.61626e+6 
         4628.7      8.61924e+6 
         4633.7      8.62213e+6 
         4638.7      8.62493e+6 
         4643.7      8.62763e+6 
         4648.7      8.63024e+6 
         4653.7      8.63275e+6 
        4658.69      8.63517e+6 
        4663.69      8.63749e+6 
        4668.69      8.63973e+6 
        4673.69      8.64186e+6 
        4678.69       8.6439e+6 
        4683.69      8.64585e+6 
        4688.69      8.64771e+6 
        4693.69      8.64931e+6 
        4698.68       8.6506e+6 
        4703.68      8.65179e+6 
        4708.68      8.65289e+6 
        4713.68      8.65389e+6 
         4715.6      8.65427e+6 
        4718.68      8.65481e+6 
        4720.98      8.65521e+6 
        4721.76      8.65534e+6 
        4723.68      8.65562e+6 
        4724.83      8.65581e+6 
        4728.68      8.65631e+6 
        4733.68      8.65691e+6 
        4738.67      8.65738e+6 
        4743.67      8.65773e+6 
        4748.67      8.65792e+6 
        4753.67      8.65798e+6 
        4758.67      8.65782e+6 
        4763.67      8.65751e+6 
        4768.67      8.65697e+6 
        4773.66      8.65619e+6 
        4778.66      8.65509e+6 
        4783.66      8.65367e+6 
        4788.66      8.65182e+6 
        4793.66      8.64934e+6 
        4798.66      8.64623e+6 
        4803.66      8.64227e+6 
        4808.65      8.63724e+6 
        4813.65      8.63077e+6 
        4818.65      8.62238e+6 
        4823.65      8.61129e+6 
        4828.65       8.5964e+6 
        4833.65      8.57595e+6 
        4834.97      8.56932e+6 
        4838.65      8.54739e+6 
        4839.16      8.54384e+6 
        4842.32      8.51899e+6 
        4845.48      8.48767e+6 
         4845.5      8.48745e+6 
        4847.05      8.46923e+6 
        4848.64       8.4484e+6 
        4851.78      8.40021e+6 
        4854.39      8.35309e+6 
        4856.52      8.31099e+6 
         4858.4        8.272e+6 
        4858.64      8.26688e+6 
        4858.66      8.26641e+6 
        4858.88       8.2617e+6 
        4859.36      8.25092e+6 
        4859.47      8.24841e+6 
        4860.06      8.23323e+6 
        4860.36       8.2239e+6 
        4860.66      8.21175e+6 
        4860.81      8.20342e+6 
        4860.95      8.19164e+6 
        4861.03      8.18328e+6 
         4861.1      8.17197e+6 
        4861.18      8.15894e+6 
        4861.25      8.14668e+6 
        4861.32       8.1404e+6 
         4861.4      8.14668e+6 
        4861.47      8.15912e+6 
        4861.54      8.17197e+6 
        4861.64      8.18617e+6 
        4861.69      8.19126e+6 
        4861.69      8.19148e+6 
        4861.69      8.19167e+6 
        4861.69      8.19208e+6 
        4861.74      8.19626e+6 
        4861.84      8.20358e+6 
        4861.98       8.2114e+6 
        4861.99      8.21178e+6 
        4862.28      8.22381e+6 
        4862.58       8.2333e+6 
         4862.6      8.23377e+6 
        4863.18      8.24869e+6 
        4863.73      8.26104e+6 
        4863.76      8.26179e+6 
        4864.93      8.28645e+6 
        4866.13      8.31111e+6 
        4868.41      8.35623e+6 
        4868.53      8.35836e+6 
        4868.64       8.3605e+6 
        4868.86      8.36471e+6 
        4869.32      8.37304e+6 
        4869.58      8.37784e+6 
        4870.22      8.38915e+6 
        4870.86      8.40005e+6 
        4872.13      8.42063e+6 
        4874.62      8.45622e+6 
        4874.69      8.45701e+6 
        4874.75      8.45783e+6 
        4874.87      8.45943e+6 
        4875.12       8.4626e+6 
        4875.61      8.46876e+6 
        4876.61      8.48045e+6 
        4878.45      8.50005e+6 
        4878.54      8.50096e+6 
        4878.59       8.5014e+6 
        4878.64      8.50187e+6 
        4878.82      8.50366e+6 
        4879.19      8.50715e+6 
        4879.53      8.51029e+6 
        4879.92      8.51387e+6 
        4880.32      8.51736e+6 
        4880.94      8.52258e+6 
        4881.12      8.52402e+6 
        4882.71      8.53624e+6 
        4884.48      8.54821e+6 
         4887.4      8.56489e+6 
        4888.02        8.568e+6 
        4888.63      8.57099e+6 
        4889.87      8.57655e+6 
        4891.06      8.58148e+6 
        4892.35      8.58635e+6 
        4893.63      8.59084e+6 
        4893.78      8.59131e+6 
         4896.2       8.5987e+6 
        4898.63      8.60501e+6 
        4903.34      8.61475e+6 
        4903.48        8.615e+6 
        4903.63      8.61525e+6 
        4903.92      8.61576e+6 
         4904.5      8.61673e+6 
        4905.66      8.61858e+6 
        4907.33      8.62103e+6 
        4907.98      8.62191e+6 
        4908.63      8.62276e+6 
        4909.93      8.62436e+6 
        4911.43      8.62606e+6 
        4912.53      8.62722e+6 
        4913.01      8.62769e+6 
        4913.63      8.62829e+6 
        4915.55      8.63002e+6 
        4915.82      8.63024e+6 
        4918.24      8.63212e+6 
        4918.63      8.63241e+6 
         4921.7      8.63435e+6 
        4923.62      8.63539e+6 
        4925.16      8.63614e+6 
        4928.62      8.63759e+6 
        4933.62      8.63913e+6 
        4938.62      8.64017e+6 
        4943.62      8.64076e+6 
        4948.62      8.64104e+6 
        4953.62      8.64104e+6 
        4958.61      8.64082e+6 
        4963.61      8.64039e+6 
        4968.61      8.63979e+6 
        4973.61        8.639e+6 
        4978.61      8.63812e+6 
        4983.61      8.63709e+6 
        4988.61      8.63586e+6 
        4993.61      8.63457e+6 
         4998.6      8.63316e+6 
         5003.6      8.63168e+6 
         5008.6      8.63011e+6 
         5013.6      8.62848e+6 
         5018.6      8.62678e+6 
         5023.6      8.62499e+6 
         5028.6      8.62317e+6 
         5033.6      8.62128e+6 
        5038.59      8.61934e+6 
        5043.59      8.61736e+6 
        5048.59      8.61532e+6 
        5053.59      8.61321e+6 
        5058.59      8.61107e+6 
        5063.59      8.60891e+6 
        5068.59      8.60668e+6 
        5073.58      8.60438e+6 
        5078.58      8.60206e+6 
        5083.58      8.59954e+6 
        5088.58      8.59694e+6 
        5093.58       8.5943e+6 
        5098.58       8.5916e+6 
        5103.58      8.58889e+6 
        5108.57      8.58613e+6 
        5113.57      8.58333e+6 
        5118.57      8.58051e+6 
        5123.57      8.57765e+6 
        5128.57      8.57476e+6 
        5133.57      8.57184e+6 
        5138.57      8.56888e+6 
        5143.57       8.5659e+6 
        5148.56      8.56288e+6 
        5153.56       8.5598e+6 
        5158.56      8.55672e+6 
        5163.56      8.55361e+6 
        5168.56      8.55047e+6 
        5173.56       8.5473e+6 
        5178.56      8.54406e+6 
        5183.56       8.5407e+6 
        5188.55      8.53734e+6 
        5193.55      8.53395e+6 
        5198.55      8.53052e+6 
        5203.55      8.52707e+6 
        5208.55      8.52361e+6 
        5213.55      8.52009e+6 
        5218.55      8.51654e+6 
        5223.54      8.51299e+6 
        5228.54      8.50941e+6 
        5233.54       8.5058e+6 
        5238.54      8.50216e+6 
        5243.54      8.49851e+6 
        5248.54       8.4948e+6 
        5253.54       8.4911e+6 
        5258.53      8.48736e+6 
        5263.53      8.48359e+6 
        5268.53      8.47979e+6 
        5273.53      8.47599e+6 
        5278.53      8.47262e+6 
        5283.53      8.46929e+6 
        5288.53      8.46593e+6 
        5293.52      8.46254e+6 
        5298.52      8.45912e+6 
        5303.52      8.45566e+6 
        5308.52      8.45214e+6 
        5313.52      8.44862e+6 
        5318.52      8.44504e+6 
        5323.52      8.44143e+6 
        5328.52      8.43778e+6 
        5333.52      8.43411e+6 
        5338.51       8.4304e+6 
        5343.51      8.42666e+6 
        5348.51      8.42286e+6 
        5353.51      8.41906e+6 
        5358.51      8.41523e+6 
        5363.51      8.41168e+6 
        5368.51      8.40778e+6 
         5373.5       8.4036e+6 
         5378.5      8.39911e+6 
         5383.5      8.39459e+6 
         5388.5      8.39006e+6 
         5393.5      8.38551e+6 
         5398.5      8.38092e+6 
         5403.5       8.3763e+6 
        5408.49      8.37168e+6 
        5413.49      8.36707e+6 
        5418.49      8.36242e+6 
        5423.49      8.35774e+6 
        5428.49      8.35302e+6 
        5433.49      8.34831e+6 
        5438.49      8.34357e+6 
        5443.48      8.33882e+6 
        5448.48      8.33405e+6 
        5453.48      8.32924e+6 
        5458.48      8.32444e+6 
        5463.48       8.3196e+6 
        5468.48      8.31476e+6 
        5473.48      8.31024e+6 
        5478.48      8.30568e+6 
        5483.48      8.30109e+6 
        5488.47      8.29651e+6 
        5493.47      8.29189e+6 
        5498.47      8.28724e+6 
        5503.47      8.28259e+6 
        5508.47      8.27791e+6 
        5513.47      8.27323e+6 
        5518.47      8.26848e+6 
        5523.46      8.26374e+6 
        5528.46        8.259e+6 
        5533.46      8.25422e+6 
        5538.46      8.24941e+6 
        5543.46      8.24458e+6 
        5548.46      8.23974e+6 
        5553.46      8.23487e+6 
        5558.45         8.23e+6 
        5563.45       8.2251e+6 
        5568.45      8.22017e+6 
        5573.45      8.21523e+6 
        5578.45      8.21027e+6 
        5583.45      8.20527e+6 
        5588.45      8.20025e+6 
        5593.44      8.19525e+6 
        5598.44      8.19019e+6 
        5603.44      8.18514e+6 
        5608.44      8.18008e+6 
        5613.44      8.17496e+6 
        5618.44      8.16987e+6 
        5623.44      8.16472e+6 
        5628.44       8.1596e+6 
        5633.43      8.15441e+6 
        5638.43      8.14923e+6 
        5643.43      8.14404e+6 
        5648.43      8.13883e+6 
        5653.43      8.13361e+6 
        5658.43      8.12837e+6 
        5663.43      8.12309e+6 
        5668.43      8.11828e+6 
        5673.42      8.11301e+6 
        5673.98      8.11241e+6 
        5678.42      8.10776e+6 
        5682.86      8.10302e+6 
         5686.2      8.09947e+6 
        5687.31      8.09827e+6 
        5687.86      8.09767e+6 
        5688.42      8.09708e+6 
        5690.64      8.09469e+6 
        5693.42      8.09171e+6 
        5698.42      8.08633e+6 
        5703.41      8.08093e+6 
        5704.77      8.07945e+6 
        5708.41      8.07553e+6 
        5708.88      8.07502e+6 
        5712.06      8.07157e+6 
        5713.41      8.07009e+6 
        5715.23      8.06811e+6 
        5718.41      8.06466e+6 
        5723.41      8.05919e+6 
        5728.41      8.05372e+6 
        5733.41      8.04826e+6 
        5738.41      8.04276e+6 
         5743.4      8.03723e+6 
         5748.4       8.0317e+6 
         5753.4      8.02617e+6 
         5758.4      8.02061e+6 
         5763.4      8.01329e+6 
         5768.4      8.00767e+6 
         5773.4      8.00208e+6 
         5778.4      7.99645e+6 
        5783.39       7.9908e+6 
        5788.39      7.98514e+6 
        5793.39      7.97949e+6 
        5798.39       7.9738e+6 
        5803.39      7.96812e+6 
        5808.39       7.9624e+6 
        5813.39      7.95668e+6 
        5818.39      7.95096e+6 
        5823.38      7.94521e+6 
        5828.38      7.93943e+6 
        5833.38      7.93368e+6 
        5838.38       7.9279e+6 
        5843.38      7.92209e+6 
        5848.38      7.91628e+6 
        5853.38      7.91047e+6 
        5858.37      7.90466e+6 
        5863.37      7.89881e+6 
        5868.37      7.89297e+6 
        5873.37      7.88713e+6 
        5878.37      7.88125e+6 
        5883.37      7.87538e+6 
        5888.37      7.86947e+6 
        5893.36      7.86356e+6 
        5898.36      7.85766e+6 
        5903.36      7.85175e+6 
        5908.36      7.84581e+6 
        5913.36      7.83984e+6 
        5918.36      7.83391e+6 
        5923.36      7.82794e+6 
        5928.35      7.82194e+6 
        5933.35      7.81597e+6 
        5938.35      7.80994e+6 
        5943.35      7.80394e+6 
        5948.35       7.7979e+6 
        5953.35      7.79187e+6 
        5958.35      7.78581e+6 
        5963.35      7.77975e+6 
        5968.34      7.77365e+6 
        5973.34      7.76756e+6 
        5978.34      7.76146e+6 
        5983.34      7.75534e+6 
        5988.34      7.74921e+6 
        5993.34      7.74308e+6 
        5998.34      7.73693e+6 
        6003.34      7.73077e+6 
        6008.33      7.72461e+6 
        6013.33      7.71842e+6 
        6018.33      7.71223e+6 
        6023.33      7.70604e+6 
        6028.33      7.69986e+6 
        6033.33      7.69363e+6 
        6038.32      7.68741e+6 
        6043.32      7.68116e+6 
        6048.32      7.67494e+6 
        6053.32      7.66869e+6 
        6058.32      7.66241e+6 
        6063.32      7.65616e+6 
        6068.32      7.64987e+6 
        6073.32      7.64356e+6 
        6078.31      7.63727e+6 
        6083.31      7.63096e+6 
        6088.31      7.62465e+6 
        6093.31       7.6183e+6 
        6098.31      7.61198e+6 
        6103.31      7.60564e+6 
        6108.31      7.59926e+6 
        6113.31      7.59292e+6 
         6118.3      7.58654e+6 
         6123.3      7.58013e+6 
         6128.3      7.57375e+6 
         6133.3      7.56734e+6 
         6138.3      7.56093e+6 
         6143.3      7.55449e+6 
         6148.3      7.54808e+6 
        6153.29      7.54161e+6 
        6158.29      7.53517e+6 
        6163.29       7.5287e+6 
        6168.29      7.52223e+6 
        6173.29      7.51573e+6 
        6178.29      7.50922e+6 
        6183.29      7.50272e+6 
        6188.28      7.49619e+6 
        6193.28      7.48965e+6 
        6198.28      7.48312e+6 
        6203.28      7.47655e+6 
        6208.28      7.46998e+6 
        6213.28      7.46342e+6 
        6218.28      7.45682e+6 
        6223.28      7.45019e+6 
        6228.27       7.4436e+6 
        6233.27      7.43697e+6 
        6238.27      7.43031e+6 
        6243.27      7.42365e+6 
        6244.38      7.42217e+6 
        6248.27      7.41695e+6 
        6252.16      7.41174e+6 
        6253.82      7.40951e+6 
        6256.04      7.40652e+6 
        6258.27      7.40354e+6 
        6262.16      7.39833e+6 
        6262.71      7.39757e+6 
        6263.27      7.39682e+6 
        6264.37      7.39534e+6 
        6264.91      7.39459e+6 
        6266.59      7.39232e+6 
        6268.26      7.39006e+6 
        6269.97      7.38777e+6 
        6271.61      7.38554e+6 
        6273.26      7.38331e+6 
        6274.85      7.38114e+6 
        6276.56      7.37885e+6 
        6278.26      7.37652e+6 
        6280.08      7.37404e+6 
        6281.67      7.37187e+6 
        6283.26      7.36971e+6 
        6284.63      7.36785e+6 
        6286.44      7.36537e+6 
        6288.26      7.36289e+6 
        6290.52      7.35978e+6 
        6291.89      7.35789e+6 
        6293.26      7.35604e+6 
        6293.73      7.35538e+6 
        6295.99      7.35227e+6 
        6298.26      7.34916e+6 
        6302.31      7.34354e+6 
        6302.78      7.34291e+6 
        6303.25      7.34225e+6 
        6303.92      7.34134e+6 
         6304.2      7.34093e+6 
        6306.09      7.33832e+6 
        6308.25       7.3353e+6 
        6311.92      7.33018e+6 
        6312.59      7.32927e+6 
        6313.25      7.32833e+6 
        6314.58      7.32648e+6 
        6316.22      7.32418e+6 
        6317.23      7.32277e+6 
        6317.31      7.32268e+6 
        6318.25      7.32136e+6 
        6320.28       7.3185e+6 
        6323.25      7.31432e+6 
        6328.25      7.30725e+6 
        6333.25      7.30015e+6 
        6338.24      7.29302e+6 
        6343.24      7.28582e+6 
        6348.24      7.27857e+6 
        6353.24      7.27128e+6 
        6358.24      7.26393e+6 
        6363.24      7.25651e+6 
        6368.24      7.24904e+6 
        6373.23      7.24147e+6 
        6378.23      7.23383e+6 
        6383.23       7.2261e+6 
        6388.23      7.21828e+6 
        6393.23      7.21036e+6 
        6398.23      7.20229e+6 
        6403.23      7.19409e+6 
        6408.23      7.18576e+6 
        6413.22      7.17725e+6 
        6418.22      7.16855e+6 
        6423.22      7.15963e+6 
        6428.22      7.15048e+6 
        6433.22      7.14106e+6 
        6438.22      7.13132e+6 
        6443.22      7.12124e+6 
        6448.22      7.11071e+6 
        6453.21      7.09975e+6 
        6458.21      7.08822e+6 
        6463.21      7.07603e+6 
        6468.21      7.06312e+6 
        6473.21      7.04929e+6 
        6478.21      7.03443e+6 
         6483.2      7.01832e+6 
         6488.2      7.00069e+6 
         6493.2      6.98125e+6 
         6498.2      6.95957e+6 
         6503.2      6.93519e+6 
         6508.2      6.90748e+6 
         6513.2       6.8756e+6 
         6518.2      6.83846e+6 
        6523.19      6.79461e+6 
        6523.72      6.78958e+6 
        6528.19      6.74233e+6 
        6532.67      6.68653e+6 
         6536.1      6.63671e+6 
        6537.14      6.62006e+6 
        6537.38      6.61613e+6 
        6538.19      6.60265e+6 
        6540.29      6.56549e+6 
        6543.19      6.50844e+6 
        6546.46      6.43555e+6 
        6546.72      6.42914e+6 
        6548.19      6.39283e+6 
        6549.92      6.34696e+6 
        6553.11      6.25391e+6 
        6554.43      6.21382e+6 
        6556.31      6.15517e+6 
        6556.87      6.13735e+6 
         6557.9      6.10443e+6 
        6558.19      6.09519e+6 
         6559.5      6.05036e+6 
         6560.3       6.0202e+6 
         6561.1      5.98439e+6 
         6561.5      5.96193e+6 
         6561.9      5.93271e+6 
        6562.09      5.91314e+6 
        6562.29      5.88609e+6 
        6562.39      5.86746e+6 
        6562.49      5.83843e+6 
        6562.59      5.80029e+6 
        6562.69      5.76438e+6 
        6562.79      5.74575e+6 
        6562.89      5.76388e+6 
        6562.99      5.79995e+6 
        6563.09       5.8379e+6 
        6563.29      5.88502e+6 
        6563.49       5.9116e+6 
        6563.64      5.92665e+6 
        6563.69       5.9307e+6 
        6563.69      5.93086e+6 
        6563.69      5.93101e+6 
        6563.74      5.93519e+6 
        6563.84      5.94289e+6 
        6564.04      5.95646e+6 
        6564.29      5.97113e+6 
        6564.39      5.97628e+6 
        6564.44      5.97876e+6 
        6564.49      5.98118e+6 
        6564.69      5.99042e+6 
        6565.08      6.00716e+6 
        6565.64      6.02834e+6 
        6565.86      6.03632e+6 
        6566.09      6.04402e+6 
        6566.54      6.05894e+6 
        6566.69      6.06387e+6 
        6567.09      6.07641e+6 
        6567.44      6.08728e+6 
        6568.18       6.1099e+6 
        6569.28      6.14228e+6 
        6570.48      6.17722e+6 
        6571.48       6.2059e+6 
        6572.47      6.23405e+6 
        6573.27      6.25654e+6 
        6574.47      6.28897e+6 
        6575.67      6.31978e+6 
        6577.95       6.3742e+6 
        6578.06       6.3768e+6 
        6578.18      6.37938e+6 
        6578.41       6.3845e+6 
        6578.87      6.39459e+6 
        6579.79      6.41406e+6 
        6580.08      6.42006e+6 
        6581.63      6.45063e+6 
        6583.18      6.47906e+6 
        6584.38       6.4997e+6 
        6586.28      6.52999e+6 
        6587.91       6.5539e+6 
        6588.18       6.5576e+6 
        6588.44      6.56125e+6 
        6588.98      6.56844e+6 
        6590.04      6.58223e+6 
        6591.02      6.59439e+6 
        6592.17      6.60774e+6 
        6593.01      6.61717e+6 
        6593.31      6.62037e+6 
        6595.59      6.64359e+6 
        6598.17      6.66687e+6 
        6603.34      6.70545e+6 
         6608.5      6.73535e+6 
        6613.66      6.75841e+6 
        6623.98      6.78977e+6 
         6634.3      6.80758e+6 
        6639.69      6.81314e+6 
        6644.62      6.81656e+6 
        6654.94      6.81961e+6 
        6675.58      6.81462e+6 
        6711.48      6.78773e+6 
        6747.37      6.75072e+6 
        6813.53      6.67233e+6 
        6819.16      6.66539e+6 
        6824.78      6.65839e+6 
        6836.02      6.64441e+6 
        6858.51      6.61623e+6 
        6903.49      6.55905e+6 
        6993.45      6.44325e+6 
        7057.68      6.36009e+6 
        7083.41      6.32673e+6 
        7109.15       6.2934e+6 
        7160.61      6.22736e+6 
        7212.08      6.16145e+6 
        7263.54       6.0957e+6 
        7315.01      6.03016e+6 
        7339.44      5.99915e+6 
        7366.48      5.96573e+6 
        7393.51      5.93148e+6 
        7447.59      5.86385e+6 
        7501.66      5.79658e+6 
        7555.74       5.7297e+6 
        7609.82      5.66322e+6 
         7649.9      5.61421e+6 
        7663.89      5.59719e+6 
        7677.88      5.58016e+6 
        7705.86      5.54651e+6 
        7761.82      5.47957e+6 
        7817.78      5.41312e+6 
        7873.74      5.34718e+6 
        7897.16      5.31975e+6 
         7929.7      5.28177e+6 
        7962.25      5.24398e+6 
        7972.12      5.23264e+6 
        8027.33       5.1694e+6 
        8082.55      5.10672e+6 
        8137.77       5.0448e+6 
        8183.11      4.99435e+6 
        8192.98      4.98341e+6 
        8200.85      4.97471e+6 
        8202.85      4.97248e+6 
        8204.85      4.97028e+6 
        8208.85      4.96588e+6 
        8216.85      4.95712e+6 
        8232.84      4.93956e+6 
        8264.83      4.90465e+6 
        8289.72      4.87761e+6 
        8328.82      4.83535e+6 
        8343.44      4.81961e+6 
        8367.92      4.79338e+6 
        8371.47      4.78961e+6 
        8388.68      4.77133e+6 
        8392.39      4.76737e+6 
        8408.65      4.75018e+6 
        8413.32      4.74525e+6 
        8432.02      4.72552e+6 
        8437.95      4.71927e+6 
        8467.25      4.68854e+6 
        8473.98      4.68151e+6 
        8502.48      4.65179e+6 
        8516.58      4.63715e+6 
        8530.98      4.62226e+6 
        8545.38      4.60746e+6 
        8549.97      4.60278e+6 
        8574.18      4.57802e+6 
        8598.39      4.55342e+6 
         8628.6      4.52283e+6 
        8646.81      4.50448e+6 
        8652.39      4.49889e+6 
        8665.01      4.48619e+6 
        8685.59      4.46562e+6 
        8701.43      4.44981e+6 
        8750.47      4.40125e+6 
        8767.92      4.38406e+6 
        8815.35      4.33766e+6 
        8862.78      4.29204e+6 
        8900.38      4.25617e+6 
        8957.65      4.20207e+6 
        9014.91      4.14857e+6 
        9044.62      4.12108e+6 
        9072.17      4.09569e+6 
        9099.72      4.07047e+6 
        9154.81      4.02086e+6 
         9190.8      3.98875e+6 
         9209.9      3.97182e+6 
        9229.01      3.95489e+6 
        9267.22      3.92134e+6 
         9303.2      3.88998e+6 
        9343.64      3.85499e+6 
        9384.08       3.8203e+6 
        9464.96      3.75238e+6 
        9545.72      3.68565e+6 
        9545.84      3.68553e+6 
        9545.97      3.68543e+6 
        9546.21      3.68525e+6 
        9546.69      3.68487e+6 
        9546.87      3.68471e+6 
        9547.66      3.68408e+6 
        9549.59      3.68251e+6 
        9553.47      3.67934e+6 
        9561.21      3.67302e+6 
        9576.69      3.66043e+6 
        9607.66      3.63533e+6 
        9668.45      3.58651e+6 
        9729.24      3.53875e+6 
        9790.04       3.4916e+6 
        9850.83      3.44507e+6 
        9870.42      3.43018e+6 
        9911.62      3.39914e+6 
        9952.82      3.36835e+6 
        10021.1      3.31834e+6 
        10035.2      3.30803e+6 
        10049.4       3.2977e+6 
        10077.7      3.27747e+6 
        10134.2      3.23713e+6 
        10144.5       3.2299e+6 
        10190.8      3.19729e+6 
        10237.2        3.165e+6 
        10329.9      3.10272e+6 
        10422.6      3.04166e+6 
        10515.3      2.98179e+6 
          10608      2.92313e+6 
        10700.7      2.86564e+6 
        10793.4      2.80928e+6 
        10834.1      2.78486e+6 
        10886.1      2.75392e+6 
        10938.1      2.72302e+6 
        10990.1      2.69342e+6 
          11042      2.66384e+6 
          11094      2.63452e+6 
          11146      2.60551e+6 
          11198      2.57683e+6 
          11239      2.55443e+6 
          11250      2.54848e+6 
        11260.9      2.54255e+6 
        11282.8      2.53114e+6 
        11326.6      2.50849e+6 
        11414.2      2.46381e+6 
        11501.8      2.41998e+6 
        11589.4      2.37695e+6 
          11677      2.33473e+6 
        11764.6      2.29331e+6 
        11852.2      2.25267e+6 
        11939.8      2.21281e+6 
        12027.4      2.17368e+6 
          12115      2.13532e+6 
        12120.6       2.1329e+6 
        12202.6      2.09769e+6 
        12284.6      2.06311e+6 
        12366.6      2.03052e+6 
        12448.7      1.99847e+6 
        12530.7      1.96691e+6 
        12612.7      1.93581e+6 
        12694.7      1.90498e+6 
        12735.4      1.88965e+6 
        12776.7      1.87387e+6 
        12818.1       1.8577e+6 
        12900.8      1.83034e+6 
        12983.5      1.80213e+6 
        13066.2      1.77397e+6 
        13148.9      1.74617e+6 
        13154.8       1.7442e+6 
        13231.6       1.7188e+6 
        13308.4      1.69379e+6 
        13385.1      1.67037e+6 
        13461.9      1.64728e+6 
        13538.7      1.62453e+6 
        13615.5      1.60211e+6 
        13692.3      1.58005e+6 
        13769.1      1.55827e+6 
        13845.9      1.53682e+6 
        13922.7      1.51568e+6 
        13999.5      1.49486e+6 
        14076.2      1.47435e+6 
          14153      1.45415e+6 
        14229.8      1.43425e+6 
        14281.2      1.42111e+6 
        14306.6      1.41465e+6 
        14332.1      1.40821e+6 
          14383      1.39581e+6 
        14410.1      1.38924e+6 
        14427.1      1.38515e+6 
        14433.9      1.38352e+6 
        14457.6      1.37782e+6 
        14505.2      1.36657e+6 
        14581.2      1.34877e+6 
        14583.2       1.3483e+6 
        14585.2      1.34784e+6 
        14589.2      1.34693e+6 
        14597.2      1.34511e+6 
        14613.2      1.34149e+6 
        14645.2      1.33427e+6 
        14709.2      1.31996e+6 
        14773.2      1.30579e+6 
        14837.1      1.29179e+6 
        14901.1      1.27793e+6 
        14965.1      1.26423e+6 
        15029.1      1.25068e+6 
        15093.1      1.23728e+6 
        15157.1      1.22404e+6 
          15221      1.21094e+6 
          15285        1.198e+6 
          15349      1.18519e+6 
          15413      1.17253e+6 
        15471.6      1.16106e+6 
          15477      1.16001e+6 
        15482.4      1.15896e+6 
        15493.1       1.1568e+6 
        15514.7      1.15248e+6 
        15557.9      1.14389e+6 
        15644.2      1.12693e+6 
        15730.5      1.11025e+6 
        15816.8      1.09383e+6 
        15903.1      1.07768e+6 
        15989.4       1.0618e+6 
        16075.8      1.04617e+6 
        16162.1      1.03081e+6 
        16248.4      1.01569e+6 
        16289.9      1.00851e+6 
        16334.7      1.00082e+6 
        16379.5          993199 
        16469.1          975820 
        16558.8          958811 
        16648.4          942167 
          16738          925871 
        16827.7          909921 
        16917.3          894305 
        17006.9          879018 
        17096.6          864048 
        17186.2          849389 
        17275.8          835032 
        17327.7          826864 
        17365.5          820974 
        17403.2          815136 
        17478.8          803604 
        17554.3          792272 
        17629.9          781132 
        17705.4          770187 
          17781          759430 
        17856.5          748855 
        17932.1          738460 
        18007.6          727568 
        18083.2          717395 
        18158.7          707348 
        18234.3          697399 
        18309.8          687509 
        18343.7          683070 
        18385.3          677610 
          18427          672112 
        18510.2          660843 
        18593.4          648773 
        18602.1          647438 
        18676.6          635117 
        18713.8          628557 
        18732.5          625453 
        18751.1          622064 
        18769.7          621350 
        18788.4          620336 
          18807          619462 
        18825.6          618583 
        18862.9          616553 
        18937.4          611228 
          19012          604769 
        19086.5          597760 
          19161          590516 
        19235.5          583193 
        19310.1          575876 
        19318.5          575050 
        19384.6          568603 
        19450.7          562216 
        19516.8          555895 
        19582.8          549977 
        19648.9          543750 
          19715          537608 
        19781.1          531554 
        19847.2          525582 
        19913.2          519695 
        19979.3          513886 
        20045.4          508159 
        20111.5          502507 
        20177.6          496937 
        20243.6          491439 
        20309.7          486017 
        20375.8          480670 
        20409.4          477981 
        20441.9          475395 
        20474.4          472825 
        20539.4          467736 
        20604.5          462716 
        20669.5          457761 
        20734.6          452873 
        20799.6          448048 
        20864.6          443285 
        20929.7          438588 
        20994.7          433948 
        21059.8          429371 
        21124.8          424853 
        21189.9          420392 
        21254.9          415991 
        21319.9          411646 
          21385          407358 
          21450          403123 
        21515.1          398941 
        21529.6          398015 
        21580.1          394817 
        21630.6          391647 
        21681.1          388511 
        21731.6          385407 
        21782.1          382332 
        21832.6          379288 
        21883.2          376275 
        21933.7          373287 
        21984.2          370334 
        22034.7          367406 
        22085.2          364506 
        22135.7          361638 
        22186.2          358795 
        22236.7          355980 
        22287.2          353194 
        22337.7          350432 
        22388.2          347699 
        22438.7          344991 
        22489.3          342308 
        22539.8          339653 
        22590.3          337024 
        22640.8          334416 
        22691.3          331837 
        22696.7          331557 
        22741.8          329280 
        22784.8          327121 
        22786.8          327021 
        22788.8          326920 
        22792.8          326722 
        22800.8          326324 
        22816.8          325529 
        22848.8          323945 
        22912.8          320807 
        22976.8          317706 
        23040.8          314643 
        23104.8          311616 
        23168.7          308625 
        23232.7          305669 
        23296.7          302749 
        23360.7          299863 
        23424.7          297010 
        23488.6          294191 
        23552.6          291406 
        23616.6          288652 
        23680.6          285931 
        23744.6          283242 
        23808.6          280583 
        23872.5          277956 
        23936.5          275359 
        24000.5          272791 
        24064.5          270254 
        24128.5          267745 
        24192.5          265266 
        24256.4          262814 
        24320.4          260391 
        24384.4          257995 
        24448.4          255626 
        24512.4          253285 
        24576.3          250970 
        24640.3          248681 
        24704.3          246417 
        24768.3          244180 
        24832.3          241967 
        24896.3          239779 
        24960.2          237615 
        25004.4          236135 
        25024.2          235476 
          25044          234819 
        25083.6          233513 
        25162.8          230927 
        25241.9          228377 
        25321.1          225862 
        25400.2          223380 
        25479.4          220933 
        25558.5          218519 
        25637.7          216137 
        25716.9          213787 
          25796          211469 
        25875.2          209182 
        25954.3          206925 
        26033.5          204699 
        26112.7          202502 
        26191.8          200334 
          26271          198195 
        26350.1          196084 
        26429.3          194001 
        26508.4          191946 
        26587.6          189917 
        26666.8          187915 
        26745.9          185939 
        26825.1          183988 
        26904.2          182063 
        26983.4          180163 
        27062.6          178288 
        27141.7          176436 
        27142.5          176416 
        27220.9          174608 
        27299.2          172823 
        27377.5          171060 
        27455.8          169320 
        27534.2          167602 
        27612.5          165905 
        27690.8          164230 
        27769.1          162576 
        27847.5          160942 
        27925.8          159328 
        28004.1          157735 
        28082.4          156161 
        28160.8          154607 
        28239.1          153071 
        28317.4          151555 
        28395.7          150057 
          28474          148578 
        28552.4          147116 
        28630.7          145673 
          28709          144247 
        28787.3          142838 
        28865.7          141446 
          28944          140071 
        29022.3          138713 
        29100.6          137371 
          29179          136044 
        29257.3          134734 
        29335.6          133440 
        29413.9          132161 
        29492.3          130897 
        29570.6          129648 
        29648.9          128414 
        29727.2          127194 
        29805.5          125989 
        29883.9          124797 
        29932.6          124063 
        29962.2          123620 
        29991.8          123179 
