# Koester WD models
# teff = 5000 K (value for the effective temperature for the model. Temperatures are given in K)
# logg = 8.25 log(cm/s2) (value for Log(G) for the model.)
#
# column 1: WAVELENGTH (ANGSTROM), Wavelength in Angstrom
# column 2: FLUX (ERG/CM2/S/A), Flux in erg/cm2/s/A
         899.23     0.000129949 
        900.753     0.000137493 
        902.278     0.000145446 
        903.368     0.000151399 
        903.802     0.000153828 
        904.235     0.000156294 
        905.102     0.000161335 
        906.836     0.000171878 
        907.899     0.000178656 
         908.45     0.000182267 
         908.57     0.000183062 
        909.241      0.00018757 
        910.032     0.000193017 
        911.193     0.000201283 
        911.613     0.000204357 
        912.034     0.000207474 
        912.465     0.000210719 
        912.875     0.000213843 
        913.037     0.000215092 
        913.241     0.000216674 
        913.284     0.000217009 
        913.478     0.000218527 
        913.531     0.000218943 
        913.755     0.000220702 
        913.822     0.000221233 
         914.08      0.00022329 
        914.165     0.000223972 
        914.499     0.000226668 
        914.575     0.000227286 
        915.071     0.000231349 
         915.54     0.000235261 
        915.609     0.000235834 
        915.643     0.000236121 
        915.677     0.000236407 
        915.741     0.000236948 
        915.813     0.000237558 
        916.085     0.000239877 
        916.429     0.000242838 
        916.858     0.000246571 
        917.118     0.000248865 
        917.196     0.000249557 
        917.378     0.000251178 
        917.899     0.000255866 
        917.952     0.000256348 
        918.287     0.000259417 
        918.602     0.000262324 
        919.251     0.000268429 
        920.215     0.000277734 
        921.882     0.000294535 
        921.999      0.00029575 
        922.143     0.000297253 
        922.405     0.000299995 
         922.81     0.000304296 
        923.621     0.000313071 
        925.001     0.000328557 
        925.242     0.000331334 
        925.484     0.000334134 
        925.564      0.00033507 
        925.966     0.000339801 
        926.164     0.000342157 
        926.369     0.000344595 
        927.173     0.000354365 
        927.276     0.000355622 
        928.182     0.000366966 
        928.917     0.000376426 
         928.98     0.000377252 
        929.089     0.000378688 
        929.261     0.000380962 
        929.317     0.000381691 
        929.543     0.000384694 
        929.655      0.00038619 
        929.769     0.000387713 
        929.827     0.000388492 
        929.883     0.000389243 
         929.91     0.000389608 
        929.939     0.000389997 
        929.954     0.000390202 
        929.968      0.00039039 
        929.982     0.000390579 
        929.996     0.000390767 
         930.01     0.000390955 
        930.024     0.000391147 
        930.038     0.000391336 
        930.052     0.000391524 
        930.081     0.000391917 
        930.137     0.000392674 
        930.201     0.000393544 
        930.247     0.000394169 
        930.249     0.000394198 
        930.251     0.000394226 
        930.301     0.000394904 
        930.326     0.000395234 
        930.329     0.000395275 
        930.402     0.000396271 
        930.478     0.000397311 
         930.63     0.000399391 
        930.931     0.000403472 
        931.229     0.000407474 
         931.49     0.000410977 
        931.534     0.000411571 
        931.838     0.000415667 
        932.447     0.000423034 
        933.265     0.000433741 
        933.403     0.000435676 
        933.432     0.000436081 
        933.542     0.000437684 
        933.652     0.000439295 
        933.872     0.000442484 
        933.973     0.000443995 
        934.073     0.000445516 
        934.312     0.000449241 
        934.316     0.000449304 
        934.652     0.000454764 
         935.23      0.00046473 
        935.688     0.000473206 
        936.144     0.000481977 
        936.372     0.000486102 
        936.601     0.000489969 
        936.714     0.000491857 
        936.829     0.000493786 
        936.887      0.00049476 
        936.944     0.000495721 
        936.973     0.000496208 
        937.001     0.000496683 
        937.015     0.000496918 
        937.029     0.000497154 
        937.043     0.000497393 
        937.058     0.000497644 
        937.072     0.000497883 
        937.086     0.000498118 
        937.101     0.000498373 
        937.115     0.000498612 
        937.143     0.000499086 
          937.2     0.000500054 
        937.314     0.000501992 
        937.493     0.000505055 
        937.542     0.000505894 
        937.593     0.000506767 
        937.694     0.000508464 
        937.788     0.000510019 
        937.894     0.000511684 
            938     0.000513299 
        938.212     0.000516336 
        938.359      0.00051835 
        938.556     0.000520989 
        938.636     0.000522155 
        938.914     0.000525965 
        939.231     0.000530634 
        939.271     0.000531265 
        939.986     0.000542644 
         940.74     0.000555883 
        941.495     0.000569913 
        942.875     0.000597088 
        942.961     0.000598835 
        943.005     0.000599711 
        943.048     0.000600588 
        943.198     0.000603839 
         943.22     0.000604317 
        943.457       0.0006094 
        943.564     0.000611668 
        944.253     0.000626157 
        944.382     0.000628897 
        945.308      0.00064872 
        946.233     0.000670224 
        947.158     0.000694418 
        947.621     0.000707348 
        948.083     0.000719934 
        948.314     0.000725768 
        948.546     0.000731375 
        948.661     0.000734168 
        948.777     0.000736993 
        948.835     0.000738406 
        948.893     0.000739826 
        948.922     0.000740536 
        948.951     0.000741246 
        948.966     0.000741614 
         948.98     0.000741956 
        948.994     0.000742302 
        949.009     0.000742669 
        949.023     0.000743015 
        949.037     0.000743357 
        949.052     0.000743728 
        949.066     0.000744071 
        949.095     0.000744784 
        949.153     0.000746216 
         949.23     0.000748117 
        949.258     0.000748811 
        949.269     0.000749081 
         949.28     0.000749355 
         949.33     0.000750596 
         949.36      0.00075134 
         949.43     0.000753077 
          949.5     0.000754821 
         949.64     0.000758311 
        949.795     0.000762097 
        949.879     0.000764117 
        949.921     0.000765113 
        949.963     0.000766068 
        950.047     0.000767994 
        950.131     0.000769838 
        950.467     0.000776875 
        950.718     0.000781939 
        950.888     0.000785423 
        951.728     0.000803773 
        952.738     0.000829289 
        953.748     0.000857589 
        954.758     0.000887798 
        955.522     0.000911269 
        955.694     0.000916695 
        955.768     0.000919064 
        956.014     0.000926949 
        956.506     0.000942742 
        957.491     0.000975163 
        958.148     0.000997006 
        959.289      0.00103579 
         960.43      0.00107578 
        961.192      0.00110269 
        962.712      0.00115793 
        964.231      0.00121523 
         965.75       0.0012751 
        966.507      0.00130581 
        966.767      0.00131655 
        967.269      0.00133751 
        968.032      0.00136992 
        968.668      0.00139748 
        968.979      0.00141116 
        969.297      0.00142525 
        969.927      0.00145358 
        970.401      0.00147546 
        970.874      0.00149798 
         971.11       0.0015102 
        971.229      0.00151627 
        971.348      0.00152019 
        971.467      0.00152145 
        971.585       0.0015209 
        971.644      0.00152392 
        971.703      0.00153368 
        971.732      0.00154017 
        971.762      0.00154516 
        971.778      0.00154645 
        971.792      0.00154718 
        971.806      0.00154786 
        971.821      0.00154859 
        971.827      0.00154888 
        971.833      0.00154918 
        971.836      0.00154932 
        971.839      0.00154947 
        971.851      0.00155005 
        971.866      0.00155078 
         971.88      0.00155146 
         971.91      0.00155265 
        971.969      0.00154772 
        972.037      0.00154264 
        972.087      0.00154504 
        972.137       0.0015501 
         972.15      0.00155144 
        972.237      0.00156013 
        972.324      0.00156742 
        972.499      0.00157764 
        972.548      0.00157975 
        972.673      0.00158505 
        972.798      0.00159059 
        973.048      0.00160223 
        973.351      0.00161661 
        973.548      0.00162619 
        973.746      0.00163591 
         974.14      0.00165564 
        974.217      0.00165954 
        974.821       0.0016903 
        974.928      0.00169582 
         975.64      0.00173308 
        977.063      0.00181037 
        979.305      0.00193838 
        981.547      0.00207469 
        983.653      0.00221113 
        983.788      0.00222017 
        983.923      0.00222924 
        984.194       0.0022475 
        984.734      0.00228444 
        985.011      0.00230361 
        985.815      0.00236006 
        986.618      0.00241782 
        987.139      0.00245594 
        988.225       0.0025374 
        989.312      0.00262124 
        991.486      0.00279666 
        993.439      0.00296379 
        993.659      0.00298322 
         993.88      0.00300277 
         994.32      0.00304222 
          995.2      0.00312263 
        995.477      0.00314825 
        996.962      0.00328953 
        997.574       0.0033495 
        997.806      0.00337253 
        998.447      0.00343678 
        999.319      0.00352619 
        999.435      0.00353822 
        1001.06      0.00371151 
        1002.69      0.00389275 
        1004.32      0.00408228 
        1005.84      0.00426603 
        1005.95      0.00428045 
        1007.58      0.00448761 
        1009.33      0.00471987 
        1011.07      0.00496365 
         1011.3      0.00499695 
        1012.82      0.00521916 
        1014.33      0.00545063 
        1015.38       0.0056166 
        1015.84       0.0056914 
        1017.36      0.00594217 
        1017.62      0.00598649 
        1019.33      0.00628457 
        1021.04      0.00659841 
        1022.47      0.00687534 
        1022.76      0.00693437 
        1023.04      0.00699608 
        1023.19      0.00702872 
        1023.54      0.00711156 
        1023.62      0.00712922 
        1024.04      0.00724018 
        1024.29      0.00731105 
        1024.41       0.0073469 
        1024.54      0.00736826 
        1024.67      0.00737382 
        1024.79      0.00737357 
        1024.85      0.00738802 
        1024.91      0.00743417 
        1024.95      0.00746358 
        1024.98      0.00748422 
        1024.99      0.00748978 
        1025.01      0.00749358 
        1025.03      0.00749694 
        1025.04      0.00750008 
        1025.06      0.00750344 
        1025.07       0.0075068 
        1025.09      0.00750995 
         1025.1      0.00751331 
        1025.13      0.00751965 
         1025.2      0.00750819 
        1025.27      0.00747796 
        1025.32      0.00748038 
        1025.37      0.00749813 
        1025.47      0.00754325 
        1025.57      0.00758139 
        1025.77      0.00762725 
        1025.87      0.00763853 
        1025.97      0.00765305 
        1026.07      0.00766495 
        1026.26      0.00769112 
        1026.27      0.00769228 
        1026.66      0.00775873 
        1027.07      0.00783218 
        1027.88      0.00799664 
        1028.31      0.00808944 
        1028.69      0.00817402 
         1028.8      0.00819865 
        1029.07      0.00825984 
        1029.34      0.00832142 
        1029.88      0.00844623 
        1030.96      0.00870199 
        1033.08      0.00922434 
        1033.13      0.00923754 
        1033.19      0.00925077 
        1033.23      0.00926173 
        1033.29      0.00927728 
         1033.5      0.00933053 
        1033.91      0.00943791 
        1034.75      0.00965612 
        1036.27        0.010066 
        1037.78       0.0104921 
        1039.17       0.0108967 
        1039.26       0.0109222 
         1039.3        0.010935 
        1039.34       0.0109478 
         1039.5       0.0109957 
        1039.52       0.0109993 
        1039.86        0.011103 
        1040.55       0.0113131 
        1041.92       0.0117443 
        1044.35       0.0125397 
        1046.77       0.0133841 
        1049.03       0.0142199 
        1049.19       0.0142808 
        1049.35        0.014342 
        1049.67       0.0144649 
        1050.31       0.0147136 
        1051.59        0.015223 
        1053.95        0.016205 
        1054.15       0.0162909 
        1054.35       0.0163771 
        1054.75       0.0165509 
        1054.95       0.0166385 
        1055.55       0.0169037 
        1057.15       0.0176301 
        1059.36       0.0186761 
        1061.56       0.0197818 
        1063.16       0.0206236 
        1063.76       0.0209477 
        1064.36       0.0212765 
        1065.56       0.0219485 
        1066.56       0.0225234 
        1067.96       0.0233517 
        1069.36       0.0242082 
        1069.96       0.0245827 
        1072.16        0.026002 
        1074.36       0.0274965 
        1076.56       0.0290698 
        1078.16       0.0302656 
        1078.69       0.0306666 
        1078.76       0.0307257 
        1078.98       0.0308929 
        1079.36       0.0311922 
        1080.57       0.0321485 
        1080.71        0.032267 
        1082.44       0.0336989 
        1084.17       0.0351877 
         1085.9       0.0367359 
        1087.64       0.0383457 
        1089.32       0.0399714 
        1089.37       0.0400198 
        1089.42       0.0400698 
        1089.52       0.0401684 
        1089.72       0.0403663 
        1090.12        0.040765 
        1090.67       0.0413189 
        1090.92        0.041573 
        1092.52        0.043233 
        1094.37       0.0452286 
        1096.22       0.0473083 
        1096.77       0.0479432 
        1098.07       0.0494754 
        1099.37       0.0510525 
        1099.57       0.0512997 
        1101.97       0.0543546 
        1104.37       0.0575757 
        1106.78       0.0609714 
        1108.98       0.0642446 
        1109.18       0.0645503 
        1109.38       0.0648569 
        1109.78       0.0654708 
        1109.98       0.0657796 
        1110.58       0.0667145 
        1112.18       0.0692671 
        1114.38       0.0729233 
        1116.58       0.0767551 
        1118.18        0.079657 
        1118.68       0.0805916 
        1118.78       0.0807707 
        1119.38       0.0818988 
        1120.08       0.0832252 
        1121.47       0.0859376 
        1123.78       0.0906136 
        1124.25       0.0916088 
        1124.73        0.092617 
        1125.68       0.0946637 
        1125.79       0.0948984 
        1127.08       0.0977312 
        1127.59       0.0988823 
        1129.38        0.103018 
        1131.69        0.108565 
        1132.46        0.110476 
           1134        0.114385 
        1135.54        0.118421 
        1137.85        0.124721 
        1138.62        0.126889 
        1139.39        0.129094 
        1140.93        0.133609 
        1143.63        0.141884 
        1143.95        0.142895 
        1144.01        0.143086 
        1144.39        0.144297 
        1145.15        0.146748 
        1146.67        0.151773 
        1149.39        0.161177 
        1149.83        0.162748 
        1152.11        0.171129 
        1154.39         0.17994 
        1156.67        0.189153 
        1158.51        0.196874 
        1158.95        0.198756 
        1159.39        0.200643 
        1159.67        0.201853 
        1160.27        0.204481 
        1162.03        0.212343 
        1164.39        0.223227 
        1166.76        0.234421 
        1168.84        0.244505 
        1169.12        0.245878 
        1169.39        0.247251 
        1169.96        0.250005 
        1171.08        0.255603 
        1172.24        0.261523 
        1173.32        0.267228 
         1174.4        0.273101 
        1176.56        0.285458 
        1178.04        0.294378 
        1178.72        0.298626 
         1179.4        0.302993 
        1180.58        0.310671 
        1180.76        0.311848 
        1180.94        0.313031 
        1181.29         0.31541 
        1181.69        0.318089 
        1182.01        0.320207 
        1183.43        0.329896 
        1185.17        0.342094 
        1187.89        0.361871 
        1188.65        0.367491 
         1189.4        0.373187 
        1190.91        0.384833 
        1193.44        0.405168 
        1193.92        0.409142 
         1194.4        0.413148 
        1195.19        0.419742 
        1195.37        0.421272 
        1197.29        0.437935 
         1199.4        0.456806 
        1201.51        0.476514 
        1202.84        0.489341 
        1203.62        0.497151 
         1204.4        0.505024 
        1205.97        0.521165 
        1208.81         0.55135 
        1209.11         0.55457 
         1209.4        0.557796 
        1209.67        0.560686 
           1210        0.564302 
        1210.33        0.567925 
        1210.98        0.575226 
        1211.89        0.585524 
        1212.29        0.590063 
        1212.69        0.594634 
         1213.1        0.599375 
        1213.28        0.601477 
        1213.49        0.603874 
        1213.88        0.608404 
        1214.17        0.611894 
        1214.47        0.615403 
        1214.62        0.617163 
        1214.76        0.618928 
        1214.84        0.619814 
        1214.91          0.6207 
        1214.95        0.621143 
        1214.98        0.621586 
           1215        0.621815 
        1215.02        0.622029 
        1215.04        0.622246 
        1215.06        0.622475 
        1215.08        0.622692 
         1215.1        0.622906 
        1215.11        0.623135 
        1215.13        0.623352 
        1215.17        0.623798 
        1215.24        0.624687 
        1215.39        0.626471 
        1215.64         0.62945 
        1215.69        0.630056 
        1215.74        0.630662 
         1215.8        0.631369 
        1215.84        0.631878 
        1216.04        0.634319 
        1216.06        0.634649 
        1216.28        0.637278 
        1216.76        0.643241 
        1217.46         0.65194 
        1218.32        0.662684 
        1218.86        0.669656 
        1218.98        0.671248 
        1219.41        0.676686 
        1219.83         0.68215 
         1220.1        0.685709 
        1220.67        0.693108 
        1222.36        0.715023 
        1224.62        0.744812 
        1226.88        0.775892 
        1228.86        0.804311 
        1229.13        0.808373 
        1229.41         0.81246 
        1229.74        0.817439 
        1229.96        0.820747 
        1230.18        0.824071 
        1230.62        0.830778 
        1231.49        0.844375 
        1231.69        0.847539 
        1233.24        0.872068 
        1234.79        0.897349 
        1236.38        0.923949 
        1237.89        0.950096 
        1239.41        0.976919 
        1240.47        0.996026 
        1242.44         1.03255 
        1244.41         1.07031 
        1247.29         1.12794 
        1248.35         1.14987 
        1248.65         1.15615 
        1249.41         1.17221 
        1251.53         1.21807 
        1254.41         1.28294 
        1255.17         1.30058 
        1257.29         1.35086 
        1259.41         1.40287 
        1261.53         1.45669 
        1262.89          1.4923 
        1263.65         1.51249 
        1264.41         1.53258 
        1265.93         1.57416 
        1268.53         1.64818 
        1268.97         1.66104 
        1269.41           1.674 
        1269.69          1.6823 
         1270.3         1.70026 
        1272.06         1.75394 
        1274.41         1.82831 
        1276.78         1.90549 
        1278.86         1.97605 
        1279.14         1.98573 
        1279.42         1.99546 
        1279.98         2.01506 
         1281.1         2.05481 
        1282.26         2.09662 
        1283.34          2.1362 
        1283.74         2.15101 
        1284.42         2.17641 
        1286.58         2.25887 
        1286.92         2.27208 
        1289.42         2.37161 
        1291.92         2.47446 
        1294.42         2.58122 
        1296.92         2.69194 
        1299.42         2.80684 
        1301.92         2.92655 
        1304.42         3.05064 
        1306.92         3.17923 
        1309.42         3.31265 
        1311.92         3.45076 
        1314.42         3.59395 
        1316.92         3.74255 
        1319.42         3.89664 
        1321.92         4.05633 
        1324.42         4.22192 
        1326.92         4.39405 
        1329.42         4.57234 
        1331.92         4.75643 
        1334.42         4.94694 
        1336.92         5.14423 
        1339.42         5.34831 
        1341.92         5.55955 
        1344.42         5.77814 
        1346.92         6.00509 
        1349.42         6.23967 
        1351.92         6.48236 
        1354.42         6.73344 
        1356.92         6.99309 
        1359.42         7.26173 
        1364.42          7.8258 
        1365.19         7.91581 
        1369.42         8.42801 
        1373.65         8.96969 
        1376.35         9.33081 
        1377.88         9.54281 
        1379.42         9.75898 
        1380.57         9.92373 
         1382.5         10.2045 
        1384.42         10.4922 
        1387.12         10.9076 
        1388.27         11.0895 
        1389.03          11.211 
        1389.42         11.2741 
        1391.73         11.6514 
        1394.42         12.1068 
        1399.42         12.9926 
        1404.42         13.9351 
        1409.42          14.938 
        1414.42         16.0052 
        1419.42         17.1405 
        1424.42         18.3453 
        1429.42         19.6239 
        1434.42         20.9793 
        1439.42         22.4155 
        1444.42         23.9363 
        1449.42         25.5489 
        1454.42         27.2592 
        1459.42         29.0698 
        1464.42         30.9867 
        1465.96         31.5988 
        1469.42         33.0141 
        1472.88         34.4834 
        1473.27         34.6496 
        1474.42         35.1538 
        1476.35         36.0077 
        1479.42         37.4113 
        1484.42         39.7927 
        1489.42         42.3044 
        1494.42         44.9405 
        1499.42         47.7202 
        1504.42         50.6616 
        1509.42          53.769 
        1514.42         57.0454 
        1519.42          60.502 
        1524.42         64.1554 
        1529.42         67.9919 
        1534.42         72.0106 
        1539.42         76.2251 
        1544.42         80.6497 
        1549.42         85.2924 
        1554.42         90.1376 
        1559.42         95.1777 
        1564.42         100.446 
        1566.72         102.967 
        1569.42         105.976 
        1570.19         106.852 
        1572.11         109.068 
        1574.41         111.787 
         1574.8         112.246 
        1579.41         117.889 
        1584.41          124.29 
        1589.41         130.996 
        1594.41         138.012 
        1599.41         145.382 
        1604.41         153.096 
        1609.41         161.194 
        1614.41         169.707 
        1619.41         178.658 
        1624.41         188.111 
        1629.41         198.048 
        1634.41         208.359 
        1639.41         218.917 
        1644.41         229.718 
        1649.41         240.671 
        1654.41         251.824 
        1659.41         263.274 
        1664.41         275.144 
        1665.56         277.924 
         1669.4         287.471 
        1670.17         289.411 
        1673.25          297.38 
         1674.4         300.434 
        1676.33         305.604 
         1679.4         313.966 
         1684.4         328.124 
         1689.4         342.864 
         1694.4          358.38 
         1699.4         374.509 
         1704.4         391.524 
         1709.4         409.331 
         1714.4         427.863 
         1719.4         447.168 
         1724.4         467.262 
         1729.4         488.225 
         1734.4         510.075 
         1739.4         532.758 
         1744.4         556.285 
        1749.39         580.551 
        1754.39         605.727 
        1759.39         631.768 
        1764.39         658.754 
        1767.08         673.686 
        1767.85         678.009 
        1769.39         686.714 
         1771.7         699.966 
        1774.39         715.724 
        1775.55         722.573 
        1779.39         745.817 
        1784.39         777.123 
        1789.39         809.557 
        1794.39         843.002 
        1799.39         877.616 
        1804.39         913.349 
        1809.39         950.288 
        1814.38         988.461 
        1819.38         1027.94 
           1824         1065.49 
        1824.38         1068.67 
        1829.38         1110.75 
        1834.77         1157.63 
        1840.15         1206.08 
        1845.54         1256.22 
        1850.92         1308.23 
         1856.3         1362.35 
        1861.69         1418.15 
           1864         1442.58 
        1867.07         1475.62 
        1870.14         1509.29 
        1876.29         1578.92 
        1882.44         1651.22 
        1888.59         1726.29 
        1894.73         1804.21 
        1900.88         1885.07 
        1906.98         1968.33 
        1907.03         1968.98 
        1913.17         2056.01 
        1919.37         2146.71 
        1925.56         2240.23 
        1931.76         2337.45 
        1937.95         2440.09 
        1944.14         2544.41 
        1944.47         2550.04 
        1950.34         2654.72 
        1956.53         2766.47 
        1962.56         2878.96 
        1968.59         2995.27 
        1974.62         3115.37 
        1980.65         3239.39 
        1992.71         3499.67 
        2004.77         3776.98 
        2015.84         4047.31 
        2016.83         4072.16 
        2017.81         4097.17 
        2019.79         4147.66 
        2023.73         4251.33 
        2031.63         4463.76 
        2039.52         4681.73 
        2047.42         4908.27 
        2055.31          5143.7 
        2059.38         5268.55 
         2063.2         5388.24 
        2067.03         5510.13 
        2074.69         5761.71 
        2082.34         6022.53 
        2089.99         6292.89 
        2094.36         6451.26 
        2097.65         6573.03 
         2105.3         6863.12 
        2116.25         7296.07 
         2127.2         7751.31 
        2138.15          8234.4 
         2149.1         8734.98 
        2154.62         8996.17 
        2160.05         9258.81 
        2165.47         9527.63 
        2176.33         10083.4 
        2181.36           10350 
        2187.18         10664.8 
         2189.7         10803.5 
        2198.03         11272.5 
        2206.36         11757.8 
         2214.7         12259.4 
        2231.36           13305 
        2232.14         13355.4 
        2248.03         14416.8 
        2255.97         14968.8 
        2263.91         15542.8 
        2271.86         16148.6 
         2279.8         16762.1 
        2295.69         18041.1 
        2310.03         19262.7 
        2311.58         19399.5 
        2313.13           19537 
        2316.24         19808.9 
        2322.46         20361.4 
         2334.9         21506.7 
        2347.34         22713.4 
        2357.19         23707.1 
        2359.77         23972.6 
        2362.35         24242.5 
        2367.51         24793.7 
        2377.84         25925.9 
        2387.69         27044.1 
        2388.16         27098.5 
        2398.48         28330.7 
        2409.27         29679.3 
        2420.07         31085.1 
        2427.11         32051.5 
        2430.86         32580.5 
        2441.65         34132.8 
        2451.59         35620.3 
        2456.19         36327.8 
        2460.79         37086.5 
        2469.99         38635.9 
        2479.19         40256.7 
        2488.39         41958.5 
        2497.59         43767.1 
        2503.55         44991.7 
        2506.78         45676.2 
        2510.01         46374.3 
        2516.47         47783.3 
        2529.39         50745.8 
        2542.32         53928.6 
        2551.24         56249.3 
        2555.24         57337.8 
        2559.23         58444.3 
        2567.22         60844.8 
        2575.22         63377.9 
        2583.21           66068 
         2591.2         68840.8 
        2599.19         71714.7 
        2607.18           74725 
        2615.18         77910.2 
        2623.17         81197.3 
        2631.16         84599.6 
        2639.15         88124.5 
        2647.14         91849.5 
        2652.61         94482.8 
        2655.14         95721.5 
        2657.67         96971.5 
        2662.74         99201.8 
         2667.8          101453 
        2677.93          106016 
        2698.19          115419 
        2718.45          125229 
         2721.3          126648 
        2738.71          135648 
        2747.41          140270 
        2756.11          144968 
        2764.81          149944 
        2773.51          155021 
        2782.21          160205 
        2799.61          170910 
        2814.29          180360 
        2817.01          182172 
        2834.42          193995 
        2844.48          201047 
        2854.55          208259 
        2864.61          216178 
        2874.68          224307 
        2894.81          241156 
        2914.94          258874 
        2917.15          260879 
        2935.07          277547 
        2952.98          295297 
         2970.9          313028 
        2988.82          331441 
        3006.73          350548 
        3024.65          370381 
        3033.71          380701 
        3042.57          390977 
        3051.42          401536 
        3060.28          413616 
        3069.13          425943 
        3086.84          451331 
        3094.66          462848 
        3104.55          477689 
        3122.26          505042 
        3136.06          527034 
        3142.96          538255 
        3149.86          549603 
        3156.76          562307 
        3163.66          575213 
        3170.56          588329 
        3177.45          601662 
        3184.35          615212 
        3198.15          643338 
        3211.95          672304 
        3225.75          702077 
        3230.81          713192 
        3239.55          732679 
        3243.92          742544 
        3248.29          752487 
        3252.67          760152 
        3257.04          767862 
        3261.41          775609 
        3265.78          783403 
        3270.15          791238 
         3278.9          807034 
        3296.38          839075 
        3315.99          875766 
        3331.36          905134 
        3346.73          935026 
        3377.47          998590 
        3408.22      1.06436e+6 
        3432.76      1.11826e+6 
        3438.96      1.13208e+6 
        3445.17      1.14598e+6 
        3457.57      1.17409e+6 
        3482.39      1.23117e+6 
        3520.42      1.32085e+6 
        3532.01      1.34869e+6 
        3542.29      1.37357e+6 
         3543.6      1.37676e+6 
        3566.79      1.43401e+6 
        3591.28      1.49543e+6 
        3635.88       1.6102e+6 
        3638.96      1.61822e+6 
        3642.04      1.62644e+6 
        3643.12      1.62932e+6 
        3645.12      1.63466e+6 
        3645.28      1.63509e+6 
        3647.12      1.64001e+6 
        3648.96      1.64493e+6 
        3651.32      1.65124e+6 
        3652.64      1.65477e+6 
        3653.96      1.65831e+6 
        3654.24      1.65906e+6 
         3656.6      1.66538e+6 
        3658.96      1.67171e+6 
         3663.4      1.68362e+6 
        3663.68      1.68437e+6 
        3663.96      1.68513e+6 
        3664.52      1.68663e+6 
        3665.64      1.68963e+6 
         3666.8      1.69275e+6 
        3667.88      1.69565e+6 
        3668.28      1.69673e+6 
        3668.95      1.69856e+6 
        3671.11      1.70436e+6 
        3673.95      1.71201e+6 
         3675.2      1.71537e+6 
        3678.95      1.72548e+6 
        3682.58      1.73527e+6 
         3682.7      1.73559e+6 
        3682.82      1.73592e+6 
        3683.06      1.73656e+6 
        3683.18      1.73687e+6 
        3683.54      1.73785e+6 
         3684.5      1.74044e+6 
        3684.82       1.7413e+6 
        3685.83      1.74401e+6 
        3686.83      1.74673e+6 
        3688.74      1.75189e+6 
        3688.85      1.75217e+6 
        3688.94      1.75242e+6 
        3688.95      1.75245e+6 
        3689.16      1.75301e+6 
        3689.38       1.7536e+6 
        3689.73      1.75455e+6 
        3689.82      1.75478e+6 
         3689.9      1.75501e+6 
        3690.07      1.75547e+6 
        3690.41      1.75639e+6 
        3690.62      1.75697e+6 
        3691.09      1.75822e+6 
        3691.47      1.75925e+6 
        3691.55      1.75948e+6 
         3691.7      1.75987e+6 
        3692.48      1.76199e+6 
         3693.5      1.76473e+6 
         3694.4      1.76716e+6 
         3695.3       1.7696e+6 
        3695.81      1.77098e+6 
         3696.2      1.77203e+6 
        3696.53      1.77291e+6 
        3696.59      1.77308e+6 
        3696.65      1.77324e+6 
        3696.67       1.7733e+6 
        3696.76      1.77355e+6 
        3696.77      1.77357e+6 
        3696.87      1.77385e+6 
        3696.93      1.77401e+6 
        3696.99      1.77416e+6 
        3697.04      1.77431e+6 
         3697.1      1.77446e+6 
        3697.15      1.77461e+6 
        3697.21      1.77476e+6 
        3697.26      1.77492e+6 
        3697.32      1.77507e+6 
        3697.35      1.77513e+6 
        3697.41      1.77529e+6 
        3697.43      1.77537e+6 
        3697.46      1.77545e+6 
         3697.5      1.77555e+6 
        3697.53      1.77563e+6 
        3697.58      1.77576e+6 
        3697.66      1.77598e+6 
        3697.82      1.77641e+6 
        3698.11       1.7772e+6 
        3698.43      1.77806e+6 
        3698.69      1.77876e+6 
        3698.89       1.7793e+6 
        3698.95      1.77946e+6 
        3699.01      1.77963e+6 
        3699.13      1.77996e+6 
        3699.37      1.78062e+6 
        3699.53      1.78105e+6 
        3699.86      1.78194e+6 
        3699.88      1.78199e+6 
        3700.19      1.78283e+6 
         3700.2      1.78285e+6 
         3700.5      1.78367e+6 
        3700.81       1.7845e+6 
        3700.84      1.78459e+6 
        3701.09      1.78527e+6 
        3701.42      1.78615e+6 
        3701.99      1.78771e+6 
        3702.44      1.78893e+6 
        3702.89      1.79015e+6 
        3703.12      1.79076e+6 
        3703.35      1.79137e+6 
        3703.46      1.79167e+6 
        3703.57      1.79198e+6 
        3703.63      1.79213e+6 
        3703.68      1.79228e+6 
        3703.74      1.79243e+6 
         3703.8      1.79259e+6 
        3703.85      1.79274e+6 
        3703.91      1.79289e+6 
        3703.97      1.79305e+6 
        3704.02       1.7932e+6 
        3704.09      1.79337e+6 
        3704.13       1.7935e+6 
        3704.18      1.79364e+6 
        3704.21       1.7937e+6 
        3704.22      1.79374e+6 
        3704.28      1.79391e+6 
        3704.31      1.79399e+6 
        3704.36      1.79411e+6 
        3704.41      1.79424e+6 
        3704.49      1.79447e+6 
        3704.57      1.79467e+6 
        3704.59      1.79474e+6 
        3704.69        1.795e+6 
        3704.81      1.79533e+6 
        3705.05      1.79599e+6 
        3705.37      1.79685e+6 
        3705.54      1.79731e+6 
        3705.71      1.79777e+6 
        3706.05      1.79869e+6 
        3706.07      1.79875e+6 
        3706.73      1.80053e+6 
        3707.27      1.80198e+6 
        3707.39      1.80232e+6 
        3707.51      1.80266e+6 
        3707.61      1.80292e+6 
        3707.76      1.80333e+6 
        3707.91      1.80373e+6 
        3708.12      1.80429e+6 
        3708.21      1.80454e+6 
         3708.3      1.80479e+6 
        3708.49      1.80528e+6 
        3708.76      1.80604e+6 
        3708.85      1.80628e+6 
        3708.87      1.80633e+6 
        3708.95      1.80653e+6 
        3709.13      1.80702e+6 
        3709.21      1.80723e+6 
        3709.49      1.80801e+6 
        3710.11      1.80968e+6 
         3710.9      1.81183e+6 
        3711.01      1.81212e+6 
        3711.12      1.81242e+6 
        3711.21      1.81267e+6 
        3711.32      1.81297e+6 
        3711.34      1.81301e+6 
        3711.46      1.81335e+6 
        3711.52      1.81349e+6 
        3711.58      1.81365e+6 
         3711.6      1.81373e+6 
        3711.69      1.81396e+6 
        3711.75      1.81411e+6 
         3711.8      1.81426e+6 
        3711.86      1.81442e+6 
        3711.91      1.81457e+6 
        3711.97      1.81472e+6 
        3712.03      1.81487e+6 
        3712.08      1.81503e+6 
        3712.14      1.81518e+6 
         3712.2      1.81535e+6 
        3712.25      1.81548e+6 
         3712.3      1.81562e+6 
        3712.33      1.81569e+6 
        3712.33       1.8157e+6 
         3712.4      1.81589e+6 
        3712.48       1.8161e+6 
        3712.63      1.81651e+6 
        3712.93      1.81732e+6 
        3713.23      1.81812e+6 
        3713.53      1.81895e+6 
        3713.83      1.81977e+6 
        3714.24      1.82087e+6 
        3714.42      1.82136e+6 
        3714.44      1.82141e+6 
        3714.64      1.82194e+6 
        3715.03      1.82301e+6 
        3715.64      1.82466e+6 
        3716.76      1.82771e+6 
        3716.79      1.82778e+6 
        3716.86      1.82797e+6 
        3716.95      1.82822e+6 
        3717.14      1.82874e+6 
        3717.52      1.82977e+6 
        3718.19      1.83157e+6 
        3718.26      1.83176e+6 
        3718.33      1.83195e+6 
        3718.47      1.83233e+6 
        3718.56      1.83256e+6 
        3718.63      1.83277e+6 
        3718.73      1.83305e+6 
        3718.75      1.83308e+6 
        3718.94      1.83361e+6 
        3719.25      1.83445e+6 
        3719.47      1.83505e+6 
        3719.77      1.83586e+6 
        3720.07      1.83667e+6 
        3720.36      1.83736e+6 
        3720.52      1.83777e+6 
        3720.67      1.83811e+6 
        3720.98      1.83887e+6 
         3721.2      1.83939e+6 
        3721.43      1.83991e+6 
        3721.54      1.84017e+6 
        3721.66      1.84043e+6 
        3721.71      1.84056e+6 
        3721.77      1.84069e+6 
        3721.82      1.84082e+6 
        3721.88      1.84095e+6 
        3721.94      1.84108e+6 
        3721.99      1.84121e+6 
        3722.05      1.84134e+6 
        3722.11      1.84147e+6 
        3722.22      1.84173e+6 
         3722.4      1.84214e+6 
        3722.45      1.84225e+6 
         3722.5      1.84237e+6 
         3722.6      1.84259e+6 
         3722.7      1.84281e+6 
         3722.8      1.84305e+6 
         3722.9      1.84329e+6 
        3723.11      1.84376e+6 
        3723.23      1.84405e+6 
        3723.52      1.84471e+6 
        3723.81      1.84537e+6 
        3724.38      1.84669e+6 
        3725.45      1.84914e+6 
        3725.53      1.84933e+6 
        3725.62      1.84952e+6 
        3725.75      1.84983e+6 
        3725.78       1.8499e+6 
        3725.92      1.85021e+6 
        3725.93      1.85024e+6 
        3726.11      1.85067e+6 
        3726.48       1.8515e+6 
        3727.04      1.85279e+6 
        3727.37      1.85354e+6 
        3728.15      1.85534e+6 
        3728.64      1.85646e+6 
        3728.94      1.85715e+6 
        3729.01      1.85731e+6 
        3729.24      1.85784e+6 
        3729.84      1.85922e+6 
        3730.68      1.86114e+6 
        3732.19      1.86462e+6 
        3732.34      1.86497e+6 
        3732.49      1.86531e+6 
        3732.79        1.866e+6 
        3733.35      1.86728e+6 
        3733.38      1.86736e+6 
        3733.39      1.86738e+6 
         3733.4       1.8674e+6 
        3733.45      1.86751e+6 
        3733.55      1.86774e+6 
        3733.65      1.86796e+6 
        3733.75       1.8682e+6 
        3733.86      1.86844e+6 
           3734      1.86878e+6 
        3734.04      1.86887e+6 
        3734.06      1.86891e+6 
        3734.08      1.86896e+6 
        3734.13      1.86907e+6 
        3734.14      1.86909e+6 
        3734.16      1.86914e+6 
         3734.2      1.86922e+6 
        3734.25      1.86935e+6 
        3734.31      1.86948e+6 
        3734.37      1.86961e+6 
        3734.43      1.86974e+6 
        3734.48      1.86987e+6 
        3734.54         1.87e+6 
        3734.65      1.87027e+6 
        3734.83      1.87067e+6 
        3734.88      1.87078e+6 
        3734.93       1.8709e+6 
        3735.03      1.87113e+6 
        3735.12      1.87135e+6 
        3735.17      1.87146e+6 
        3735.23      1.87159e+6 
        3735.33      1.87183e+6 
        3735.39      1.87196e+6 
        3735.49       1.8722e+6 
        3735.82      1.87294e+6 
           3736      1.87336e+6 
        3736.24      1.87392e+6 
        3736.49      1.87448e+6 
        3736.97      1.87559e+6 
        3737.83      1.87756e+6 
        3737.94      1.87782e+6 
        3738.06      1.87809e+6 
        3738.29      1.87863e+6 
        3738.59       1.8793e+6 
        3738.76      1.87971e+6 
        3738.94      1.88011e+6 
        3739.29      1.88091e+6 
         3739.5       1.8814e+6 
        3739.99      1.88252e+6 
        3740.48      1.88364e+6 
        3741.21      1.88534e+6 
        3741.45      1.88589e+6 
        3741.69      1.88644e+6 
        3742.09      1.88736e+6 
        3742.18      1.88755e+6 
        3742.26      1.88774e+6 
        3742.43      1.88813e+6 
        3742.67      1.88869e+6 
        3742.73      1.88883e+6 
        3742.76       1.8889e+6 
         3742.8      1.88897e+6 
        3742.86      1.88913e+6 
        3742.92      1.88926e+6 
        3743.17      1.88983e+6 
        3743.66      1.89097e+6 
        3744.62      1.89316e+6 
        3744.65      1.89324e+6 
        3746.45      1.89736e+6 
        3747.61      1.90002e+6 
        3748.27      1.90155e+6 
        3748.84      1.90287e+6 
         3748.9      1.90301e+6 
        3748.93      1.90308e+6 
        3748.96      1.90315e+6 
        3748.99       1.9032e+6 
        3749.08      1.90342e+6 
        3749.12       1.9035e+6 
        3749.18      1.90364e+6 
        3749.38       1.9041e+6 
        3749.41      1.90417e+6 
        3749.64      1.90469e+6 
        3749.75      1.90496e+6 
        3749.87      1.90522e+6 
        3749.92      1.90535e+6 
        3749.98      1.90548e+6 
        3750.04      1.90561e+6 
        3750.09      1.90574e+6 
        3750.15      1.90587e+6 
        3750.21        1.906e+6 
        3750.27      1.90613e+6 
        3750.32      1.90627e+6 
        3750.44      1.90653e+6 
        3750.62      1.90694e+6 
        3750.66      1.90705e+6 
        3750.72      1.90717e+6 
        3750.82       1.9074e+6 
        3750.91      1.90762e+6 
        3751.02      1.90786e+6 
        3751.12       1.9081e+6 
        3751.33      1.90859e+6 
        3751.48      1.90893e+6 
        3751.76      1.90956e+6 
        3752.03       1.9102e+6 
        3752.59      1.91147e+6 
        3753.53      1.91364e+6 
         3753.7      1.91402e+6 
        3753.78      1.91422e+6 
        3753.86       1.9144e+6 
        3754.18      1.91514e+6 
        3754.27      1.91535e+6 
        3754.84      1.91664e+6 
        3755.89      1.91906e+6 
        3756.09      1.91951e+6 
        3757.47       1.9227e+6 
        3757.51      1.92278e+6 
        3757.55      1.92287e+6 
        3758.93      1.92605e+6 
        3760.39       1.9294e+6 
        3761.66      1.93231e+6 
        3762.72      1.93474e+6 
        3763.23      1.93593e+6 
        3764.81      1.93955e+6 
        3765.07      1.94014e+6 
         3766.9      1.94436e+6 
        3768.55      1.94813e+6 
        3768.74      1.94857e+6 
        3768.93      1.94901e+6 
        3768.97      1.94911e+6 
         3769.2      1.94963e+6 
        3769.31       1.9499e+6 
        3769.66      1.95068e+6 
        3769.89      1.95121e+6 
        3770.11      1.95173e+6 
        3770.23      1.95199e+6 
        3770.34      1.95226e+6 
         3770.4      1.95239e+6 
        3770.46      1.95252e+6 
        3770.51      1.95265e+6 
        3770.57      1.95278e+6 
        3770.63      1.95291e+6 
        3770.69      1.95304e+6 
        3770.74      1.95318e+6 
         3770.8      1.95331e+6 
        3770.87      1.95346e+6 
        3770.92      1.95357e+6 
        3770.97      1.95369e+6 
        3770.99      1.95374e+6 
           3771      1.95377e+6 
        3771.07      1.95392e+6 
        3771.15       1.9541e+6 
         3771.3      1.95447e+6 
         3771.6      1.95516e+6 
        3771.89      1.95581e+6 
        3771.95      1.95596e+6 
        3772.21      1.95654e+6 
        3772.52      1.95727e+6 
        3773.15      1.95872e+6 
        3774.36      1.96148e+6 
         3775.5       1.9641e+6 
        3776.76        1.967e+6 
        3777.13      1.96784e+6 
        3778.03      1.96991e+6 
         3778.4      1.97077e+6 
        3778.93      1.97198e+6 
        3780.73      1.97611e+6 
        3781.84      1.97868e+6 
        3783.05      1.98146e+6 
        3783.16       1.9817e+6 
        3784.26      1.98423e+6 
        3785.37      1.98677e+6 
        3786.22      1.98873e+6 
         3787.4      1.99144e+6 
        3787.57      1.99183e+6 
        3788.92      1.99493e+6 
        3790.45      1.99843e+6 
        3792.84      2.00392e+6 
        3793.49      2.00541e+6 
        3794.14      2.00691e+6 
         3794.9      2.00864e+6 
        3795.07      2.00902e+6 
        3795.44      2.00989e+6 
        3795.99      2.01114e+6 
        3796.45      2.01221e+6 
        3796.92      2.01326e+6 
        3797.15      2.01379e+6 
        3797.38      2.01432e+6 
        3797.49      2.01458e+6 
        3797.61      2.01484e+6 
        3797.67      2.01497e+6 
        3797.72      2.01511e+6 
        3797.78      2.01523e+6 
        3797.84      2.01536e+6 
         3797.9       2.0155e+6 
        3797.96      2.01563e+6 
        3798.01      2.01577e+6 
        3798.07       2.0159e+6 
        3798.19      2.01617e+6 
        3798.37      2.01659e+6 
        3798.42       2.0167e+6 
        3798.47      2.01682e+6 
        3798.57      2.01705e+6 
        3798.66      2.01725e+6 
        3798.75      2.01748e+6 
        3798.77      2.01751e+6 
        3798.84      2.01767e+6 
        3798.88      2.01777e+6 
        3798.92      2.01786e+6 
        3799.05      2.01815e+6 
        3799.09      2.01825e+6 
        3799.43      2.01902e+6 
        3799.47      2.01912e+6 
         3799.8      2.01989e+6 
        3800.56      2.02163e+6 
        3801.65      2.02413e+6 
        3802.32      2.02565e+6 
        3803.83      2.02913e+6 
        3805.35       2.0326e+6 
        3807.84       2.0383e+6 
        3808.38      2.03954e+6 
        3808.92      2.04078e+6 
           3810      2.04326e+6 
        3811.59      2.04689e+6 
        3812.16      2.04821e+6 
        3812.74      2.04954e+6 
         3813.9      2.05219e+6 
        3815.78      2.05649e+6 
        3816.09      2.05721e+6 
        3816.21      2.05748e+6 
        3816.64      2.05847e+6 
        3817.44      2.06035e+6 
         3817.5       2.0605e+6 
        3818.92      2.06383e+6 
        3820.39      2.06737e+6 
        3822.57      2.07257e+6 
        3823.35      2.07444e+6 
        3823.51      2.07483e+6 
        3824.13       2.0763e+6 
        3825.68      2.08004e+6 
         3826.8      2.08271e+6 
        3827.86      2.08524e+6 
        3828.91      2.08776e+6 
        3830.45      2.09144e+6 
        3831.02       2.0928e+6 
        3831.59      2.09416e+6 
           3832      2.09514e+6 
        3832.53      2.09639e+6 
        3832.73      2.09688e+6 
        3833.46      2.09862e+6 
        3833.93      2.09974e+6 
        3834.39      2.10085e+6 
        3834.63      2.10141e+6 
        3834.86      2.10196e+6 
        3834.97      2.10224e+6 
        3835.09      2.10251e+6 
        3835.15      2.10265e+6 
        3835.21      2.10278e+6 
        3835.27      2.10292e+6 
        3835.33      2.10305e+6 
        3835.38      2.10318e+6 
        3835.44      2.10333e+6 
         3835.5      2.10348e+6 
        3835.56      2.10362e+6 
        3835.63      2.10379e+6 
        3835.68      2.10391e+6 
        3835.73      2.10403e+6 
        3835.74      2.10407e+6 
        3835.77      2.10414e+6 
        3835.83      2.10427e+6 
        3835.91      2.10447e+6 
        3836.07      2.10487e+6 
        3836.38      2.10559e+6 
        3836.65      2.10624e+6 
        3836.98      2.10703e+6 
        3837.03      2.10716e+6 
        3837.31      2.10783e+6 
        3837.97      2.10941e+6 
        3838.65      2.11103e+6 
        3838.91      2.11166e+6 
        3839.18      2.11229e+6 
         3839.7      2.11355e+6 
        3840.76      2.11607e+6 
        3842.75      2.12083e+6 
        3842.83      2.12101e+6 
        3842.87      2.12111e+6 
        3842.91       2.1212e+6 
        3843.07      2.12157e+6 
        3843.38      2.12232e+6 
           3844      2.12381e+6 
        3844.59      2.12521e+6 
        3845.25      2.12679e+6 
        3845.55       2.1275e+6 
        3845.91      2.12836e+6 
        3847.23      2.13151e+6 
        3847.44      2.13202e+6 
        3848.91      2.13552e+6 
        3850.38      2.13901e+6 
        3851.98      2.14283e+6 
        3853.31        2.146e+6 
        3854.64      2.14917e+6 
         3855.7       2.1517e+6 
         3857.3      2.15551e+6 
        3858.91      2.15933e+6 
        3862.01       2.1667e+6 
        3862.11      2.16695e+6 
        3862.22       2.1672e+6 
        3862.43       2.1677e+6 
        3862.85       2.1687e+6 
        3863.68       2.1707e+6 
        3865.17      2.17422e+6 
        3865.36      2.17469e+6 
        3865.56      2.17515e+6 
        3865.95      2.17608e+6 
        3866.73      2.17793e+6 
        3867.68      2.18017e+6 
        3868.29      2.18163e+6 
         3868.9      2.18309e+6 
        3870.13        2.186e+6 
        3871.32      2.18884e+6 
        3872.59      2.19183e+6 
        3873.85      2.19482e+6 
        3876.32      2.20069e+6 
        3876.37       2.2008e+6 
        3876.37      2.20081e+6 
        3876.37      2.20081e+6 
        3876.42      2.20093e+6 
        3876.52      2.20117e+6 
        3876.72      2.20164e+6 
        3876.95      2.20217e+6 
        3877.12      2.20259e+6 
        3877.92      2.20448e+6 
         3878.9       2.2068e+6 
        3880.29      2.21009e+6 
        3880.85      2.21142e+6 
        3881.42      2.21276e+6 
        3882.55      2.21542e+6 
         3884.4      2.21981e+6 
         3884.8      2.22076e+6 
        3884.92      2.22105e+6 
         3885.2      2.22171e+6 
        3886.01      2.22361e+6 
        3886.15      2.22394e+6 
         3887.1      2.22618e+6 
        3887.57      2.22729e+6 
        3888.04       2.2284e+6 
        3888.28      2.22896e+6 
        3888.52      2.22951e+6 
        3888.63      2.22978e+6 
        3888.75      2.23005e+6 
        3888.84      2.23026e+6 
        3888.87      2.23031e+6 
        3888.87      2.23032e+6 
         3888.9      2.23038e+6 
        3888.93      2.23044e+6 
        3888.99      2.23057e+6 
        3889.05       2.2307e+6 
        3889.11      2.23085e+6 
        3889.17        2.231e+6 
        3889.22      2.23116e+6 
        3889.29      2.23133e+6 
        3889.34      2.23145e+6 
        3889.39      2.23157e+6 
        3889.41      2.23161e+6 
        3889.45      2.23171e+6 
        3889.49      2.23182e+6 
        3889.58      2.23202e+6 
        3889.75      2.23243e+6 
        3890.05      2.23315e+6 
        3890.32      2.23378e+6 
        3890.47      2.23415e+6 
        3890.66      2.23459e+6 
           3891       2.2354e+6 
        3891.68      2.23702e+6 
        3892.89      2.23987e+6 
        3893.94      2.24234e+6 
        3894.46      2.24356e+6 
        3895.31      2.24557e+6 
        3896.22      2.24772e+6 
        3896.68      2.24879e+6 
        3898.89      2.25402e+6 
         3899.6      2.25569e+6 
        3901.57      2.26032e+6 
        3903.89      2.26578e+6 
        3904.25      2.26661e+6 
        3908.89      2.27752e+6 
        3913.89      2.28925e+6 
        3918.89      2.30184e+6 
        3923.89      2.31457e+6 
        3928.22      2.32556e+6 
        3928.35      2.32591e+6 
        3928.89      2.32727e+6 
        3929.56      2.32898e+6 
         3930.9      2.33238e+6 
        3933.45      2.33886e+6 
        3935.81      2.34482e+6 
        3937.35      2.34872e+6 
        3938.89      2.35261e+6 
        3940.04      2.35552e+6 
        3941.96      2.36038e+6 
        3943.88      2.36524e+6 
        3946.58      2.37203e+6 
        3947.73      2.37493e+6 
        3948.88      2.37783e+6 
        3950.65      2.38229e+6 
        3951.01       2.3832e+6 
        3951.19      2.38362e+6 
        3951.72      2.38497e+6 
        3952.78      2.38764e+6 
        3954.55      2.39208e+6 
        3957.31      2.39899e+6 
        3958.09      2.40096e+6 
        3958.62      2.40229e+6 
        3958.88      2.40293e+6 
        3960.45      2.40687e+6 
        3962.28      2.41144e+6 
        3965.74      2.42006e+6 
        3965.94      2.42057e+6 
        3966.15      2.42108e+6 
        3966.56       2.4221e+6 
        3966.68      2.42239e+6 
        3967.28       2.4239e+6 
        3967.38      2.42414e+6 
        3968.08      2.42588e+6 
        3968.71      2.42744e+6 
        3968.88      2.42786e+6 
        3969.05      2.42827e+6 
        3969.23      2.42873e+6 
        3969.29      2.42886e+6 
        3969.38      2.42909e+6 
        3969.53      2.42945e+6 
        3969.65      2.42973e+6 
        3969.77      2.43002e+6 
        3969.83      2.43016e+6 
        3969.89      2.43029e+6 
        3969.95      2.43041e+6 
        3970.01      2.43053e+6 
        3970.07      2.43066e+6 
        3970.13      2.43083e+6 
        3970.19      2.43101e+6 
        3970.25      2.43119e+6 
        3970.32      2.43139e+6 
        3970.37      2.43152e+6 
        3970.42      2.43166e+6 
        3970.43      2.43168e+6 
        3970.49      2.43185e+6 
        3970.52      2.43192e+6 
        3970.61      2.43216e+6 
         3970.8      2.43263e+6 
         3971.1       2.4334e+6 
        3971.33        2.434e+6 
        3971.59      2.43465e+6 
         3971.7      2.43492e+6 
        3972.06      2.43584e+6 
        3972.79      2.43768e+6 
        3973.99       2.4407e+6 
        3974.94      2.44306e+6 
         3976.4      2.44672e+6 
        3976.84      2.44784e+6 
        3977.86      2.45038e+6 
        3978.87      2.45292e+6 
        3979.58      2.45467e+6 
         3980.9      2.45799e+6 
        3982.23      2.46133e+6 
        3984.18      2.46624e+6 
        3984.88      2.46801e+6 
        3985.12       2.4686e+6 
        3985.59      2.46979e+6 
        3986.99      2.47332e+6 
        3988.87      2.47804e+6 
        3991.38      2.48432e+6 
        3992.62      2.48745e+6 
        3993.85      2.49053e+6 
        3993.87      2.49057e+6 
        3996.36      2.49679e+6 
        3998.87      2.50306e+6 
        4003.87      2.51551e+6 
        4008.87      2.52793e+6 
        4013.86      2.54051e+6 
        4018.86      2.55331e+6 
        4023.86      2.56607e+6 
        4025.34      2.56984e+6 
        4028.86      2.57879e+6 
        4032.38      2.58772e+6 
        4032.95      2.58915e+6 
        4033.86      2.59146e+6 
         4035.9      2.59662e+6 
        4038.86      2.60409e+6 
        4043.86      2.61667e+6 
        4048.86       2.6292e+6 
        4053.86      2.64167e+6 
        4058.85       2.6541e+6 
        4063.85      2.66648e+6 
        4068.85      2.67879e+6 
        4073.85      2.69105e+6 
        4075.42      2.69488e+6 
        4078.85      2.70323e+6 
        4082.28      2.71154e+6 
        4082.56      2.71222e+6 
           4084      2.71571e+6 
         4085.7       2.7198e+6 
        4088.84      2.72734e+6 
         4089.7      2.72936e+6 
        4093.69      2.73885e+6 
        4096.52      2.74552e+6 
        4097.68      2.74826e+6 
        4098.01      2.74903e+6 
        4098.68       2.7506e+6 
        4098.84      2.75098e+6 
        4099.68      2.75292e+6 
        4100.17      2.75407e+6 
        4100.67      2.75521e+6 
        4100.92      2.75576e+6 
        4101.17      2.75631e+6 
         4101.3      2.75657e+6 
        4101.42      2.75681e+6 
        4101.48      2.75692e+6 
        4101.55      2.75701e+6 
        4101.61      2.75707e+6 
        4101.67      2.75713e+6 
        4101.73      2.75723e+6 
         4101.8      2.75743e+6 
        4101.86      2.75767e+6 
        4101.92      2.75791e+6 
        4102.05      2.75832e+6 
         4102.3      2.75901e+6 
        4102.74      2.76018e+6 
        4102.79       2.7603e+6 
        4102.85      2.76043e+6 
        4102.94      2.76068e+6 
        4103.15      2.76119e+6 
         4103.3      2.76157e+6 
        4103.55      2.76219e+6 
        4103.79      2.76281e+6 
        4104.29      2.76405e+6 
        4104.78      2.76527e+6 
        4105.29      2.76651e+6 
        4105.79      2.76775e+6 
        4106.79      2.77022e+6 
        4108.68      2.77485e+6 
        4108.76      2.77504e+6 
         4108.8      2.77514e+6 
        4108.84      2.77524e+6 
        4108.86      2.77529e+6 
           4109      2.77565e+6 
        4109.32      2.77649e+6 
        4109.78      2.77768e+6 
         4110.7      2.78007e+6 
        4111.32      2.78166e+6 
        4112.55      2.78484e+6 
        4113.77        2.788e+6 
        4114.69      2.79036e+6 
        4116.23      2.79431e+6 
        4116.69       2.7955e+6 
        4117.77      2.79824e+6 
        4118.13      2.79916e+6 
        4118.84      2.80097e+6 
        4120.98      2.80642e+6 
        4123.84      2.81367e+6 
        4126.14      2.81949e+6 
        4128.84      2.82626e+6 
         4129.6      2.82819e+6 
        4131.53        2.833e+6 
        4133.83      2.83876e+6 
        4134.22      2.83972e+6 
        4138.83      2.85118e+6 
        4143.83      2.86351e+6 
        4148.83      2.87578e+6 
        4153.83      2.88797e+6 
        4158.83      2.90008e+6 
        4163.83      2.91213e+6 
        4168.82       2.9241e+6 
        4173.82        2.936e+6 
        4178.82      2.94783e+6 
        4183.82       2.9596e+6 
        4188.82      2.97129e+6 
        4193.82      2.98291e+6 
        4198.82      2.99447e+6 
        4203.81      3.00595e+6 
        4208.81      3.01751e+6 
        4213.81      3.02912e+6 
        4216.52      3.03538e+6 
        4217.24      3.03703e+6 
        4218.81      3.04065e+6 
         4221.1       3.0459e+6 
        4223.81       3.0521e+6 
        4224.95      3.05472e+6 
        4228.81      3.06348e+6 
        4233.81      3.07478e+6 
        4238.81      3.08599e+6 
        4243.81      3.09713e+6 
         4248.8      3.10818e+6 
         4253.8      3.11915e+6 
         4258.8      3.13003e+6 
         4263.8      3.14084e+6 
         4268.8      3.15155e+6 
         4273.8      3.16217e+6 
         4278.8      3.17269e+6 
        4283.79      3.18312e+6 
        4288.79      3.19346e+6 
        4293.79       3.2037e+6 
        4298.79      3.21379e+6 
        4303.79      3.22371e+6 
        4308.79      3.23314e+6 
        4313.79      3.24241e+6 
        4314.07      3.24291e+6 
        4318.78      3.25142e+6 
        4320.85      3.25507e+6 
         4323.5      3.25965e+6 
        4326.14      3.26415e+6 
        4326.48      3.26471e+6 
        4328.78      3.26854e+6 
        4330.23       3.2709e+6 
        4331.09      3.27228e+6 
        4331.15      3.27238e+6 
        4331.95      3.27367e+6 
        4333.66       3.2764e+6 
        4334.06      3.27703e+6 
        4336.17      3.28036e+6 
        4337.79       3.2829e+6 
        4338.22      3.28356e+6 
        4338.28      3.28366e+6 
        4338.78      3.28441e+6 
        4338.81      3.28447e+6 
        4339.34      3.28526e+6 
         4339.6       3.2856e+6 
        4339.87      3.28595e+6 
           4340      3.28607e+6 
        4340.13      3.28617e+6 
         4340.2      3.28617e+6 
        4340.26      3.28614e+6 
        4340.33      3.28601e+6 
         4340.4      3.28589e+6 
        4340.46      3.28589e+6 
        4340.53      3.28614e+6 
        4340.59      3.28651e+6 
        4340.66      3.28686e+6 
        4340.79      3.28739e+6 
        4341.01      3.28802e+6 
        4341.06      3.28815e+6 
         4341.1      3.28827e+6 
         4341.2      3.28852e+6 
        4341.23      3.28856e+6 
        4341.24      3.28859e+6 
         4341.4        3.289e+6 
        4341.58       3.2894e+6 
        4341.94      3.29022e+6 
        4342.64      3.29173e+6 
        4343.33      3.29324e+6 
        4343.57      3.29374e+6 
        4344.04      3.29478e+6 
        4344.75      3.29628e+6 
        4346.17      3.29933e+6 
        4348.58      3.30445e+6 
        4348.78      3.30486e+6 
        4348.98      3.30527e+6 
        4349.37      3.30612e+6 
        4350.17      3.30778e+6 
        4350.32       3.3081e+6 
        4351.76      3.31111e+6 
         4353.2       3.3141e+6 
        4354.73      3.31724e+6 
        4356.08      3.31997e+6 
        4356.08      3.31997e+6 
        4357.43      3.32267e+6 
        4358.77      3.32538e+6 
        4359.17      3.32616e+6 
        4361.47      3.33062e+6 
        4363.77      3.33508e+6 
        4367.98      3.34313e+6 
        4368.38      3.34385e+6 
        4368.52      3.34413e+6 
        4368.77       3.3446e+6 
        4369.56      3.34608e+6 
        4371.15      3.34906e+6 
        4373.77       3.3539e+6 
        4378.77      3.36304e+6 
        4383.77      3.37203e+6 
        4388.77      3.38092e+6 
        4393.77      3.38968e+6 
        4398.76      3.39832e+6 
        4403.76      3.40558e+6 
        4408.76      3.41224e+6 
        4413.76      3.41884e+6 
        4418.76       3.4254e+6 
        4423.76      3.43191e+6 
        4428.76      3.43838e+6 
        4433.75      3.44482e+6 
        4438.75      3.45123e+6 
        4443.75      3.45757e+6 
        4448.75      3.46389e+6 
        4453.75      3.47017e+6 
        4458.75      3.47639e+6 
        4463.75      3.48261e+6 
        4468.74      3.48877e+6 
        4473.74       3.4949e+6 
        4478.74      3.50099e+6 
        4483.74      3.50705e+6 
        4488.74      3.51309e+6 
        4493.74      3.51906e+6 
        4498.74      3.52587e+6 
        4503.74      3.53467e+6 
        4508.73      3.54337e+6 
        4513.73      3.55195e+6 
        4514.12      3.55261e+6 
        4518.73      3.56046e+6 
        4523.35      3.56819e+6 
        4527.19       3.5746e+6 
        4527.96      3.57586e+6 
        4528.73      3.57714e+6 
        4530.27      3.57966e+6 
        4532.97      3.58409e+6 
        4533.29      3.58462e+6 
        4533.35      3.58471e+6 
        4533.73      3.58534e+6 
        4534.49      3.58657e+6 
        4536.01      3.58905e+6 
        4538.73      3.59345e+6 
        4543.73      3.60146e+6 
        4548.72      3.60938e+6 
        4553.72      3.61717e+6 
        4558.72       3.6249e+6 
        4563.72      3.63253e+6 
        4568.72      3.64007e+6 
        4573.72      3.64751e+6 
        4578.72      3.65487e+6 
        4583.72      3.66215e+6 
        4588.71      3.66932e+6 
        4593.71      3.67642e+6 
        4596.53       3.6799e+6 
        4596.98      3.68047e+6 
        4598.71      3.68264e+6 
        4600.89      3.68525e+6 
        4603.71      3.68864e+6 
         4604.8      3.68996e+6 
        4608.71      3.69461e+6 
        4613.71      3.70051e+6 
         4618.7      3.70636e+6 
         4623.7      3.71217e+6 
         4628.7      3.71792e+6 
         4633.7       3.7236e+6 
         4638.7      3.72923e+6 
         4643.7      3.73482e+6 
         4648.7      3.74035e+6 
         4653.7      3.74582e+6 
        4658.69      3.75122e+6 
        4663.69      3.75659e+6 
        4668.69       3.7619e+6 
        4673.69      3.76718e+6 
        4678.69      3.77239e+6 
        4683.69      3.77755e+6 
        4688.69      3.78263e+6 
        4693.69      3.78757e+6 
        4698.68      3.79231e+6 
        4703.68      3.79699e+6 
        4708.68      3.80164e+6 
        4713.68      3.80623e+6 
         4715.6      3.80799e+6 
        4718.68      3.81078e+6 
        4720.98      3.81286e+6 
        4721.76      3.81355e+6 
        4723.68      3.81528e+6 
        4724.83      3.81631e+6 
        4728.68      3.81974e+6 
        4733.68      3.82414e+6 
        4738.67       3.8285e+6 
        4743.67      3.83281e+6 
        4748.67      3.83705e+6 
        4753.67      3.84126e+6 
        4758.67      3.84537e+6 
        4763.67      3.84949e+6 
        4768.67      3.85351e+6 
        4773.66      3.85744e+6 
        4778.66      3.86133e+6 
        4783.66      3.86513e+6 
        4788.66      3.86884e+6 
        4793.66      3.87239e+6 
        4798.66      3.87581e+6 
        4803.66      3.87908e+6 
        4808.65      3.88222e+6 
        4813.65      3.88514e+6 
        4818.65      3.88778e+6 
        4823.65      3.89011e+6 
        4828.65      3.89202e+6 
        4833.65      3.89338e+6 
        4834.97       3.8936e+6 
        4838.65      3.89397e+6 
        4839.16        3.894e+6 
        4842.32      3.89388e+6 
        4845.48      3.89331e+6 
         4845.5      3.89331e+6 
        4847.05      3.89287e+6 
        4848.64      3.89231e+6 
        4851.78      3.89093e+6 
        4854.39      3.88954e+6 
        4856.52      3.88844e+6 
         4858.4       3.8875e+6 
        4858.64      3.88741e+6 
        4858.66      3.88738e+6 
        4858.88      3.88728e+6 
        4859.36      3.88703e+6 
        4859.47      3.88697e+6 
        4860.06      3.88659e+6 
        4860.36      3.88631e+6 
        4860.66      3.88593e+6 
        4860.81      3.88565e+6 
        4860.95      3.88521e+6 
        4861.03      3.88489e+6 
         4861.1      3.88436e+6 
        4861.18      3.88361e+6 
        4861.25      3.88276e+6 
        4861.32      3.88229e+6 
         4861.4      3.88288e+6 
        4861.47      3.88383e+6 
        4861.54      3.88467e+6 
        4861.64      3.88543e+6 
        4861.69      3.88571e+6 
        4861.69      3.88571e+6 
        4861.69      3.88571e+6 
        4861.69      3.88574e+6 
        4861.74      3.88596e+6 
        4861.84      3.88637e+6 
        4861.98      3.88684e+6 
        4861.99      3.88684e+6 
        4862.28      3.88763e+6 
        4862.58      3.88832e+6 
         4862.6      3.88835e+6 
        4863.18      3.88954e+6 
        4863.73      3.89058e+6 
        4863.76      3.89064e+6 
        4864.93      3.89281e+6 
        4866.13      3.89507e+6 
        4868.41      3.89944e+6 
        4868.53      3.89966e+6 
        4868.64      3.89985e+6 
        4868.86      3.90029e+6 
        4869.32      3.90117e+6 
        4869.58      3.90167e+6 
        4870.22      3.90286e+6 
        4870.86      3.90409e+6 
        4872.13      3.90644e+6 
        4874.62      3.91091e+6 
        4874.69        3.911e+6 
        4874.75      3.91113e+6 
        4874.87      3.91131e+6 
        4875.12      3.91175e+6 
        4875.61       3.9126e+6 
        4876.61      3.91427e+6 
        4878.45      3.91722e+6 
        4878.54      3.91738e+6 
        4878.59      3.91744e+6 
        4878.64      3.91753e+6 
        4878.82      3.91782e+6 
        4879.19      3.91838e+6 
        4879.53      3.91889e+6 
        4879.92      3.91948e+6 
        4880.32      3.92008e+6 
        4880.94      3.92099e+6 
        4881.12      3.92127e+6 
        4882.71      3.92354e+6 
        4884.48      3.92592e+6 
         4887.4      3.92963e+6 
        4888.02      3.93038e+6 
        4888.63      3.93111e+6 
        4889.87      3.93255e+6 
        4891.06       3.9339e+6 
        4892.35      3.93528e+6 
        4893.63      3.93667e+6 
        4893.78      3.93682e+6 
         4896.2      3.93931e+6 
        4898.63      3.94166e+6 
        4903.34      3.94597e+6 
        4903.48      3.94609e+6 
        4903.63      3.94622e+6 
        4903.92      3.94647e+6 
         4904.5      3.94697e+6 
        4905.66      3.94795e+6 
        4907.33      3.94936e+6 
        4907.98      3.94989e+6 
        4908.63      3.95043e+6 
        4909.93       3.9515e+6 
        4911.43      3.95269e+6 
        4912.53      3.95354e+6 
        4913.01      3.95395e+6 
        4913.63      3.95442e+6 
        4915.55      3.95586e+6 
        4915.82      3.95608e+6 
        4918.24      3.95787e+6 
        4918.63      3.95816e+6 
         4921.7      3.96042e+6 
        4923.62      3.96177e+6 
        4925.16      3.96284e+6 
        4928.62      3.96522e+6 
        4933.62      3.96859e+6 
        4938.62      3.97185e+6 
        4943.62      3.97503e+6 
        4948.62      3.97814e+6 
        4953.62      3.98118e+6 
        4958.61      3.98417e+6 
        4963.61      3.98709e+6 
        4968.61      3.98998e+6 
        4973.61      3.99281e+6 
        4978.61       3.9956e+6 
        4983.61      3.99834e+6 
        4988.61      4.00094e+6 
        4993.61      4.00355e+6 
         4998.6       4.0061e+6 
         5003.6      4.00864e+6 
         5008.6      4.01112e+6 
         5013.6      4.01357e+6 
         5018.6      4.01602e+6 
         5023.6      4.01841e+6 
         5028.6      4.02077e+6 
         5033.6      4.02312e+6 
        5038.59      4.02542e+6 
        5043.59      4.02771e+6 
        5048.59      4.02994e+6 
        5053.59      4.03217e+6 
        5058.59      4.03437e+6 
        5063.59      4.03654e+6 
        5068.59      4.03867e+6 
        5073.58      4.04078e+6 
        5078.58      4.04288e+6 
        5083.58      4.04483e+6 
        5088.58      4.04669e+6 
        5093.58      4.04854e+6 
        5098.58      4.05036e+6 
        5103.58      4.05218e+6 
        5108.57      4.05394e+6 
        5113.57       4.0557e+6 
        5118.57      4.05743e+6 
        5123.57      4.05916e+6 
        5128.57      4.06085e+6 
        5133.57      4.06252e+6 
        5138.57      4.06415e+6 
        5143.57      4.06579e+6 
        5148.56      4.06739e+6 
        5153.56      4.06896e+6 
        5158.56      4.07053e+6 
        5163.56      4.07204e+6 
        5168.56      4.07358e+6 
        5173.56      4.07505e+6 
        5178.56       4.0765e+6 
        5183.56      4.07776e+6 
        5188.55      4.07901e+6 
        5193.55      4.08027e+6 
        5198.55      4.08149e+6 
        5203.55      4.08269e+6 
        5208.55      4.08388e+6 
        5213.55      4.08504e+6 
        5218.55      4.08618e+6 
        5223.54      4.08731e+6 
        5228.54      4.08844e+6 
        5233.54      4.08951e+6 
        5238.54      4.09057e+6 
        5243.54      4.09164e+6 
        5248.54      4.09268e+6 
        5253.54      4.09368e+6 
        5258.53      4.09469e+6 
        5263.53      4.09566e+6 
        5268.53      4.09661e+6 
        5273.53      4.09755e+6 
        5278.53      4.09902e+6 
        5283.53      4.10056e+6 
        5288.53      4.10204e+6 
        5293.52      4.10349e+6 
        5298.52      4.10493e+6 
        5303.52      4.10631e+6 
        5308.52       4.1077e+6 
        5313.52      4.10901e+6 
        5318.52      4.11033e+6 
        5323.52      4.11162e+6 
        5328.52      4.11285e+6 
        5333.52      4.11407e+6 
        5338.51      4.11527e+6 
        5343.51      4.11643e+6 
        5348.51      4.11756e+6 
        5353.51      4.11866e+6 
        5358.51      4.11973e+6 
        5363.51      4.12083e+6 
        5368.51      4.12186e+6 
         5373.5      4.12262e+6 
         5378.5      4.12299e+6 
         5383.5      4.12337e+6 
         5388.5      4.12375e+6 
         5393.5      4.12409e+6 
         5398.5      4.12441e+6 
         5403.5      4.12472e+6 
        5408.49      4.12504e+6 
        5413.49      4.12532e+6 
        5418.49      4.12557e+6 
        5423.49      4.12582e+6 
        5428.49      4.12607e+6 
        5433.49      4.12626e+6 
        5438.49      4.12648e+6 
        5443.48      4.12667e+6 
        5448.48      4.12683e+6 
        5453.48      4.12698e+6 
        5458.48      4.12711e+6 
        5463.48      4.12724e+6 
        5468.48      4.12736e+6 
        5473.48      4.12783e+6 
        5478.48      4.12827e+6 
        5483.48      4.12871e+6 
        5488.47      4.12912e+6 
        5493.47      4.12953e+6 
        5498.47      4.12991e+6 
        5503.47      4.13025e+6 
        5508.47       4.1306e+6 
        5513.47      4.13091e+6 
        5518.47      4.13123e+6 
        5523.46      4.13151e+6 
        5528.46      4.13179e+6 
        5533.46      4.13204e+6 
        5538.46      4.13226e+6 
        5543.46      4.13248e+6 
        5548.46      4.13267e+6 
        5553.46      4.13286e+6 
        5558.45      4.13302e+6 
        5563.45      4.13314e+6 
        5568.45      4.13327e+6 
        5573.45      4.13336e+6 
        5578.45      4.13342e+6 
        5583.45      4.13349e+6 
        5588.45      4.13355e+6 
        5593.44      4.13358e+6 
        5598.44      4.13358e+6 
        5603.44      4.13358e+6 
        5608.44      4.13355e+6 
        5613.44      4.13352e+6 
        5618.44      4.13346e+6 
        5623.44      4.13339e+6 
        5628.44       4.1333e+6 
        5633.43       4.1332e+6 
        5638.43      4.13308e+6 
        5643.43      4.13292e+6 
        5648.43      4.13277e+6 
        5653.43      4.13261e+6 
        5658.43      4.13242e+6 
        5663.43      4.13223e+6 
        5668.43      4.13204e+6 
        5673.42      4.13179e+6 
        5673.98      4.13176e+6 
        5678.42      4.13154e+6 
        5682.86      4.13129e+6 
         5686.2       4.1311e+6 
        5687.31      4.13104e+6 
        5687.86      4.13101e+6 
        5688.42      4.13097e+6 
        5690.64      4.13085e+6 
        5693.42      4.13069e+6 
        5698.42      4.13038e+6 
        5703.41      4.13003e+6 
        5704.77      4.12994e+6 
        5708.41      4.12969e+6 
        5708.88      4.12965e+6 
        5712.06      4.12944e+6 
        5713.41      4.12934e+6 
        5715.23      4.12918e+6 
        5718.41      4.12896e+6 
        5723.41      4.12856e+6 
        5728.41      4.12815e+6 
        5733.41      4.12774e+6 
        5738.41       4.1273e+6 
         5743.4      4.12686e+6 
         5748.4      4.12639e+6 
         5753.4      4.12592e+6 
         5758.4      4.12541e+6 
         5763.4      4.12457e+6 
         5768.4      4.12403e+6 
         5773.4       4.1235e+6 
         5778.4      4.12293e+6 
        5783.39      4.12237e+6 
        5788.39       4.1218e+6 
        5793.39       4.1212e+6 
        5798.39      4.12058e+6 
        5803.39      4.11998e+6 
        5808.39      4.11932e+6 
        5813.39      4.11869e+6 
        5818.39      4.11803e+6 
        5823.38      4.11734e+6 
        5828.38      4.11665e+6 
        5833.38      4.11596e+6 
        5838.38      4.11524e+6 
        5843.38      4.11451e+6 
        5848.38      4.11379e+6 
        5853.38        4.113e+6 
        5858.37      4.11225e+6 
        5863.37       4.1115e+6 
        5868.37      4.11068e+6 
        5873.37      4.10989e+6 
        5878.37      4.10908e+6 
        5883.37      4.10826e+6 
        5888.37      4.10741e+6 
        5893.36      4.10656e+6 
        5898.36      4.10572e+6 
        5903.36      4.10484e+6 
        5908.36      4.10393e+6 
        5913.36      4.10305e+6 
        5918.36      4.10213e+6 
        5923.36      4.10119e+6 
        5928.35      4.10025e+6 
        5933.35      4.09931e+6 
        5938.35      4.09836e+6 
        5943.35      4.09739e+6 
        5948.35      4.09639e+6 
        5953.35      4.09538e+6 
        5958.35      4.09437e+6 
        5963.35      4.09334e+6 
        5968.34       4.0923e+6 
        5973.34      4.09123e+6 
        5978.34      4.09017e+6 
        5983.34       4.0891e+6 
        5988.34        4.088e+6 
        5993.34       4.0869e+6 
        5998.34      4.08577e+6 
        6003.34      4.08464e+6 
        6008.33       4.0835e+6 
        6013.33      4.08237e+6 
        6018.33      4.08121e+6 
        6023.33      4.08002e+6 
        6028.33      4.07886e+6 
        6033.33      4.07766e+6 
        6038.32      4.07647e+6 
        6043.32      4.07524e+6 
        6048.32      4.07402e+6 
        6053.32      4.07279e+6 
        6058.32      4.07154e+6 
        6063.32      4.07028e+6 
        6068.32      4.06899e+6 
        6073.32      4.06773e+6 
        6078.31      4.06645e+6 
        6083.31      4.06513e+6 
        6088.31      4.06384e+6 
        6093.31      4.06249e+6 
        6098.31      4.06117e+6 
        6103.31      4.05982e+6 
        6108.31      4.05847e+6 
        6113.31      4.05712e+6 
         6118.3      4.05573e+6 
         6123.3      4.05435e+6 
         6128.3      4.05297e+6 
         6133.3      4.05155e+6 
         6138.3      4.05014e+6 
         6143.3      4.04873e+6 
         6148.3      4.04728e+6 
        6153.29      4.04584e+6 
        6158.29      4.04439e+6 
        6163.29      4.04292e+6 
        6168.29      4.04144e+6 
        6173.29      4.03993e+6 
        6178.29      4.03842e+6 
        6183.29      4.03692e+6 
        6188.28      4.03541e+6 
        6193.28      4.03387e+6 
        6198.28      4.03233e+6 
        6203.28      4.03079e+6 
        6208.28      4.02922e+6 
        6213.28      4.02765e+6 
        6218.28      4.02608e+6 
        6223.28      4.02447e+6 
        6228.27      4.02287e+6 
        6233.27      4.02127e+6 
        6238.27      4.01964e+6 
        6243.27        4.018e+6 
        6244.38      4.01766e+6 
        6248.27      4.01637e+6 
        6252.16      4.01508e+6 
        6253.82      4.01452e+6 
        6256.04      4.01379e+6 
        6258.27      4.01304e+6 
        6262.16      4.01175e+6 
        6262.71      4.01156e+6 
        6263.27      4.01137e+6 
        6264.37        4.011e+6 
        6264.91      4.01081e+6 
        6266.59      4.01024e+6 
        6268.26      4.00968e+6 
        6269.97      4.00911e+6 
        6271.61      4.00855e+6 
        6273.26      4.00798e+6 
        6274.85      4.00745e+6 
        6276.56      4.00685e+6 
        6278.26      4.00625e+6 
        6280.08      4.00566e+6 
        6281.67      4.00509e+6 
        6283.26      4.00456e+6 
        6284.63      4.00409e+6 
        6286.44      4.00346e+6 
        6288.26       4.0028e+6 
        6290.52      4.00201e+6 
        6291.89      4.00154e+6 
        6293.26      4.00107e+6 
        6293.73      4.00091e+6 
        6295.99       4.0001e+6 
        6298.26      3.99931e+6 
        6302.31      3.99787e+6 
        6302.78      3.99771e+6 
        6303.25      3.99752e+6 
        6303.92       3.9973e+6 
         6304.2      3.99721e+6 
        6306.09      3.99651e+6 
        6308.25      3.99576e+6 
        6311.92      3.99444e+6 
        6312.59      3.99419e+6 
        6313.25      3.99394e+6 
        6314.58      3.99347e+6 
        6316.22      3.99287e+6 
        6317.23      3.99252e+6 
        6317.31      3.99249e+6 
        6318.25      3.99215e+6 
        6320.28      3.99139e+6 
        6323.25      3.99033e+6 
        6328.25      3.98847e+6 
        6333.25      3.98662e+6 
        6338.24      3.98473e+6 
        6343.24      3.98285e+6 
        6348.24      3.98096e+6 
        6353.24      3.97902e+6 
        6358.24       3.9771e+6 
        6363.24      3.97512e+6 
        6368.24      3.97314e+6 
        6373.23      3.97113e+6 
        6378.23      3.96912e+6 
        6383.23      3.96705e+6 
        6388.23      3.96497e+6 
        6393.23      3.96287e+6 
        6398.23       3.9607e+6 
        6403.23      3.95853e+6 
        6408.23       3.9563e+6 
        6413.22      3.95404e+6 
        6418.22      3.95175e+6 
        6423.22      3.94939e+6 
        6428.22      3.94697e+6 
        6433.22      3.94452e+6 
        6438.22      3.94198e+6 
        6443.22      3.93934e+6 
        6448.22      3.93664e+6 
        6453.21      3.93381e+6 
        6458.21      3.93085e+6 
        6463.21      3.92781e+6 
        6468.21      3.92457e+6 
        6473.21      3.92118e+6 
        6478.21      3.91757e+6 
         6483.2       3.9137e+6 
         6488.2      3.90955e+6 
         6493.2      3.90506e+6 
         6498.2      3.90013e+6 
         6503.2      3.89473e+6 
         6508.2      3.88876e+6 
         6513.2      3.88203e+6 
         6518.2      3.87446e+6 
        6523.19      3.86586e+6 
        6523.72      3.86488e+6 
        6528.19      3.85602e+6 
        6532.67      3.84597e+6 
         6536.1      3.83739e+6 
        6537.14       3.8346e+6 
        6537.38      3.83397e+6 
        6538.19      3.83174e+6 
        6540.29      3.82577e+6 
        6543.19      3.81694e+6 
        6546.46      3.80629e+6 
        6546.72      3.80541e+6 
        6548.19      3.80038e+6 
        6549.92      3.79432e+6 
        6553.11      3.78279e+6 
        6554.43      3.77799e+6 
        6556.31      3.77107e+6 
        6556.87      3.76897e+6 
         6557.9       3.7651e+6 
        6558.19      3.76404e+6 
         6559.5      3.75885e+6 
         6560.3      3.75537e+6 
         6561.1      3.75125e+6 
         6561.5      3.74864e+6 
         6561.9      3.74522e+6 
        6562.09      3.74289e+6 
        6562.29      3.73953e+6 
        6562.39      3.73702e+6 
        6562.49      3.73334e+6 
        6562.59      3.72759e+6 
        6562.69      3.72115e+6 
        6562.79      3.71751e+6 
        6562.89      3.72103e+6 
        6562.99      3.72744e+6 
        6563.09      3.73312e+6 
        6563.29      3.73915e+6 
        6563.64      3.74409e+6 
        6563.69      3.74456e+6 
        6563.69      3.74456e+6 
        6563.69      3.74459e+6 
        6563.74      3.74506e+6 
        6563.84      3.74591e+6 
        6564.04      3.74739e+6 
        6564.29      3.74896e+6 
        6564.39      3.74949e+6 
        6564.44      3.74977e+6 
        6564.49      3.75002e+6 
        6564.69      3.75097e+6 
        6565.08       3.7527e+6 
        6565.64      3.75486e+6 
        6565.86      3.75568e+6 
        6566.09      3.75647e+6 
        6566.54      3.75794e+6 
        6566.69      3.75844e+6 
        6567.09       3.7597e+6 
        6567.44       3.7608e+6 
        6568.18      3.76306e+6 
        6569.28      3.76633e+6 
        6570.48      3.76988e+6 
        6571.48       3.7728e+6 
        6572.47      3.77569e+6 
        6573.27      3.77799e+6 
        6574.47      3.78141e+6 
        6575.67       3.7848e+6 
        6577.95      3.79102e+6 
        6578.06      3.79134e+6 
        6578.18      3.79162e+6 
        6578.41      3.79225e+6 
        6578.87      3.79344e+6 
        6579.79      3.79583e+6 
        6580.08      3.79655e+6 
        6581.63      3.80038e+6 
        6583.18      3.80403e+6 
        6584.38      3.80673e+6 
        6586.28      3.81081e+6 
        6587.91      3.81408e+6 
        6588.18      3.81458e+6 
        6588.44      3.81512e+6 
        6588.98      3.81609e+6 
        6590.04      3.81804e+6 
        6591.02      3.81977e+6 
        6592.17      3.82168e+6 
        6593.01      3.82304e+6 
        6593.31      3.82351e+6 
        6595.59       3.8269e+6 
        6598.17      3.83032e+6 
        6603.34      3.83604e+6 
        6613.66      3.84386e+6 
         6634.3      3.84993e+6 
        6654.94      3.84914e+6 
        6680.98      3.84349e+6 
        6696.23      3.83887e+6 
        6711.48      3.83365e+6 
        6741.98      3.82222e+6 
        6781.19       3.8062e+6 
        6802.98      3.79683e+6 
        6824.78      3.78728e+6 
        6868.37      3.76784e+6 
        6955.56      3.72744e+6 
        6976.35      3.71757e+6 
        7042.75      3.68553e+6 
        7109.15      3.65282e+6 
        7175.54      3.61987e+6 
        7241.94      3.58641e+6 
        7308.33      3.55248e+6 
        7355.95      3.52788e+6 
        7374.73       3.5183e+6 
        7393.51       3.5085e+6 
        7431.08      3.48905e+6 
        7506.22      3.44985e+6 
        7581.35      3.41029e+6 
         7635.1      3.38183e+6 
        7656.49      3.37046e+6 
        7677.88      3.35905e+6 
        7720.67      3.33647e+6 
        7806.23      3.29113e+6 
        7821.36      3.28309e+6 
         7891.8      3.24561e+6 
        7962.25      3.20804e+6 
        7982.84      3.19714e+6 
        8032.69      3.17068e+6 
        8082.55      3.14426e+6 
        8161.68      3.10248e+6 
        8182.26      3.09161e+6 
        8200.85      3.08181e+6 
        8202.85      3.08075e+6 
        8204.85       3.0797e+6 
        8208.85       3.0776e+6 
        8216.85       3.0734e+6 
        8232.84      3.06501e+6 
        8264.83      3.04824e+6 
        8289.72      3.03521e+6 
        8328.82      3.01474e+6 
        8343.44       3.0071e+6 
        8367.92      2.99431e+6 
        8371.47      2.99246e+6 
        8388.68      2.98353e+6 
        8392.39       2.9816e+6 
        8408.65      2.97318e+6 
        8413.32      2.97075e+6 
        8432.02      2.96106e+6 
        8437.95      2.95799e+6 
        8467.25      2.94283e+6 
        8473.98      2.93936e+6 
        8502.48      2.92464e+6 
        8516.58      2.91736e+6 
        8530.98      2.90994e+6 
        8545.38      2.90258e+6 
        8549.97      2.90024e+6 
        8574.18      2.88788e+6 
        8598.39      2.87555e+6 
         8628.6      2.86018e+6 
        8646.81      2.85093e+6 
        8652.39       2.8481e+6 
        8665.01      2.84169e+6 
        8685.59      2.83133e+6 
        8701.43      2.82331e+6 
        8750.47      2.79856e+6 
        8767.92      2.78977e+6 
        8815.35      2.76595e+6 
        8862.78      2.74246e+6 
        8900.38      2.72391e+6 
        8957.65      2.69577e+6 
        9014.91      2.66777e+6 
        9044.62      2.65331e+6 
        9072.17      2.63994e+6 
        9099.72      2.62661e+6 
        9154.81      2.60033e+6 
         9190.8      2.58324e+6 
         9209.9       2.5742e+6 
        9229.01      2.56517e+6 
        9267.22      2.54718e+6 
         9303.2       2.5303e+6 
        9343.64      2.51142e+6 
        9384.08      2.49263e+6 
        9464.96       2.4557e+6 
        9545.72      2.41917e+6 
        9545.84      2.41912e+6 
        9545.97      2.41906e+6 
        9546.21      2.41895e+6 
        9546.69      2.41874e+6 
        9546.87      2.41866e+6 
        9547.66       2.4183e+6 
        9549.59      2.41743e+6 
        9553.47      2.41569e+6 
        9561.21      2.41222e+6 
        9576.69      2.40527e+6 
        9607.66      2.39142e+6 
        9668.45       2.3644e+6 
        9729.24      2.33787e+6 
        9790.04      2.31154e+6 
        9850.83      2.28544e+6 
        9870.42      2.27708e+6 
        9911.62      2.25956e+6 
        9952.82      2.24215e+6 
        10021.1      2.21382e+6 
        10035.2      2.20798e+6 
        10049.4      2.20215e+6 
        10077.7      2.19054e+6 
        10134.2      2.16746e+6 
        10144.5       2.1633e+6 
        10190.8      2.14457e+6 
        10237.2      2.12597e+6 
        10329.9      2.09006e+6 
        10422.6      2.05463e+6 
        10515.3       2.0197e+6 
          10608      1.98526e+6 
        10700.7      1.95133e+6 
        10793.4       1.9179e+6 
        10834.1      1.90337e+6 
        10886.1      1.88496e+6 
        10938.1       1.8667e+6 
        10990.1      1.84865e+6 
          11042      1.83074e+6 
          11094      1.81299e+6 
          11146       1.7954e+6 
          11198      1.77796e+6 
          11239      1.76431e+6 
          11250      1.76068e+6 
        11260.9      1.75706e+6 
        11282.8      1.75014e+6 
        11326.6      1.73638e+6 
        11414.2      1.70914e+6 
        11501.8      1.68229e+6 
        11589.4      1.65581e+6 
          11677      1.62973e+6 
        11764.6      1.60404e+6 
        11852.2      1.57873e+6 
        11939.8      1.55381e+6 
        12027.4      1.52926e+6 
          12115       1.5051e+6 
        12120.6      1.50357e+6 
        12202.6      1.48131e+6 
        12284.6      1.45938e+6 
        12366.6      1.43885e+6 
        12448.7      1.41859e+6 
        12530.7       1.3986e+6 
        12612.7      1.37887e+6 
        12694.7      1.35939e+6 
        12735.4      1.34981e+6 
        12776.7      1.34012e+6 
        12818.1      1.33049e+6 
        12900.8      1.31167e+6 
        12983.5      1.29306e+6 
        13066.2      1.27469e+6 
        13148.9      1.25656e+6 
        13154.8      1.25528e+6 
        13231.6      1.23869e+6 
        13308.4      1.22233e+6 
        13385.1      1.20724e+6 
        13461.9      1.19232e+6 
        13538.7      1.17757e+6 
        13615.5        1.163e+6 
        13692.3       1.1486e+6 
        13769.1      1.13437e+6 
        13845.9      1.12031e+6 
        13922.7      1.10642e+6 
        13999.5       1.0927e+6 
        14076.2      1.07915e+6 
          14153      1.06576e+6 
        14229.8      1.05254e+6 
        14281.2      1.04379e+6 
        14306.6      1.03948e+6 
        14332.1      1.03519e+6 
          14383      1.02703e+6 
        14410.1       1.0227e+6 
        14427.1      1.02001e+6 
        14433.9      1.01893e+6 
        14457.6      1.01517e+6 
        14505.2      1.00778e+6 
        14581.2          996036 
        14583.2          995731 
        14585.2          995426 
        14589.2          994839 
        14597.2          993667 
        14613.2          991330 
        14645.2          986667 
        14709.2          977397 
        14773.2          968198 
        14837.1          959069 
        14901.1          950014 
        14965.1          941036 
        15029.1          932129 
        15093.1          923298 
        15157.1          914536 
          15221          905850 
          15285          897242 
          15349          888706 
          15413          880246 
        15471.6          872562 
          15477          871855 
        15482.4          871151 
        15493.1          869728 
        15514.7          866888 
        15557.9          861230 
        15644.2          850014 
        15730.5          838937 
        15816.8          827992 
        15903.1          817175 
        15989.4          806491 
        16075.8          795944 
        16162.1          785533 
        16248.4          775248 
        16289.9          770353 
        16334.7          765097 
        16379.5          759879 
        16469.1          747240 
        16558.8          734853 
        16648.4          722714 
          16738          710820 
        16827.7          699158 
        16917.3          687729 
        17006.9          676526 
        17096.6          665540 
        17186.2          654774 
        17275.8          644215 
        17327.7          638202 
        17365.5          633867 
        17403.2          629563 
        17478.8          621055 
        17554.3          612689 
        17629.9          604458 
        17705.4          596362 
          17781          588395 
        17856.5          580557 
        17932.1          572847 
        18007.6          565085 
        18083.2          557589 
        18158.7          550203 
        18234.3          542924 
        18309.8          535736 
        18343.7          532535 
        18385.3          528633 
          18427          524753 
        18510.2          517034 
        18593.4          509346 
        18602.1          508545 
        18676.6          501687 
        18751.1          495011 
        18825.6          489067 
        18900.2          483277 
        18974.7          477481 
        19049.2          471682 
        19123.7          465908 
        19198.3          460177 
        19272.8          454510 
        19347.3          448912 
          19393          445512 
        19421.9          443382 
        19450.7          441268 
        19508.3          437068 
        19565.9          433012 
        19623.6          428893 
        19681.2          424822 
        19738.8          420797 
        19796.5          416820 
        19854.1          412887 
        19911.7          409001 
        19969.4          405159 
          20027          401364 
        20084.6          397609 
        20142.3          393896 
        20199.9          390230 
        20257.5          386601 
        20315.2          383017 
        20372.8          379470 
        20386.4          378637 
        20430.4          375967 
        20474.4          373319 
        20562.3          368094 
        20650.3          362958 
        20738.2          357909 
        20826.2          352949 
        20914.1          348070 
        21002.1          343276 
          21090          338560 
        21177.9          333923 
        21265.9          329368 
        21353.8          324885 
        21441.8          320477 
        21529.7          316145 
        21604.7          312506 
        21617.7          311882 
        21630.6          311261 
        21656.5          310021 
        21708.4          307562 
        21760.2          305126 
          21812          302714 
        21863.8          300325 
        21915.7          297960 
        21967.5          295617 
        22019.3          293297 
        22071.1          290999 
          22123          288723 
        22174.8          286469 
        22226.6          284237 
        22278.4          282026 
        22330.3          279836 
        22382.1          277667 
        22433.9          275519 
        22485.8          273391 
        22537.6          271283 
        22589.4          269196 
        22641.2          267127 
        22693.1          265079 
        22702.9          264691 
        22744.9          263050 
        22784.8          261498 
        22786.8          261421 
        22788.8          261344 
        22792.8          261189 
        22800.8          260881 
        22816.8          260265 
        22848.8          259038 
        22912.8          256607 
        22976.8          254204 
        23040.8          251828 
        23104.8          249480 
        23168.7          247158 
        23232.7          244863 
        23296.7          242594 
        23360.7          240351 
        23424.7          238134 
        23488.6          235941 
        23552.6          233774 
        23616.6          231631 
        23680.6          229512 
        23744.6          227417 
        23808.6          225346 
        23872.5          223297 
        23936.5          221272 
        24000.5          219269 
        24064.5          217289 
        24128.5          215330 
        24192.5          213394 
        24256.4          211479 
        24320.4          209584 
        24384.4          207711 
        24448.4          205858 
        24512.4          204026 
        24576.3          202214 
        24640.3          200421 
        24704.3          198649 
        24768.3          196895 
        24832.3          195160 
        24896.3          193445 
        24960.2          191747 
        25004.4          190586 
        25024.2          190069 
          25044          189553 
        25083.6          188528 
        25162.8          186497 
        25241.9          184493 
        25321.1          182516 
        25400.2          180566 
        25479.4          178640 
        25558.5          176740 
        25637.7          174865 
        25716.9          173015 
          25796          171188 
        25875.2          169386 
        25954.3          167606 
        26033.5          165850 
        26112.7          164116 
        26191.8          162405 
          26271          160716 
        26350.1          159048 
        26429.3          157402 
        26508.4          155777 
        26587.6          154173 
        26666.8          152588 
        26745.9          151025 
        26825.1          149480 
        26904.2          147955 
        26983.4          146450 
        27062.6          144963 
        27141.7          143495 
        27142.5          143479 
        27220.9          142045 
        27299.2          140628 
        27377.5          139230 
        27455.8          137848 
        27534.2          136484 
        27612.5          135136 
        27690.8          133805 
        27769.1          132489 
        27847.5          131190 
        27925.8          129906 
        28004.1          128638 
        28082.4          127386 
        28160.8          126148 
        28239.1          124925 
        28317.4          123717 
        28395.7          122523 
          28474          121343 
        28552.4          120178 
        28630.7          119026 
          28709          117888 
        28787.3          116763 
        28865.7          115651 
          28944          114553 
        29022.3          113468 
        29100.6          112395 
          29179          111335 
        29257.3          110287 
        29335.6          109251 
        29413.9          108228 
        29492.3          107216 
        29570.6          106216 
        29648.9          105227 
        29727.2          104250 
        29805.5          103284 
        29883.9          102329 
        29932.6          101741 
        29962.2          101385 
        29991.8          101031 
