# Koester WD models
# teff = 5000 K (value for the effective temperature for the model. Temperatures are given in K)
# logg = 7.75 log(cm/s2) (value for Log(G) for the model.)
#
# column 1: WAVELENGTH (ANGSTROM), Wavelength in Angstrom
# column 2: FLUX (ERG/CM2/S/A), Flux in erg/cm2/s/A
         899.23     0.000140481 
        900.777     0.000148747 
        902.325     0.000157466 
        903.509      0.00016446 
        903.584     0.000164915 
        903.872     0.000166661 
        904.235     0.000168889 
        904.961     0.000173428 
        904.999     0.000173667 
        906.413     0.000182851 
        907.827     0.000192489 
         908.45     0.000196885 
        909.241     0.000202599 
        910.032     0.000208468 
        911.193     0.000217375 
        911.613     0.000220687 
        912.034     0.000224045 
        912.465     0.000227541 
        912.875     0.000230906 
        913.037     0.000232252 
        913.241     0.000233957 
        913.284     0.000234318 
        913.478     0.000235952 
        913.531       0.0002364 
        913.755     0.000238296 
        913.822     0.000238868 
         914.08     0.000241083 
        914.165     0.000241817 
        914.499     0.000244723 
        914.575     0.000245388 
        915.071     0.000249764 
         915.54     0.000253978 
        915.609     0.000254594 
        915.643     0.000254903 
        915.677     0.000255212 
        915.741     0.000255794 
        915.813     0.000256452 
        916.085     0.000258948 
        916.429     0.000262138 
        916.858     0.000266158 
        917.118     0.000268628 
        917.196     0.000269373 
        917.378     0.000271119 
        917.899     0.000276167 
        917.952     0.000276686 
        918.287      0.00027999 
        918.602     0.000283121 
        919.251     0.000289695 
        920.215     0.000299712 
        921.882       0.0003178 
        921.999     0.000319107 
        922.143     0.000320725 
        922.405     0.000323675 
         922.81     0.000328306 
        923.621     0.000337749 
        925.001     0.000354416 
        925.242     0.000357406 
        925.484     0.000360419 
        925.564     0.000361428 
        925.966     0.000366517 
        926.164     0.000369027 
        926.369     0.000371619 
        927.173     0.000381851 
        927.276     0.000383152 
        928.182     0.000394967 
        928.917     0.000404577 
         928.98      0.00040563 
        929.089     0.000407487 
        929.261     0.000410386 
        929.317     0.000411294 
        929.543     0.000414797 
        929.655     0.000416428 
        929.769     0.000418071 
        929.827     0.000418906 
        929.883     0.000419717 
         929.91     0.000420106 
        929.939     0.000420527 
        929.954     0.000420744 
        929.968     0.000420948 
        929.982     0.000421149 
        929.996     0.000421354 
         930.01     0.000421558 
        930.024     0.000421762 
        930.038     0.000421963 
        930.052     0.000422167 
        930.081     0.000422591 
        930.137     0.000423405 
        930.201     0.000424341 
        930.247     0.000425014 
        930.249     0.000425045 
        930.251     0.000425073 
        930.301     0.000425805 
        930.326     0.000426157 
        930.329     0.000426201 
        930.402     0.000427272 
        930.478     0.000428369 
         930.63     0.000430458 
        930.931     0.000434105 
        931.229     0.000437464 
         931.49     0.000440454 
        931.534     0.000440982 
        931.838      0.00044478 
        932.447     0.000452826 
        933.265     0.000465194 
        933.403     0.000467394 
        933.432      0.00046784 
        933.542     0.000469612 
        933.652     0.000471402 
        933.872     0.000475043 
        933.973     0.000476737 
        934.073     0.000478427 
        934.312     0.000482564 
        934.316     0.000482633 
        934.652     0.000488624 
         935.23     0.000499727 
        935.688     0.000509218 
        936.144     0.000519082 
        936.372     0.000523741 
        936.601     0.000528033 
        936.714     0.000530072 
        936.829     0.000532145 
        936.887     0.000533191 
        936.944     0.000534225 
        936.973     0.000534749 
        937.001     0.000535258 
        937.015     0.000535513 
        937.029     0.000535767 
        937.043     0.000536022 
        937.058     0.000536292 
        937.072     0.000536549 
        937.086     0.000536804 
        937.101     0.000537077 
        937.115     0.000537332 
        937.143     0.000537841 
          937.2     0.000538881 
        937.314     0.000540967 
        937.493     0.000544256 
        937.542     0.000545154 
        937.593     0.000546075 
        937.694     0.000547847 
        937.788     0.000549436 
        937.894     0.000551126 
            938     0.000552757 
        938.212      0.00055577 
        938.359     0.000557859 
        938.556     0.000560617 
        938.636     0.000561764 
        938.914     0.000565942 
        939.271     0.000571679 
        939.986     0.000584588 
         940.58      0.00059623 
         940.66     0.000597851 
        940.675     0.000598159 
          940.7     0.000598671 
         940.74     0.000599488 
        940.787     0.000600453 
        940.901     0.000602777 
        941.221     0.000609466 
        941.861     0.000623025 
        943.048     0.000648453 
        943.457     0.000657322 
        944.382     0.000677506 
        945.308     0.000698301 
        946.233     0.000720845 
        947.158     0.000746615 
        947.621     0.000760778 
        948.083     0.000774824 
        948.314     0.000781339 
        948.546     0.000787462 
        948.661     0.000790462 
        948.777     0.000793494 
        948.835     0.000795015 
        948.893     0.000796538 
        948.922     0.000797302 
        948.951     0.000798065 
        948.966     0.000798461 
         948.98     0.000798828 
        948.994     0.000799199 
        949.009     0.000799595 
        949.023     0.000799966 
        949.037     0.000800333 
        949.052     0.000800729 
        949.066       0.0008011 
        949.095     0.000801866 
        949.153     0.000803403 
         949.23     0.000805445 
        949.258     0.000806189 
        949.269     0.000806481 
         949.28     0.000806774 
         949.33     0.000808106 
         949.36     0.000808907 
         949.43     0.000810776 
          949.5     0.000812645 
         949.64     0.000816355 
        949.795     0.000820295 
        949.879     0.000822365 
        949.921     0.000823367 
        949.963     0.000824357 
        950.047     0.000826267 
        950.131     0.000828158 
        950.467     0.000835353 
        950.888     0.000844224 
        951.728     0.000864111 
          952.4     0.000882411 
        952.569     0.000887308 
        952.738      0.00089231 
        953.076     0.000902658 
        953.753     0.000924018 
        954.198     0.000938739 
        955.106     0.000969885 
        956.014      0.00100211 
         956.37      0.00101493 
         957.83      0.00106916 
        958.148      0.00108129 
        959.289      0.00112502 
         960.43      0.00116993 
        961.192       0.0012007 
        962.712      0.00126381 
        963.468      0.00129612 
        964.231       0.0013293 
         965.75      0.00139725 
        966.767      0.00144438 
        968.032      0.00150486 
        968.668      0.00153587 
        968.979       0.0015512 
        969.297      0.00156697 
        969.927      0.00159832 
        970.401      0.00162161 
        970.638      0.00163259 
        970.874      0.00164226 
        970.992      0.00164618 
         971.11      0.00164893 
         971.23      0.00164961 
        971.348      0.00164674 
        971.466      0.00163968 
        971.535      0.00163535 
        971.567      0.00163425 
        971.584      0.00163413 
        971.635      0.00163691 
        971.644      0.00163808 
        971.703      0.00164956 
        971.732      0.00165613 
        971.762      0.00166082 
        971.778      0.00166212 
        971.792      0.00166289 
        971.806      0.00166362 
        971.821      0.00166441 
        971.827      0.00166472 
        971.833      0.00166503 
        971.836      0.00166519 
        971.839      0.00166535 
        971.851      0.00166597 
        971.866      0.00166676 
         971.88      0.00166749 
         971.91      0.00166881 
        971.969      0.00166451 
        972.037      0.00165812 
        972.087      0.00165985 
        972.137      0.00166607 
         972.15      0.00166778 
        972.237      0.00168303 
        972.324       0.0016975 
        972.499      0.00171959 
        972.548      0.00172457 
        972.673      0.00173551 
        972.798      0.00174508 
        973.048      0.00176192 
        973.351      0.00178059 
        973.548      0.00179241 
        973.746       0.0018041 
         974.14      0.00182726 
        974.217      0.00183175 
        974.821      0.00186721 
        974.928      0.00187353 
         975.64      0.00191598 
        977.063      0.00200327 
        979.305      0.00214809 
        981.547      0.00230255 
        983.653      0.00245654 
        983.788      0.00246673 
        983.923      0.00247695 
        984.194      0.00249751 
        984.734       0.0025391 
        985.011      0.00256068 
        985.815      0.00262419 
        986.618      0.00268913 
        987.139      0.00273196 
        988.225      0.00282344 
        989.312      0.00291774 
        991.486      0.00311512 
        993.439      0.00330294 
        993.659      0.00332475 
         993.88      0.00334671 
         994.32        0.003391 
          995.2       0.0034812 
        995.477      0.00350994 
        996.962      0.00366831 
        997.574      0.00373554 
        997.806       0.0037613 
        998.447      0.00383325 
        999.319      0.00393327 
        999.435      0.00394675 
        1001.06      0.00414056 
        1002.69      0.00434313 
        1004.32      0.00455487 
        1005.84      0.00476002 
        1005.95       0.0047761 
        1007.58      0.00500723 
        1009.33      0.00526628 
        1011.07      0.00553765 
         1011.3      0.00557472 
        1012.82      0.00582194 
        1014.33      0.00607936 
        1015.38      0.00626402 
        1015.84      0.00634746 
        1017.36      0.00662622 
        1017.62      0.00667632 
        1019.33      0.00700751 
        1021.04      0.00735315 
        1022.47      0.00765113 
        1022.76      0.00771088 
        1023.04      0.00776991 
        1023.19      0.00779982 
        1023.54       0.0078684 
        1023.62      0.00788182 
        1023.79      0.00791336 
        1024.04      0.00794945 
        1024.17      0.00796321 
        1024.29      0.00796815 
        1024.41      0.00796617 
        1024.54      0.00794594 
        1024.74       0.0078941 
        1024.77      0.00789033 
        1024.79      0.00789143 
        1024.84      0.00790663 
        1024.85      0.00791326 
        1024.91      0.00796548 
        1024.95      0.00799479 
        1024.98      0.00801452 
        1024.99      0.00801992 
        1025.01      0.00802394 
        1025.03      0.00802752 
        1025.04      0.00803088 
        1025.06       0.0080345 
        1025.07      0.00803808 
        1025.09      0.00804144 
         1025.1      0.00804505 
        1025.13      0.00805184 
         1025.2      0.00804333 
        1025.27      0.00801028 
        1025.32      0.00800883 
        1025.37      0.00802642 
        1025.47       0.0080934 
        1025.52       0.0081317 
        1025.57      0.00816893 
        1025.62      0.00820405 
        1025.72      0.00826405 
        1025.77      0.00828963 
        1025.92      0.00835557 
        1026.07      0.00841014 
        1026.37       0.0085041 
        1026.67      0.00858698 
        1026.86        0.008639 
        1026.96      0.00866593 
        1027.07      0.00869254 
        1027.28      0.00874563 
        1027.69      0.00885081 
        1027.98      0.00892366 
        1028.53       0.0090596 
         1028.8      0.00912799 
        1029.07      0.00919704 
        1029.34       0.0092665 
        1029.88      0.00940678 
        1030.96      0.00969294 
        1033.08       0.0102741 
        1033.13       0.0102888 
        1033.19       0.0103035 
        1033.23       0.0103157 
        1033.29       0.0103329 
         1033.5       0.0103921 
        1033.91       0.0105113 
        1034.75       0.0107534 
        1036.27       0.0112082 
        1037.78       0.0116807 
        1039.17        0.012129 
        1039.26       0.0121573 
         1039.3       0.0121714 
        1039.34       0.0121856 
         1039.5       0.0122385 
        1039.52       0.0122425 
        1039.86        0.012357 
        1040.55       0.0125888 
        1041.92       0.0130647 
        1044.35       0.0139422 
        1046.77       0.0148738 
        1049.03       0.0157953 
        1049.19       0.0158625 
        1049.35       0.0159299 
        1049.67       0.0160656 
        1050.31       0.0163402 
        1051.59       0.0169025 
        1053.95       0.0179862 
        1054.15       0.0180809 
        1054.35       0.0181761 
        1054.75       0.0183678 
        1054.95       0.0184644 
        1055.55       0.0187569 
        1057.15        0.019558 
        1059.36       0.0207109 
        1061.56       0.0219259 
        1063.16       0.0228505 
        1063.76       0.0232063 
        1064.36       0.0235673 
        1065.56       0.0243046 
        1066.56       0.0249353 
        1067.96       0.0258435 
        1069.36       0.0267821 
        1069.96        0.027194 
        1072.16       0.0287541 
        1074.36        0.030396 
        1076.56       0.0321237 
        1078.16       0.0334363 
        1078.69       0.0338764 
        1078.76       0.0339411 
        1078.98       0.0341246 
        1079.36       0.0344529 
        1080.57       0.0354975 
        1080.71       0.0356269 
        1082.44       0.0371892 
        1084.17       0.0388147 
         1085.9       0.0405049 
        1087.64       0.0422623 
        1089.32       0.0440366 
        1089.37       0.0440894 
        1089.42       0.0441444 
        1089.52       0.0442525 
        1089.72       0.0444689 
        1090.12       0.0449053 
        1090.67       0.0455113 
        1090.92       0.0457893 
        1092.52       0.0476058 
        1094.37       0.0497886 
        1096.22       0.0520625 
        1096.77       0.0527568 
        1098.07       0.0544312 
        1099.37       0.0561547 
        1099.57       0.0564243 
        1101.97       0.0597506 
        1104.37        0.063256 
        1106.78       0.0669483 
        1108.98       0.0705052 
        1109.18       0.0708369 
        1109.38         0.07117 
        1109.78       0.0718416 
        1109.98       0.0721797 
        1110.58       0.0732026 
        1112.18       0.0759948 
        1114.38       0.0799937 
        1116.58       0.0841846 
        1118.18       0.0873576 
        1118.68       0.0883796 
        1118.78       0.0885756 
        1119.38       0.0898087 
        1120.08       0.0912592 
        1121.47       0.0942242 
        1123.78       0.0993353 
        1124.25         0.10042 
        1124.73        0.101515 
        1125.68        0.103736 
        1125.79        0.103991 
        1127.08        0.107065 
        1127.59        0.108314 
        1129.38          0.1128 
        1131.69        0.118815 
        1132.46        0.120886 
           1134        0.125121 
        1135.54        0.129488 
        1137.85        0.136294 
        1138.62        0.138638 
        1139.39        0.141018 
        1140.93        0.145888 
        1143.63        0.154792 
        1143.95        0.155878 
        1144.01        0.156083 
        1144.39        0.157383 
        1145.15        0.160015 
        1146.67        0.165392 
        1149.39        0.175417 
        1149.83        0.177085 
        1152.11        0.185967 
        1153.95        0.193411 
        1154.39        0.195221 
        1156.67         0.20481 
        1159.39        0.216698 
        1159.83         0.21866 
        1162.11        0.229053 
        1164.39        0.239738 
        1168.52        0.259769 
        1168.95        0.261951 
        1169.39        0.264146 
        1169.68        0.265554 
        1170.28        0.268583 
        1172.04        0.277569 
         1174.4         0.29026 
        1176.76        0.304159 
        1178.84        0.317401 
        1178.98        0.318347 
        1179.12        0.319264 
         1179.4         0.32114 
        1179.96        0.324938 
        1180.62        0.329427 
        1180.94         0.33163 
        1182.89        0.345503 
        1183.05        0.346659 
        1185.17        0.362263 
        1187.29        0.378383 
         1189.4        0.395102 
        1191.52        0.412472 
        1192.86        0.423901 
        1193.63        0.430565 
         1194.4        0.437322 
        1195.94        0.451114 
        1198.63        0.476096 
        1199.02        0.479778 
        1199.04        0.479951 
         1199.4        0.483488 
        1200.17        0.490996 
        1201.72        0.506415 
         1204.4        0.534586 
        1204.77         0.53857 
        1207.09        0.564283 
        1208.48        0.580218 
         1209.4        0.590902 
        1210.33        0.601706 
        1211.64        0.617326 
        1212.16        0.623647 
        1212.69        0.630024 
        1213.61        0.641328 
        1213.74        0.642952 
        1213.81        0.643731 
        1213.88        0.644576 
        1214.14         0.64784 
        1214.17        0.648265 
        1214.47        0.651975 
        1214.62        0.653835 
        1214.76        0.655701 
        1214.84        0.656634 
        1214.91         0.65757 
        1214.95        0.658038 
        1214.98        0.658509 
           1215        0.658748 
        1215.02        0.658977 
        1215.04        0.659207 
        1215.06        0.659445 
        1215.08        0.659675 
         1215.1        0.659904 
        1215.11        0.660146 
        1215.13        0.660372 
        1215.17        0.660843 
        1215.24        0.661786 
        1215.39        0.663671 
        1215.64        0.666819 
        1215.69         0.66746 
        1215.74        0.668101 
         1215.8        0.668845 
        1215.84        0.669385 
        1216.04        0.671962 
        1216.06         0.67231 
        1216.28        0.675091 
        1216.76        0.681393 
        1217.46        0.690582 
        1218.32        0.701935 
        1218.86        0.709287 
        1218.98        0.710958 
        1219.41         0.71666 
        1219.83        0.722353 
         1220.1        0.726066 
        1220.67          0.7337 
        1222.36         0.75632 
        1224.62        0.787333 
        1226.88        0.819959 
        1228.86        0.850036 
        1229.13        0.854309 
        1229.41        0.858604 
        1229.74        0.863658 
        1229.96        0.867133 
        1230.18        0.870636 
        1230.62        0.877698 
        1231.49        0.892011 
        1231.69        0.895348 
        1233.24        0.921338 
        1234.79        0.948089 
        1236.38        0.976253 
        1237.89         1.00388 
        1239.41         1.03214 
        1240.47         1.05237 
        1242.44         1.09099 
        1244.41         1.13094 
        1247.29         1.19182 
        1248.35         1.21497 
        1248.65         1.22159 
        1249.41         1.23852 
        1251.53         1.28687 
        1254.41         1.35527 
        1255.17         1.37386 
        1257.29         1.42691 
        1259.41         1.48185 
        1261.53         1.53887 
        1262.89         1.57648 
        1263.65         1.59789 
        1264.41         1.61961 
        1265.93         1.66397 
        1268.53         1.74277 
        1268.97         1.75651 
        1269.41         1.77038 
        1269.69         1.77927 
         1270.3         1.79845 
        1272.06          1.8559 
        1274.41          1.9359 
        1276.78          2.0187 
        1278.86         2.09431 
        1279.14         2.10468 
        1279.42         2.11511 
        1279.98         2.13609 
         1281.1         2.17848 
        1282.26         2.22314 
        1283.34          2.2655 
        1283.74         2.28134 
        1284.42         2.30851 
        1286.58         2.39671 
        1286.92         2.41085 
        1289.42         2.51689 
        1291.92         2.62616 
        1294.42         2.73962 
        1296.92         2.85718 
        1299.42         2.97917 
        1301.92         3.10675 
        1304.42         3.23908 
        1306.92         3.37599 
        1309.42         3.51814 
        1311.92         3.66479 
        1314.42         3.81675 
        1316.92         3.97437 
        1319.42         4.13785 
        1321.92         4.30731 
        1324.42         4.48312 
        1326.92         4.66643 
        1329.42         4.85627 
        1331.92         5.05178 
        1334.42         5.25381 
        1336.92         5.46301 
        1339.42         5.67906 
        1341.92         5.90258 
        1344.42          6.1339 
        1346.92         6.37498 
        1349.42         6.62474 
        1351.92          6.8832 
        1354.42         7.15061 
        1356.92         7.42726 
        1359.42          7.7134 
        1364.42         8.31049 
        1365.19         8.40549 
        1369.42         8.94578 
        1373.65         9.51796 
        1376.35         9.90129 
        1377.88         10.1263 
        1379.42         10.3559 
        1380.57         10.5308 
         1382.5         10.8289 
        1384.42         11.1345 
        1387.12         11.5758 
        1388.27         11.7691 
        1389.03         11.8981 
        1389.42         11.9652 
        1391.73         12.3661 
        1394.42         12.8487 
        1399.42         13.7811 
        1404.42         14.7737 
        1409.42         15.8307 
        1414.42         16.9602 
        1419.42         18.1686 
        1424.42         19.4476 
        1429.42          20.802 
        1434.42         22.2283 
        1439.42         23.7334 
        1444.42         25.3225 
        1449.42         27.0152 
        1454.42         28.8228 
        1459.42          30.739 
        1464.42         32.7756 
        1465.96         33.4278 
        1469.42         34.9348 
        1472.88         36.4921 
        1473.27         36.6668 
        1474.42         37.1965 
        1476.35         38.0943 
        1479.42         39.5614 
        1484.42          42.048 
        1489.42         44.6643 
        1494.42         47.4095 
        1499.42         50.3113 
        1504.42         53.3967 
        1509.42          56.663 
        1514.42         60.1097 
        1519.42         63.7549 
        1524.42         67.6253 
        1529.42         71.7125 
        1534.42         75.9772 
        1539.42         80.4047 
        1544.42         85.0332 
        1549.42         89.8747 
        1554.42            94.9 
        1559.42         100.099 
        1564.42         105.517 
        1566.72         108.117 
        1569.42         111.221 
        1570.19         112.126 
        1572.11         114.414 
        1574.41         117.233 
         1574.8         117.709 
        1579.41         123.574 
        1584.41         130.216 
        1589.41         137.158 
        1594.41         144.431 
        1599.41         152.112 
        1604.41         160.145 
        1609.41         168.622 
        1614.41         177.596 
        1619.41         187.084 
        1624.41         197.165 
        1629.41         207.808 
        1634.41         219.027 
        1639.41         230.767 
        1644.41         242.904 
        1649.41         255.356 
        1654.41         268.203 
        1659.41         281.392 
        1664.41         295.107 
        1665.56         298.336 
         1669.4          309.32 
        1670.17         311.563 
        1673.25         320.716 
         1674.4           324.2 
        1676.33         330.087 
         1679.4         339.713 
         1684.4         355.961 
         1689.4         373.001 
         1694.4         390.886 
         1699.4         409.676 
         1704.4         429.255 
         1709.4         449.483 
         1714.4         470.573 
         1719.4         492.479 
         1724.4         515.325 
         1729.4         539.019 
         1734.4         563.533 
         1739.4          588.87 
         1744.4         615.121 
        1749.39         642.072 
        1754.39          669.91 
        1759.39         698.703 
        1764.39         728.542 
        1767.08         745.051 
        1767.85         749.832 
        1769.39         759.461 
         1771.7         774.161 
        1774.39         791.662 
        1775.55         799.268 
        1779.39         825.067 
        1784.39         859.951 
        1789.39         896.098 
        1794.39         933.226 
        1799.39          971.66 
        1804.39         1011.27 
        1809.39         1052.22 
        1814.38         1094.59 
        1819.38         1138.42 
           1824         1180.05 
        1829.38         1230.26 
        1834.77         1282.25 
        1840.15         1335.89 
        1845.54         1391.41 
        1850.92         1449.05 
         1856.3          1509.2 
        1861.69         1571.12 
           1864         1598.14 
        1867.07         1634.67 
        1870.14         1671.91 
        1876.29         1749.07 
        1882.44         1829.19 
        1888.59         1912.41 
        1894.73         1998.78 
        1900.88         2088.39 
        1906.98         2180.65 
        1907.03         2181.38 
        1913.17         2277.81 
        1919.37         2378.57 
        1925.56         2482.17 
        1931.76         2589.98 
        1937.95         2704.53 
        1944.14         2820.09 
        1944.47         2826.33 
        1950.34         2942.87 
        1956.53         3066.57 
        1962.56          3191.1 
        1968.59         3319.82 
        1974.62         3452.67 
        1980.65          3589.9 
        1992.71         3877.92 
        2004.77         4184.76 
        2015.84         4483.81 
        2016.83         4511.26 
        2017.81         4538.88 
        2019.79         4594.77 
        2023.73         4709.69 
        2031.63         4945.12 
        2039.52         5185.98 
        2047.42         5436.27 
        2055.31         5696.34 
        2059.38         5834.22 
         2063.2         5966.39 
        2067.03            6101 
        2074.69         6379.26 
        2082.34         6667.84 
        2089.99         6966.98 
        2094.36         7142.25 
        2097.65         7276.97 
         2105.3         7597.94 
        2116.25         8077.16 
         2127.2         8581.54 
        2132.72         8848.01 
        2138.15         9117.94 
        2140.91         9256.23 
         2149.1         9672.56 
        2157.29         10103.7 
        2165.42         10547.9 
        2165.47         10550.6 
        2165.52         10553.4 
        2165.62           10559 
        2165.82           10570 
        2166.22         10592.3 
        2167.02         10636.8 
        2168.62         10726.4 
        2171.82         10907.3 
        2178.22         11276.5 
        2191.02           12045 
        2192.94         12163.7 
        2203.82         12854.7 
         2214.7           13577 
        2225.57         14325.8 
        2230.75         14692.9 
        2236.45         15106.1 
        2239.04         15296.5 
        2247.33         15919.4 
        2255.62         16560.7 
        2263.91         17229.7 
         2272.2         17946.1 
         2280.5         18672.6 
        2281.03         18719.8 
        2297.08         20195.6 
        2313.13         21767.5 
        2329.19         23383.6 
        2345.24         25107.6 
        2360.24         26809.7 
         2361.3         26933.3 
        2362.35         27058.9 
        2364.47         27310.6 
        2368.71         27819.9 
        2377.19         28864.8 
        2379.02         29094.6 
        2394.15         31059.1 
        2409.27         33169.6 
        2416.84         34281.1 
         2424.4         35439.1 
        2431.96         36654.5 
        2439.53         37889.8 
        2453.11         40217.1 
        2454.65         40489.5 
        2456.19           40764 
        2457.76         41064.4 
        2459.28           41360 
        2460.79         41658.5 
        2463.83         42246.9 
         2469.9         43451.4 
        2482.04           45980 
        2494.18         48729.6 
        2502.63         50764.4 
        2506.32         51680.8 
        2510.01         52615.7 
        2517.39         54502.2 
        2532.15         58477.6 
         2534.6         59164.7 
        2546.91         62728.2 
        2553.07         64579.5 
        2559.23           66478 
        2565.39         68621.2 
        2571.55         70847.3 
        2577.71         73158.9 
        2590.03         78002.6 
        2602.35         83178.4 
        2614.66         88675.2 
        2626.98           94391 
         2639.3          100477 
        2645.57          103695 
        2651.62          106883 
        2657.67          110165 
        2663.72          113062 
        2669.77          116003 
        2681.88          122017 
        2693.98          128226 
        2706.09          134625 
        2718.19          141209 
         2730.3          147979 
         2742.4          154965 
         2752.9          161197 
         2754.5          162162 
        2756.11          163131 
        2759.32          165163 
        2765.74          169270 
        2778.59          177679 
        2791.43          186359 
        2804.28          195315 
        2805.39          196103 
        2817.12          204572 
        2817.68          204981 
        2829.97          214169 
        2842.26          223625 
        2854.55          233353 
        2866.84          244120 
        2879.12          255303 
        2891.41          266841 
         2903.7          278750 
        2915.99          291033 
        2928.28          303746 
        2940.57          316855 
        2952.74          330229 
        2952.86          330364 
        2952.98          330496 
        2953.22          330756 
        2953.71          331272 
        2954.68          332308 
        2956.61          334385 
        2960.47          338563 
        2968.21          347042 
        2983.67          364494 
        2999.14          382508 
        3014.61          401087 
        3030.07          420235 
        3039.66          432374 
        3045.54          439936 
        3051.42          447580 
        3063.19          464984 
        3074.95          482860 
        3098.48          520141 
        3122.01          559423 
        3141.23          593064 
        3145.54          600801 
        3149.86          608605 
        3158.49          626000 
        3167.12          643719 
        3184.38          680089 
         3189.5          691125 
        3201.64          717757 
         3204.2          723465 
         3218.9          756788 
         3233.6          791232 
        3240.95          808834 
        3248.29          826688 
        3255.64          840451 
        3262.99          854340 
        3270.34          868374 
        3277.69          882555 
        3285.04          896852 
        3299.74          925790 
        3311.54          949355 
        3329.14          985034 
        3346.73      1.02136e+6 
        3381.92      1.09775e+6 
        3389.05      1.11355e+6 
        3417.11      1.17671e+6 
        3445.17       1.2414e+6 
        3458.96      1.27366e+6 
        3501.28      1.37471e+6 
         3543.6      1.47868e+6 
        3580.57      1.57197e+6 
        3585.93      1.58566e+6 
        3591.28      1.59938e+6 
           3602        1.627e+6 
        3607.91       1.6423e+6 
        3623.44      1.68269e+6 
        3635.88      1.71528e+6 
        3638.96      1.72337e+6 
        3642.04      1.73163e+6 
        3643.12      1.73452e+6 
        3645.12      1.73988e+6 
        3645.28      1.74031e+6 
        3647.12      1.74525e+6 
        3648.96      1.75019e+6 
        3651.32      1.75653e+6 
        3652.64      1.76007e+6 
        3653.96      1.76362e+6 
        3654.24      1.76437e+6 
         3656.6      1.77071e+6 
        3658.96      1.77705e+6 
         3663.4      1.78899e+6 
        3663.68      1.78974e+6 
        3663.96      1.79049e+6 
        3664.52        1.792e+6 
        3665.64      1.79501e+6 
         3666.8      1.79813e+6 
        3667.88      1.80103e+6 
        3668.28      1.80211e+6 
        3668.95      1.80394e+6 
        3671.11      1.80975e+6 
        3673.95       1.8174e+6 
         3675.2      1.82076e+6 
        3678.95      1.83086e+6 
        3682.58      1.84063e+6 
         3682.7      1.84095e+6 
        3682.82      1.84128e+6 
        3683.06      1.84192e+6 
        3683.18      1.84224e+6 
        3683.54      1.84322e+6 
         3684.5       1.8458e+6 
        3684.82      1.84665e+6 
        3685.83      1.84936e+6 
        3686.83      1.85208e+6 
        3688.74      1.85722e+6 
        3688.85       1.8575e+6 
        3688.94      1.85775e+6 
        3688.95      1.85778e+6 
        3689.16      1.85834e+6 
        3689.38      1.85893e+6 
        3689.73      1.85988e+6 
        3689.82      1.86011e+6 
         3689.9      1.86033e+6 
        3690.07      1.86079e+6 
        3690.41      1.86171e+6 
        3690.62      1.86229e+6 
        3691.09      1.86354e+6 
        3691.47      1.86456e+6 
        3691.55      1.86479e+6 
         3691.7      1.86519e+6 
        3692.48       1.8673e+6 
         3693.5      1.87003e+6 
         3694.4      1.87245e+6 
         3695.3      1.87487e+6 
        3695.81      1.87625e+6 
         3696.2       1.8773e+6 
        3696.53      1.87818e+6 
        3696.59      1.87835e+6 
        3696.65      1.87851e+6 
        3696.67      1.87856e+6 
        3696.76      1.87881e+6 
        3696.77      1.87884e+6 
        3696.87      1.87912e+6 
        3696.93      1.87927e+6 
        3696.99      1.87942e+6 
        3697.04      1.87957e+6 
         3697.1      1.87972e+6 
        3697.15      1.87987e+6 
        3697.21      1.88002e+6 
        3697.26      1.88017e+6 
        3697.32      1.88033e+6 
        3697.35      1.88039e+6 
        3697.41      1.88055e+6 
        3697.43      1.88063e+6 
        3697.46      1.88071e+6 
         3697.5      1.88081e+6 
        3697.53      1.88088e+6 
        3697.58      1.88102e+6 
        3697.66      1.88124e+6 
        3697.82      1.88167e+6 
        3698.11      1.88245e+6 
        3698.43      1.88331e+6 
        3698.69      1.88401e+6 
        3698.89      1.88454e+6 
        3698.95      1.88471e+6 
        3699.01      1.88487e+6 
        3699.13       1.8852e+6 
        3699.37      1.88586e+6 
        3699.53      1.88628e+6 
        3699.86      1.88717e+6 
        3699.88      1.88722e+6 
        3700.19      1.88806e+6 
         3700.2      1.88808e+6 
         3700.5       1.8889e+6 
        3700.81      1.88972e+6 
        3700.84      1.88981e+6 
        3701.09      1.89048e+6 
        3701.42      1.89136e+6 
        3701.99      1.89291e+6 
        3702.44      1.89413e+6 
        3702.89      1.89534e+6 
        3703.12      1.89595e+6 
        3703.35      1.89656e+6 
        3703.46      1.89686e+6 
        3703.57      1.89716e+6 
        3703.63      1.89731e+6 
        3703.68      1.89747e+6 
        3703.74      1.89762e+6 
         3703.8      1.89777e+6 
        3703.85      1.89792e+6 
        3703.91      1.89807e+6 
        3703.97      1.89823e+6 
        3704.02      1.89838e+6 
        3704.09      1.89855e+6 
        3704.13      1.89868e+6 
        3704.18      1.89882e+6 
        3704.21      1.89888e+6 
        3704.22      1.89891e+6 
        3704.28      1.89908e+6 
        3704.31      1.89916e+6 
        3704.36      1.89929e+6 
        3704.41      1.89941e+6 
        3704.49      1.89964e+6 
        3704.57      1.89984e+6 
        3704.59      1.89991e+6 
        3704.69      1.90017e+6 
        3704.81       1.9005e+6 
        3705.05      1.90116e+6 
        3705.37      1.90201e+6 
        3705.54      1.90247e+6 
        3705.71      1.90293e+6 
        3706.05      1.90385e+6 
        3706.07       1.9039e+6 
        3706.73      1.90567e+6 
        3707.27      1.90712e+6 
        3707.39      1.90745e+6 
        3707.51      1.90779e+6 
        3707.61      1.90805e+6 
        3707.76      1.90845e+6 
        3707.91      1.90885e+6 
        3708.12      1.90941e+6 
        3708.21      1.90965e+6 
         3708.3       1.9099e+6 
        3708.49       1.9104e+6 
        3708.76      1.91114e+6 
        3708.85      1.91139e+6 
        3708.87      1.91144e+6 
        3708.95      1.91163e+6 
        3709.13      1.91212e+6 
        3709.21      1.91233e+6 
        3709.49       1.9131e+6 
        3710.11      1.91476e+6 
         3710.9       1.9169e+6 
        3711.01      1.91719e+6 
        3711.12      1.91748e+6 
        3711.21      1.91773e+6 
        3711.32      1.91803e+6 
        3711.34      1.91807e+6 
        3711.46       1.9184e+6 
        3711.52      1.91855e+6 
        3711.58      1.91871e+6 
         3711.6      1.91878e+6 
        3711.69      1.91901e+6 
        3711.75      1.91916e+6 
         3711.8      1.91932e+6 
        3711.86      1.91947e+6 
        3711.91      1.91962e+6 
        3711.97      1.91977e+6 
        3712.03      1.91992e+6 
        3712.08      1.92007e+6 
        3712.14      1.92022e+6 
         3712.2      1.92039e+6 
        3712.25      1.92052e+6 
         3712.3      1.92066e+6 
        3712.33      1.92073e+6 
        3712.33      1.92074e+6 
         3712.4      1.92093e+6 
        3712.48      1.92114e+6 
        3712.63      1.92155e+6 
        3712.93      1.92235e+6 
        3713.23      1.92315e+6 
        3713.53      1.92396e+6 
        3713.83      1.92478e+6 
        3714.24      1.92588e+6 
        3714.42      1.92636e+6 
        3714.44      1.92641e+6 
        3714.64      1.92694e+6 
        3715.03        1.928e+6 
        3715.64      1.92964e+6 
        3716.76      1.93266e+6 
        3716.79      1.93273e+6 
        3716.86      1.93292e+6 
        3716.95      1.93317e+6 
        3717.14      1.93368e+6 
        3717.52      1.93471e+6 
        3718.19      1.93649e+6 
        3718.26      1.93668e+6 
        3718.33      1.93687e+6 
        3718.47      1.93724e+6 
        3718.56      1.93748e+6 
        3718.63      1.93768e+6 
        3718.73      1.93796e+6 
        3718.75        1.938e+6 
        3718.94      1.93852e+6 
        3719.25      1.93935e+6 
        3719.47      1.93995e+6 
        3719.77      1.94075e+6 
        3720.07      1.94155e+6 
        3720.36      1.94224e+6 
        3720.52      1.94264e+6 
        3720.67      1.94299e+6 
        3720.98      1.94374e+6 
         3721.2      1.94426e+6 
        3721.43      1.94478e+6 
        3721.54      1.94504e+6 
        3721.66       1.9453e+6 
        3721.71      1.94542e+6 
        3721.77      1.94555e+6 
        3721.82      1.94568e+6 
        3721.88      1.94581e+6 
        3721.94      1.94594e+6 
        3721.99      1.94607e+6 
        3722.05       1.9462e+6 
        3722.11      1.94633e+6 
        3722.22      1.94659e+6 
         3722.4        1.947e+6 
        3722.45      1.94711e+6 
         3722.5      1.94723e+6 
         3722.6      1.94745e+6 
         3722.7      1.94768e+6 
         3722.8      1.94791e+6 
         3722.9      1.94815e+6 
        3723.11      1.94862e+6 
        3723.23       1.9489e+6 
        3723.52      1.94956e+6 
        3723.81      1.95022e+6 
        3724.38      1.95154e+6 
        3725.45      1.95399e+6 
        3725.53      1.95417e+6 
        3725.62      1.95437e+6 
        3725.75      1.95467e+6 
        3725.78      1.95475e+6 
        3725.92      1.95505e+6 
        3725.93      1.95508e+6 
        3726.11       1.9555e+6 
        3726.48      1.95634e+6 
        3727.04      1.95763e+6 
        3727.37      1.95837e+6 
        3728.15      1.96017e+6 
        3728.64      1.96128e+6 
        3728.94      1.96197e+6 
        3729.01      1.96213e+6 
        3729.24      1.96266e+6 
        3729.84      1.96403e+6 
        3730.68      1.96594e+6 
        3732.19      1.96941e+6 
        3732.34      1.96976e+6 
        3732.49       1.9701e+6 
        3732.79      1.97079e+6 
        3733.35      1.97207e+6 
        3733.38      1.97214e+6 
        3733.39      1.97216e+6 
         3733.4      1.97218e+6 
        3733.45       1.9723e+6 
        3733.55      1.97252e+6 
        3733.65      1.97274e+6 
        3733.75      1.97298e+6 
        3733.86      1.97322e+6 
           3734      1.97355e+6 
        3734.04      1.97365e+6 
        3734.06      1.97369e+6 
        3734.08      1.97374e+6 
        3734.13      1.97384e+6 
        3734.14      1.97387e+6 
        3734.16      1.97392e+6 
         3734.2      1.97399e+6 
        3734.25      1.97412e+6 
        3734.31      1.97425e+6 
        3734.37      1.97437e+6 
        3734.43      1.97451e+6 
        3734.48      1.97464e+6 
        3734.54      1.97477e+6 
        3734.65      1.97504e+6 
        3734.83      1.97544e+6 
        3734.88      1.97556e+6 
        3734.93      1.97567e+6 
        3735.03       1.9759e+6 
        3735.12      1.97612e+6 
        3735.17      1.97623e+6 
        3735.23      1.97636e+6 
        3735.33       1.9766e+6 
        3735.39      1.97673e+6 
        3735.49      1.97697e+6 
        3735.82       1.9777e+6 
           3736      1.97812e+6 
        3736.24      1.97868e+6 
        3736.49      1.97923e+6 
        3736.97      1.98034e+6 
        3737.83       1.9823e+6 
        3737.94      1.98257e+6 
        3738.06      1.98284e+6 
        3738.29      1.98337e+6 
        3738.59      1.98404e+6 
        3738.76      1.98444e+6 
        3738.94      1.98484e+6 
        3739.29      1.98564e+6 
         3739.5      1.98612e+6 
        3739.99      1.98724e+6 
        3740.48      1.98836e+6 
        3741.21      1.99005e+6 
        3741.45      1.99059e+6 
        3741.69      1.99115e+6 
        3742.09      1.99206e+6 
        3742.18      1.99225e+6 
        3742.26      1.99244e+6 
        3742.43      1.99283e+6 
        3742.67      1.99338e+6 
        3742.73      1.99352e+6 
        3742.76      1.99359e+6 
         3742.8      1.99366e+6 
        3742.86      1.99382e+6 
        3742.92      1.99395e+6 
        3743.17      1.99452e+6 
        3743.66      1.99565e+6 
        3744.62      1.99784e+6 
        3744.65      1.99791e+6 
        3746.45      2.00201e+6 
        3747.61      2.00466e+6 
        3748.27      2.00618e+6 
        3748.84      2.00749e+6 
         3748.9      2.00763e+6 
        3748.93       2.0077e+6 
        3748.96      2.00777e+6 
        3748.99      2.00782e+6 
        3749.08      2.00804e+6 
        3749.12      2.00812e+6 
        3749.18      2.00826e+6 
        3749.38      2.00871e+6 
        3749.41      2.00878e+6 
        3749.64       2.0093e+6 
        3749.75      2.00956e+6 
        3749.87      2.00982e+6 
        3749.92      2.00995e+6 
        3749.98      2.01008e+6 
        3750.04       2.0102e+6 
        3750.09      2.01033e+6 
        3750.15      2.01046e+6 
        3750.21      2.01059e+6 
        3750.27      2.01073e+6 
        3750.32      2.01086e+6 
        3750.44      2.01113e+6 
        3750.62      2.01154e+6 
        3750.66      2.01165e+6 
        3750.72      2.01177e+6 
        3750.82        2.012e+6 
        3750.91      2.01221e+6 
        3751.02      2.01245e+6 
        3751.12       2.0127e+6 
        3751.33      2.01318e+6 
        3751.48      2.01352e+6 
        3751.76      2.01415e+6 
        3752.03      2.01478e+6 
        3752.59      2.01605e+6 
        3753.53      2.01821e+6 
         3753.7      2.01858e+6 
        3753.78      2.01877e+6 
        3753.86      2.01895e+6 
        3754.18       2.0197e+6 
        3754.27       2.0199e+6 
        3754.84      2.02118e+6 
        3755.89      2.02359e+6 
        3756.09      2.02404e+6 
        3757.47      2.02721e+6 
        3757.51      2.02729e+6 
        3757.55      2.02738e+6 
        3758.93      2.03054e+6 
        3760.39      2.03387e+6 
        3761.66      2.03676e+6 
        3762.72      2.03918e+6 
        3763.23      2.04035e+6 
        3764.81      2.04395e+6 
        3765.07      2.04454e+6 
         3766.9      2.04873e+6 
        3768.55      2.05247e+6 
        3768.74      2.05291e+6 
        3768.93      2.05335e+6 
        3768.97      2.05345e+6 
         3769.2      2.05396e+6 
        3769.31      2.05422e+6 
        3769.66        2.055e+6 
        3769.89      2.05553e+6 
        3770.11      2.05604e+6 
        3770.23       2.0563e+6 
        3770.34      2.05656e+6 
         3770.4      2.05669e+6 
        3770.46      2.05681e+6 
        3770.51      2.05693e+6 
        3770.57      2.05706e+6 
        3770.63      2.05718e+6 
        3770.69      2.05732e+6 
        3770.74      2.05746e+6 
         3770.8       2.0576e+6 
        3770.87      2.05775e+6 
        3770.92      2.05787e+6 
        3770.97      2.05799e+6 
        3770.99      2.05803e+6 
           3771      2.05807e+6 
        3771.07      2.05821e+6 
        3771.15       2.0584e+6 
         3771.3      2.05876e+6 
         3771.6      2.05945e+6 
        3771.89       2.0601e+6 
        3771.95      2.06024e+6 
        3772.21      2.06082e+6 
        3772.52      2.06154e+6 
        3773.15      2.06299e+6 
        3774.36      2.06573e+6 
         3775.5      2.06833e+6 
        3776.76      2.07121e+6 
        3777.13      2.07204e+6 
        3778.03      2.07409e+6 
         3778.4      2.07494e+6 
        3778.93      2.07614e+6 
        3780.73      2.08024e+6 
        3781.84      2.08278e+6 
        3783.05      2.08554e+6 
        3783.16      2.08578e+6 
        3784.26       2.0883e+6 
        3785.37      2.09081e+6 
        3786.22      2.09276e+6 
         3787.4      2.09544e+6 
        3787.57      2.09583e+6 
        3788.92       2.0989e+6 
        3790.45      2.10237e+6 
        3792.84      2.10781e+6 
        3793.49      2.10929e+6 
        3794.14      2.11077e+6 
         3794.9      2.11248e+6 
        3795.07      2.11287e+6 
        3795.44      2.11372e+6 
        3795.99      2.11496e+6 
        3796.45      2.11601e+6 
        3796.92      2.11706e+6 
        3797.15      2.11758e+6 
        3797.38       2.1181e+6 
        3797.49      2.11836e+6 
        3797.61      2.11861e+6 
        3797.67      2.11873e+6 
        3797.72      2.11885e+6 
        3797.78      2.11897e+6 
        3797.84      2.11909e+6 
         3797.9      2.11921e+6 
        3797.96      2.11935e+6 
        3798.01       2.1195e+6 
        3798.07      2.11965e+6 
        3798.19      2.11992e+6 
        3798.37      2.12035e+6 
        3798.42      2.12046e+6 
        3798.47      2.12058e+6 
        3798.57      2.12081e+6 
        3798.66      2.12101e+6 
        3798.75      2.12123e+6 
        3798.77      2.12127e+6 
        3798.84      2.12143e+6 
        3798.88      2.12152e+6 
        3798.92      2.12162e+6 
        3799.05       2.1219e+6 
        3799.09        2.122e+6 
        3799.43      2.12277e+6 
        3799.47      2.12287e+6 
         3799.8      2.12363e+6 
        3800.56      2.12535e+6 
        3801.65      2.12783e+6 
        3802.32      2.12935e+6 
        3803.83      2.13279e+6 
        3805.35      2.13623e+6 
        3807.84      2.14187e+6 
        3808.38       2.1431e+6 
        3808.92      2.14433e+6 
           3810      2.14678e+6 
        3811.59      2.15038e+6 
        3812.16      2.15169e+6 
        3812.74        2.153e+6 
         3813.9      2.15561e+6 
        3815.78      2.15987e+6 
        3816.09      2.16059e+6 
        3816.21      2.16085e+6 
        3816.64      2.16183e+6 
        3817.44      2.16369e+6 
         3817.5      2.16384e+6 
        3818.92      2.16713e+6 
        3820.39      2.17063e+6 
        3822.57      2.17578e+6 
        3823.35      2.17762e+6 
        3823.51      2.17801e+6 
        3824.13      2.17947e+6 
        3825.68      2.18316e+6 
         3826.8       2.1858e+6 
        3827.86       2.1883e+6 
        3828.91      2.19079e+6 
        3830.45      2.19442e+6 
        3831.02      2.19576e+6 
        3831.59       2.1971e+6 
           3832      2.19807e+6 
        3832.53       2.1993e+6 
        3832.73      2.19978e+6 
        3833.46       2.2015e+6 
        3833.93      2.20259e+6 
        3834.39      2.20368e+6 
        3834.63      2.20422e+6 
        3834.86      2.20475e+6 
        3834.97      2.20501e+6 
        3835.09      2.20527e+6 
        3835.15       2.2054e+6 
        3835.21      2.20551e+6 
        3835.27      2.20562e+6 
        3835.33      2.20572e+6 
        3835.38      2.20584e+6 
        3835.44      2.20599e+6 
         3835.5      2.20617e+6 
        3835.56      2.20634e+6 
        3835.63      2.20652e+6 
        3835.68      2.20665e+6 
        3835.73      2.20677e+6 
        3835.74      2.20682e+6 
        3835.77       2.2069e+6 
        3835.83      2.20703e+6 
        3835.91      2.20723e+6 
        3836.07      2.20763e+6 
        3836.38      2.20836e+6 
        3836.65        2.209e+6 
        3836.98      2.20979e+6 
        3837.03      2.20992e+6 
        3837.31      2.21058e+6 
        3837.97      2.21215e+6 
        3838.65      2.21375e+6 
        3838.91      2.21438e+6 
        3839.18        2.215e+6 
         3839.7      2.21625e+6 
        3840.76      2.21873e+6 
        3842.75      2.22344e+6 
        3842.83      2.22362e+6 
        3842.87      2.22372e+6 
        3842.91      2.22381e+6 
        3843.07      2.22418e+6 
        3843.38      2.22491e+6 
           3844      2.22638e+6 
        3844.59      2.22777e+6 
        3845.25      2.22932e+6 
        3845.55      2.23002e+6 
        3845.91      2.23087e+6 
        3847.23      2.23398e+6 
        3847.44      2.23448e+6 
        3848.91      2.23794e+6 
        3850.38      2.24138e+6 
        3851.98      2.24515e+6 
        3853.31      2.24827e+6 
        3854.64       2.2514e+6 
         3855.7      2.25389e+6 
         3857.3      2.25766e+6 
        3858.91      2.26142e+6 
        3862.01      2.26868e+6 
        3862.11      2.26893e+6 
        3862.22      2.26918e+6 
        3862.43      2.26967e+6 
        3862.85      2.27065e+6 
        3863.68      2.27262e+6 
        3865.17      2.27609e+6 
        3865.36      2.27655e+6 
        3865.56        2.277e+6 
        3865.95      2.27792e+6 
        3866.73      2.27974e+6 
        3867.68      2.28195e+6 
        3868.29      2.28338e+6 
         3868.9      2.28482e+6 
        3870.13      2.28769e+6 
        3871.32      2.29047e+6 
        3872.59      2.29342e+6 
        3873.85      2.29636e+6 
        3876.32      2.30213e+6 
        3876.37      2.30223e+6 
        3876.37      2.30224e+6 
        3876.37      2.30225e+6 
        3876.42      2.30236e+6 
        3876.52       2.3026e+6 
        3876.72      2.30306e+6 
        3876.95      2.30358e+6 
        3877.12      2.30399e+6 
        3877.92      2.30585e+6 
         3878.9      2.30812e+6 
        3880.29      2.31134e+6 
        3880.85      2.31265e+6 
        3881.42      2.31396e+6 
        3882.55      2.31656e+6 
         3884.4      2.32084e+6 
         3884.8      2.32176e+6 
        3884.92      2.32205e+6 
         3885.2      2.32269e+6 
        3886.01      2.32454e+6 
        3886.15      2.32486e+6 
         3887.1      2.32702e+6 
        3887.57      2.32809e+6 
        3888.04      2.32915e+6 
        3888.28      2.32967e+6 
        3888.52      2.33019e+6 
        3888.63      2.33043e+6 
        3888.75      2.33067e+6 
        3888.84      2.33083e+6 
        3888.87      2.33087e+6 
        3888.87      2.33087e+6 
         3888.9      2.33091e+6 
        3888.93      2.33095e+6 
        3888.99      2.33101e+6 
        3889.05      2.33112e+6 
        3889.11      2.33129e+6 
        3889.17      2.33149e+6 
        3889.22       2.3317e+6 
        3889.29       2.3319e+6 
        3889.34      2.33204e+6 
        3889.39      2.33218e+6 
        3889.41      2.33221e+6 
        3889.45      2.33232e+6 
        3889.49      2.33244e+6 
        3889.58      2.33266e+6 
        3889.75      2.33308e+6 
        3890.05      2.33382e+6 
        3890.32      2.33445e+6 
        3890.47      2.33483e+6 
        3890.66      2.33527e+6 
           3891      2.33609e+6 
        3891.68      2.33771e+6 
        3892.89      2.34056e+6 
        3893.94      2.34302e+6 
        3894.46      2.34423e+6 
        3895.31      2.34623e+6 
        3896.22      2.34835e+6 
        3896.68      2.34942e+6 
        3898.89      2.35459e+6 
         3899.6      2.35624e+6 
        3901.57      2.36081e+6 
        3903.89      2.36619e+6 
        3904.25      2.36701e+6 
        3908.89      2.37776e+6 
        3913.89      2.38929e+6 
        3918.89      2.40165e+6 
        3923.89      2.41415e+6 
        3928.22      2.42493e+6 
        3928.35      2.42527e+6 
        3928.89       2.4266e+6 
        3929.56      2.42827e+6 
         3930.9      2.43161e+6 
        3933.45      2.43795e+6 
        3935.81      2.44378e+6 
        3937.35      2.44759e+6 
        3938.89      2.45139e+6 
        3940.04      2.45423e+6 
        3941.96      2.45897e+6 
        3943.88      2.46371e+6 
        3946.58      2.47033e+6 
        3947.73      2.47315e+6 
        3948.88      2.47597e+6 
        3950.65       2.4803e+6 
        3951.01      2.48118e+6 
        3951.19       2.4816e+6 
        3951.72      2.48289e+6 
        3952.78      2.48549e+6 
        3954.55      2.48978e+6 
        3957.31      2.49643e+6 
        3958.09      2.49832e+6 
        3958.62       2.4996e+6 
        3958.88      2.50021e+6 
        3960.45      2.50396e+6 
        3962.28      2.50829e+6 
        3965.74      2.51631e+6 
        3965.94      2.51678e+6 
        3966.15      2.51725e+6 
        3966.56      2.51818e+6 
        3966.68      2.51845e+6 
        3967.28      2.51981e+6 
        3967.38      2.52003e+6 
        3968.08      2.52161e+6 
        3968.71        2.523e+6 
        3968.88      2.52336e+6 
        3969.05      2.52372e+6 
        3969.23      2.52412e+6 
        3969.29      2.52424e+6 
        3969.38      2.52443e+6 
        3969.53      2.52472e+6 
        3969.65      2.52494e+6 
        3969.77      2.52514e+6 
        3969.83      2.52522e+6 
        3969.89      2.52528e+6 
        3969.95      2.52528e+6 
        3970.01      2.52527e+6 
        3970.07      2.52533e+6 
        3970.13      2.52556e+6 
        3970.19      2.52586e+6 
        3970.25      2.52615e+6 
        3970.32      2.52643e+6 
        3970.37       2.5266e+6 
        3970.42      2.52677e+6 
        3970.43       2.5268e+6 
        3970.49        2.527e+6 
        3970.52      2.52708e+6 
        3970.61      2.52735e+6 
         3970.8      2.52787e+6 
         3971.1       2.5287e+6 
        3971.33      2.52934e+6 
        3971.59      2.53003e+6 
         3971.7      2.53031e+6 
        3972.06      2.53128e+6 
        3972.79      2.53319e+6 
        3973.99       2.5363e+6 
        3974.94      2.53871e+6 
         3976.4      2.54243e+6 
        3976.84      2.54356e+6 
        3977.86      2.54611e+6 
        3978.87      2.54865e+6 
        3979.58       2.5504e+6 
         3980.9      2.55368e+6 
        3982.23      2.55695e+6 
        3984.18      2.56173e+6 
        3984.88      2.56345e+6 
        3985.12      2.56402e+6 
        3985.59      2.56516e+6 
        3986.99      2.56859e+6 
        3988.87      2.57314e+6 
        3991.38      2.57919e+6 
        3992.62      2.58219e+6 
        3993.85      2.58515e+6 
        3993.87      2.58519e+6 
        3996.36      2.59117e+6 
        3998.87      2.59718e+6 
        4003.87       2.6091e+6 
        4008.87      2.62097e+6 
        4013.86      2.63297e+6 
        4018.86      2.64515e+6 
        4023.86      2.65728e+6 
        4025.34      2.66086e+6 
        4028.86      2.66936e+6 
        4032.38      2.67783e+6 
        4032.95      2.67919e+6 
        4033.86      2.68138e+6 
         4035.9      2.68628e+6 
        4038.86      2.69335e+6 
        4043.86      2.70527e+6 
        4048.86      2.71713e+6 
        4053.86      2.72892e+6 
        4058.85      2.74065e+6 
        4063.85       2.7523e+6 
        4068.85      2.76388e+6 
        4073.85      2.77535e+6 
        4075.42      2.77892e+6 
        4078.85      2.78667e+6 
        4082.28      2.79432e+6 
        4082.56      2.79495e+6 
           4084      2.79812e+6 
         4085.7      2.80182e+6 
        4088.84       2.8085e+6 
         4089.7      2.81025e+6 
        4093.69      2.81814e+6 
        4096.52      2.82319e+6 
        4097.68      2.82511e+6 
        4098.01      2.82564e+6 
        4098.68      2.82669e+6 
        4098.84      2.82695e+6 
        4099.68      2.82822e+6 
        4100.17      2.82897e+6 
        4100.67      2.82969e+6 
        4100.92      2.83002e+6 
        4101.17      2.83031e+6 
         4101.3      2.83042e+6 
        4101.42      2.83048e+6 
        4101.48      2.83047e+6 
        4101.55      2.83039e+6 
        4101.61      2.83021e+6 
        4101.67      2.82999e+6 
        4101.73      2.82994e+6 
         4101.8      2.83028e+6 
        4101.86      2.83077e+6 
        4101.92      2.83124e+6 
        4102.05      2.83189e+6 
         4102.3      2.83284e+6 
        4102.74       2.8343e+6 
        4102.79      2.83445e+6 
        4102.85      2.83461e+6 
        4102.94      2.83492e+6 
        4103.15      2.83553e+6 
         4103.3      2.83598e+6 
        4103.55      2.83673e+6 
        4103.79      2.83748e+6 
        4104.29      2.83896e+6 
        4104.78      2.84042e+6 
        4105.29      2.84189e+6 
        4105.79      2.84335e+6 
        4106.79      2.84622e+6 
        4108.68      2.85144e+6 
        4108.76      2.85166e+6 
         4108.8      2.85177e+6 
        4108.84      2.85188e+6 
        4108.86      2.85193e+6 
           4109      2.85233e+6 
        4109.32      2.85323e+6 
        4109.78      2.85451e+6 
         4110.7      2.85704e+6 
        4111.32       2.8587e+6 
        4112.55      2.86198e+6 
        4113.77      2.86519e+6 
        4114.69      2.86755e+6 
        4116.23      2.87146e+6 
        4116.69      2.87263e+6 
        4117.77      2.87531e+6 
        4118.13      2.87621e+6 
        4118.84      2.87797e+6 
        4120.98      2.88322e+6 
        4123.84      2.89013e+6 
        4126.14      2.89565e+6 
        4128.84      2.90205e+6 
         4129.6      2.90387e+6 
        4131.53      2.90839e+6 
        4133.83       2.9138e+6 
        4134.22      2.91469e+6 
        4138.83      2.92542e+6 
        4143.83      2.93694e+6 
        4148.83      2.94837e+6 
        4153.83      2.95972e+6 
        4158.83      2.97099e+6 
        4163.83      2.98218e+6 
        4168.82       2.9933e+6 
        4173.82      3.00434e+6 
        4178.82       3.0153e+6 
        4183.82       3.0262e+6 
        4188.82      3.03702e+6 
        4193.82      3.04777e+6 
        4198.82      3.05844e+6 
        4203.81      3.06904e+6 
        4208.81      3.07971e+6 
        4213.81       3.0904e+6 
        4216.52      3.09616e+6 
        4217.24      3.09768e+6 
        4218.81      3.10101e+6 
         4221.1      3.10584e+6 
        4223.81      3.11154e+6 
        4224.95      3.11395e+6 
        4228.81      3.12201e+6 
        4233.81      3.13239e+6 
        4238.81      3.14269e+6 
        4243.81       3.1529e+6 
         4248.8      3.16305e+6 
         4253.8      3.17313e+6 
         4258.8      3.18309e+6 
         4263.8      3.19299e+6 
         4268.8      3.20282e+6 
         4273.8      3.21256e+6 
         4278.8      3.22217e+6 
        4283.79      3.23172e+6 
        4288.79      3.24115e+6 
        4293.79      3.25048e+6 
        4298.79      3.25965e+6 
        4303.79      3.26861e+6 
        4308.79      3.27709e+6 
        4313.79      3.28526e+6 
        4314.07       3.2857e+6 
        4318.78      3.29289e+6 
        4320.85      3.29581e+6 
         4323.5      3.29927e+6 
        4326.14      3.30222e+6 
        4326.48      3.30254e+6 
        4328.78      3.30448e+6 
        4330.23      3.30533e+6 
        4331.09      3.30568e+6 
        4331.15      3.30568e+6 
        4331.95      3.30584e+6 
        4333.66      3.30571e+6 
        4334.06      3.30558e+6 
        4336.17       3.3042e+6 
        4337.79      3.30254e+6 
        4338.22      3.30203e+6 
        4338.28      3.30197e+6 
        4338.78      3.30144e+6 
        4338.81      3.30137e+6 
        4339.34      3.30081e+6 
         4339.6      3.30049e+6 
        4339.87      3.30009e+6 
           4340       3.2998e+6 
        4340.13      3.29939e+6 
         4340.2      3.29908e+6 
        4340.26      3.29858e+6 
        4340.33      3.29779e+6 
         4340.4      3.29698e+6 
        4340.46      3.29657e+6 
        4340.53       3.2972e+6 
        4340.59      3.29826e+6 
        4340.66      3.29924e+6 
        4340.79      3.30049e+6 
        4341.01      3.30181e+6 
        4341.06      3.30207e+6 
         4341.1      3.30235e+6 
         4341.2      3.30282e+6 
        4341.23      3.30294e+6 
        4341.24      3.30298e+6 
         4341.4      3.30376e+6 
        4341.58      3.30458e+6 
        4341.94      3.30618e+6 
        4342.64      3.30929e+6 
        4343.33       3.3124e+6 
        4343.57      3.31347e+6 
        4344.04      3.31557e+6 
        4344.75      3.31868e+6 
        4346.17      3.32456e+6 
        4348.58      3.33336e+6 
        4348.78      3.33402e+6 
        4348.98      3.33467e+6 
        4349.37      3.33596e+6 
        4350.17      3.33844e+6 
        4350.32      3.33892e+6 
        4351.76      3.34306e+6 
         4353.2      3.34693e+6 
        4354.73      3.35073e+6 
        4356.08      3.35387e+6 
        4356.08       3.3539e+6 
        4357.43      3.35692e+6 
        4358.77      3.35981e+6 
        4359.17      3.36062e+6 
        4361.47      3.36527e+6 
        4363.77      3.36974e+6 
        4367.98      3.37753e+6 
        4368.38      3.37825e+6 
        4368.52      3.37853e+6 
        4368.77      3.37897e+6 
        4369.56      3.38039e+6 
        4371.15      3.38318e+6 
        4373.77      3.38774e+6 
        4378.77      3.39625e+6 
        4383.77      3.40454e+6 
        4388.77      3.41271e+6 
        4393.77      3.42075e+6 
        4398.76      3.42867e+6 
        4403.76      3.43546e+6 
        4408.76      3.44171e+6 
        4413.76      3.44796e+6 
        4418.76      3.45412e+6 
        4423.76      3.46028e+6 
        4428.76      3.46637e+6 
        4433.75       3.4724e+6 
        4438.75      3.47843e+6 
        4443.75       3.4844e+6 
        4448.75      3.49037e+6 
        4453.75      3.49628e+6 
        4458.75      3.50215e+6 
        4463.75      3.50797e+6 
        4468.74      3.51378e+6 
        4473.74      3.51953e+6 
        4478.74      3.52528e+6 
        4483.74      3.53096e+6 
        4488.74      3.53662e+6 
        4493.74      3.54227e+6 
        4498.74      3.54859e+6 
        4503.74      3.55647e+6 
        4508.73      3.56426e+6 
        4513.73      3.57193e+6 
        4514.12      3.57252e+6 
        4518.73      3.57953e+6 
        4523.35      3.58647e+6 
        4527.19      3.59219e+6 
        4527.96      3.59332e+6 
        4528.73      3.59448e+6 
        4530.27      3.59675e+6 
        4532.97       3.6007e+6 
        4533.29      3.60118e+6 
        4533.35      3.60127e+6 
        4533.73       3.6018e+6 
        4534.49       3.6029e+6 
        4536.01      3.60513e+6 
        4538.73      3.60906e+6 
        4543.73      3.61622e+6 
        4548.72      3.62332e+6 
        4553.72      3.63033e+6 
        4558.72      3.63724e+6 
        4563.72      3.64409e+6 
        4568.72      3.65084e+6 
        4573.72      3.65754e+6 
        4578.72      3.66413e+6 
        4583.72      3.67064e+6 
        4588.71      3.67708e+6 
        4593.71      3.68345e+6 
        4596.53      3.68666e+6 
        4596.98      3.68716e+6 
        4598.71      3.68911e+6 
        4600.89      3.69153e+6 
        4603.71      3.69464e+6 
         4604.8      3.69583e+6 
        4608.71       3.7001e+6 
        4613.71      3.70551e+6 
         4618.7      3.71085e+6 
         4623.7      3.71616e+6 
         4628.7      3.72144e+6 
         4633.7      3.72665e+6 
         4638.7       3.7318e+6 
         4643.7      3.73692e+6 
         4648.7      3.74198e+6 
         4653.7      3.74701e+6 
        4658.69      3.75197e+6 
        4663.69       3.7569e+6 
        4668.69      3.76177e+6 
        4673.69      3.76661e+6 
        4678.69      3.77139e+6 
        4683.69      3.77613e+6 
        4688.69      3.78084e+6 
        4693.69       3.7854e+6 
        4698.68      3.78977e+6 
        4703.68      3.79413e+6 
        4708.68      3.79844e+6 
        4713.68      3.80271e+6 
         4715.6      3.80434e+6 
        4718.68      3.80692e+6 
        4720.98      3.80887e+6 
        4721.76      3.80953e+6 
        4723.68      3.81113e+6 
        4724.83      3.81207e+6 
        4728.68      3.81528e+6 
        4733.68      3.81936e+6 
        4738.67      3.82341e+6 
        4743.67      3.82743e+6 
        4748.67      3.83142e+6 
        4753.67      3.83535e+6 
        4758.67      3.83921e+6 
        4763.67      3.84305e+6 
        4768.67      3.84682e+6 
        4773.66      3.85052e+6 
        4778.66       3.8542e+6 
        4783.66      3.85778e+6 
        4788.66      3.86127e+6 
        4793.66      3.86463e+6 
        4798.66       3.8679e+6 
        4803.66      3.87101e+6 
        4808.65      3.87399e+6 
        4813.65      3.87673e+6 
        4818.65      3.87918e+6 
        4823.65      3.88119e+6 
        4828.65      3.88254e+6 
        4833.65      3.88285e+6 
        4834.97      3.88266e+6 
        4838.65      3.88141e+6 
        4839.16      3.88109e+6 
        4842.32      3.87845e+6 
        4845.48       3.8738e+6 
         4845.5      3.87377e+6 
        4847.05      3.87047e+6 
        4848.64      3.86617e+6 
        4851.78      3.85398e+6 
        4854.39      3.83896e+6 
        4856.52      3.82272e+6 
         4858.4      3.80591e+6 
        4858.64      3.80368e+6 
        4858.66      3.80349e+6 
        4858.88      3.80148e+6 
        4859.36      3.79712e+6 
        4859.47      3.79614e+6 
        4860.06      3.79087e+6 
        4860.36      3.78816e+6 
        4860.66      3.78521e+6 
        4860.81      3.78348e+6 
        4860.95      3.78128e+6 
        4861.03      3.77981e+6 
         4861.1      3.77773e+6 
        4861.18      3.77459e+6 
        4861.25       3.7712e+6 
        4861.32      3.76928e+6 
         4861.4      3.77129e+6 
        4861.47      3.77484e+6 
        4861.54      3.77802e+6 
        4861.64      3.78075e+6 
        4861.69      3.78169e+6 
        4861.69      3.78172e+6 
        4861.69      3.78179e+6 
        4861.69      3.78185e+6 
        4861.74      3.78267e+6 
        4861.84      3.78417e+6 
        4861.98        3.786e+6 
        4861.99      3.78609e+6 
        4862.28      3.78936e+6 
        4862.58       3.7925e+6 
         4862.6      3.79269e+6 
        4863.18      3.79863e+6 
        4863.73      3.80431e+6 
        4863.76      3.80466e+6 
        4864.93      3.81688e+6 
        4866.13        3.829e+6 
        4868.41      3.84927e+6 
        4868.53      3.85018e+6 
        4868.64      3.85106e+6 
        4868.86      3.85279e+6 
        4869.32      3.85612e+6 
        4869.58        3.858e+6 
        4870.22      3.86234e+6 
        4870.86      3.86636e+6 
        4872.13      3.87365e+6 
        4874.62      3.88521e+6 
        4874.69      3.88546e+6 
        4874.75      3.88571e+6 
        4874.87      3.88621e+6 
        4875.12      3.88716e+6 
        4875.61      3.88904e+6 
        4876.61       3.8925e+6 
        4878.45      3.89815e+6 
        4878.54       3.8984e+6 
        4878.59      3.89853e+6 
        4878.64      3.89865e+6 
        4878.82      3.89916e+6 
        4879.19      3.90016e+6 
        4879.53      3.90104e+6 
        4879.92      3.90205e+6 
        4880.32      3.90299e+6 
        4880.94      3.90443e+6 
        4881.12      3.90484e+6 
        4882.71      3.90824e+6 
        4884.48      3.91153e+6 
         4887.4      3.91625e+6 
        4888.02      3.91716e+6 
        4888.63      3.91804e+6 
        4889.87       3.9197e+6 
        4891.06      3.92121e+6 
        4892.35      3.92275e+6 
        4893.63      3.92419e+6 
        4893.78      3.92435e+6 
         4896.2      3.92693e+6 
        4898.63      3.92932e+6 
        4903.34      3.93349e+6 
        4903.48      3.93362e+6 
        4903.63      3.93375e+6 
        4903.92      3.93397e+6 
         4904.5      3.93447e+6 
        4905.66      3.93541e+6 
        4907.33      3.93673e+6 
        4907.98      3.93723e+6 
        4908.63      3.93774e+6 
        4909.93      3.93871e+6 
        4911.43      3.93981e+6 
        4912.53      3.94063e+6 
        4913.01      3.94097e+6 
        4913.63      3.94141e+6 
        4915.55      3.94276e+6 
        4915.82      3.94295e+6 
        4918.24      3.94462e+6 
        4918.63      3.94487e+6 
         4921.7      3.94691e+6 
        4923.62      3.94817e+6 
        4925.16      3.94917e+6 
        4928.62      3.95134e+6 
        4933.62      3.95442e+6 
        4938.62       3.9574e+6 
        4943.62      3.96032e+6 
        4948.62      3.96318e+6 
        4953.62      3.96598e+6 
        4958.61      3.96874e+6 
        4963.61      3.97144e+6 
        4968.61      3.97411e+6 
        4973.61      3.97672e+6 
        4978.61       3.9793e+6 
        4983.61      3.98184e+6 
        4988.61      3.98429e+6 
        4993.61      3.98671e+6 
         4998.6      3.98913e+6 
         5003.6      3.99149e+6 
         5008.6      3.99381e+6 
         5013.6      3.99611e+6 
         5018.6      3.99837e+6 
         5023.6      4.00063e+6 
         5028.6      4.00283e+6 
         5033.6      4.00503e+6 
        5038.59       4.0072e+6 
        5043.59      4.00933e+6 
        5048.59      4.01144e+6 
        5053.59      4.01354e+6 
        5058.59      4.01558e+6 
        5063.59      4.01763e+6 
        5068.59      4.01964e+6 
        5073.58      4.02162e+6 
        5078.58      4.02359e+6 
        5083.58      4.02542e+6 
        5088.58      4.02721e+6 
        5093.58      4.02897e+6 
        5098.58      4.03073e+6 
        5103.58      4.03245e+6 
        5108.57      4.03415e+6 
        5113.57      4.03582e+6 
        5118.57      4.03748e+6 
        5123.57      4.03911e+6 
        5128.57      4.04072e+6 
        5133.57      4.04232e+6 
        5138.57      4.04389e+6 
        5143.57      4.04543e+6 
        5148.56      4.04697e+6 
        5153.56      4.04844e+6 
        5158.56      4.04995e+6 
        5163.56       4.0514e+6 
        5168.56      4.05284e+6 
        5173.56      4.05429e+6 
        5178.56      4.05564e+6 
        5183.56       4.0569e+6 
        5188.55      4.05812e+6 
        5193.55      4.05935e+6 
        5198.55      4.06054e+6 
        5203.55       4.0617e+6 
        5208.55      4.06286e+6 
        5213.55        4.064e+6 
        5218.55      4.06513e+6 
        5223.54      4.06623e+6 
        5228.54      4.06729e+6 
        5233.54      4.06836e+6 
        5238.54       4.0694e+6 
        5243.54      4.07044e+6 
        5248.54      4.07144e+6 
        5253.54      4.07245e+6 
        5258.53      4.07342e+6 
        5263.53      4.07436e+6 
        5268.53      4.07531e+6 
        5273.53      4.07622e+6 
        5278.53      4.07754e+6 
        5283.53      4.07889e+6 
        5288.53      4.08021e+6 
        5293.52      4.08153e+6 
        5298.52      4.08278e+6 
        5303.52      4.08404e+6 
        5308.52      4.08523e+6 
        5313.52      4.08643e+6 
        5318.52      4.08759e+6 
        5323.52      4.08872e+6 
        5328.52      4.08982e+6 
        5333.52      4.09092e+6 
        5338.51      4.09196e+6 
        5343.51      4.09299e+6 
        5348.51        4.094e+6 
        5353.51      4.09497e+6 
        5358.51      4.09591e+6 
        5363.51      4.09689e+6 
        5368.51       4.0978e+6 
         5373.5      4.09849e+6 
         5378.5       4.0989e+6 
         5383.5      4.09931e+6 
         5388.5      4.09968e+6 
         5393.5      4.10006e+6 
         5398.5      4.10044e+6 
         5403.5      4.10075e+6 
        5408.49       4.1011e+6 
        5413.49      4.10138e+6 
        5418.49      4.10169e+6 
        5423.49      4.10195e+6 
        5428.49       4.1022e+6 
        5433.49      4.10245e+6 
        5438.49      4.10267e+6 
        5443.48      4.10289e+6 
        5448.48      4.10308e+6 
        5453.48      4.10327e+6 
        5458.48      4.10342e+6 
        5463.48      4.10358e+6 
        5468.48      4.10371e+6 
        5473.48      4.10411e+6 
        5478.48      4.10452e+6 
        5483.48      4.10487e+6 
        5488.47      4.10524e+6 
        5493.47      4.10556e+6 
        5498.47       4.1059e+6 
        5503.47      4.10619e+6 
        5508.47      4.10647e+6 
        5513.47      4.10675e+6 
        5518.47        4.107e+6 
        5523.46      4.10722e+6 
        5528.46      4.10744e+6 
        5533.46      4.10763e+6 
        5538.46      4.10782e+6 
        5543.46      4.10798e+6 
        5548.46       4.1081e+6 
        5553.46      4.10823e+6 
        5558.45      4.10835e+6 
        5563.45      4.10845e+6 
        5568.45      4.10851e+6 
        5573.45      4.10857e+6 
        5578.45      4.10861e+6 
        5583.45      4.10864e+6 
        5588.45      4.10864e+6 
        5593.44      4.10861e+6 
        5598.44      4.10857e+6 
        5603.44      4.10854e+6 
        5608.44      4.10848e+6 
        5613.44      4.10839e+6 
        5618.44      4.10829e+6 
        5623.44       4.1082e+6 
        5628.44      4.10807e+6 
        5633.43      4.10795e+6 
        5638.43      4.10779e+6 
        5643.43       4.1076e+6 
        5648.43      4.10741e+6 
        5653.43      4.10722e+6 
        5658.43        4.107e+6 
        5663.43      4.10678e+6 
        5668.43      4.10656e+6 
        5673.42      4.10628e+6 
        5673.98      4.10625e+6 
        5678.42        4.106e+6 
        5682.86      4.10575e+6 
         5686.2      4.10553e+6 
        5687.31      4.10546e+6 
        5687.86      4.10543e+6 
        5688.42       4.1054e+6 
        5690.64      4.10524e+6 
        5693.42      4.10506e+6 
        5698.42      4.10471e+6 
        5703.41      4.10437e+6 
        5704.77      4.10427e+6 
        5708.41      4.10399e+6 
        5708.88      4.10396e+6 
        5712.06      4.10371e+6 
        5713.41      4.10361e+6 
        5715.23      4.10345e+6 
        5718.41       4.1032e+6 
        5723.41      4.10279e+6 
        5728.41      4.10239e+6 
        5733.41      4.10191e+6 
        5738.41      4.10147e+6 
         5743.4        4.101e+6 
         5748.4      4.10053e+6 
         5753.4      4.10003e+6 
         5758.4      4.09953e+6 
         5763.4       4.0988e+6 
         5768.4      4.09824e+6 
         5773.4       4.0977e+6 
         5778.4      4.09714e+6 
        5783.39      4.09654e+6 
        5788.39      4.09595e+6 
        5793.39      4.09535e+6 
        5798.39      4.09472e+6 
        5803.39      4.09409e+6 
        5808.39      4.09343e+6 
        5813.39      4.09277e+6 
        5818.39      4.09211e+6 
        5823.38      4.09142e+6 
        5828.38      4.09073e+6 
        5833.38      4.09001e+6 
        5838.38      4.08929e+6 
        5843.38      4.08856e+6 
        5848.38      4.08781e+6 
        5853.38      4.08705e+6 
        5858.37      4.08627e+6 
        5863.37      4.08548e+6 
        5868.37       4.0847e+6 
        5873.37      4.08388e+6 
        5878.37      4.08307e+6 
        5883.37      4.08222e+6 
        5888.37       4.0814e+6 
        5893.36      4.08052e+6 
        5898.36      4.07967e+6 
        5903.36      4.07879e+6 
        5908.36      4.07788e+6 
        5913.36      4.07697e+6 
        5918.36      4.07606e+6 
        5923.36      4.07515e+6 
        5928.35      4.07421e+6 
        5933.35      4.07326e+6 
        5938.35      4.07229e+6 
        5943.35      4.07132e+6 
        5948.35      4.07031e+6 
        5953.35      4.06934e+6 
        5958.35       4.0683e+6 
        5963.35      4.06726e+6 
        5968.34      4.06623e+6 
        5973.34      4.06519e+6 
        5978.34      4.06412e+6 
        5983.34      4.06305e+6 
        5988.34      4.06195e+6 
        5993.34      4.06085e+6 
        5998.34      4.05975e+6 
        6003.34      4.05862e+6 
        6008.33      4.05749e+6 
        6013.33      4.05636e+6 
        6018.33       4.0552e+6 
        6023.33      4.05404e+6 
        6028.33      4.05287e+6 
        6033.33      4.05168e+6 
        6038.32      4.05049e+6 
        6043.32      4.04929e+6 
        6048.32      4.04807e+6 
        6053.32      4.04684e+6 
        6058.32      4.04562e+6 
        6063.32      4.04436e+6 
        6068.32       4.0431e+6 
        6073.32      4.04185e+6 
        6078.31      4.04056e+6 
        6083.31      4.03927e+6 
        6088.31      4.03798e+6 
        6093.31      4.03666e+6 
        6098.31      4.03534e+6 
        6103.31      4.03402e+6 
        6108.31      4.03267e+6 
        6113.31      4.03132e+6 
         6118.3      4.02997e+6 
         6123.3      4.02862e+6 
         6128.3      4.02724e+6 
         6133.3      4.02586e+6 
         6138.3      4.02444e+6 
         6143.3      4.02306e+6 
         6148.3      4.02165e+6 
        6153.29       4.0202e+6 
        6158.29      4.01876e+6 
        6163.29      4.01731e+6 
        6168.29      4.01587e+6 
        6173.29      4.01439e+6 
        6178.29      4.01291e+6 
        6183.29      4.01144e+6 
        6188.28      4.00993e+6 
        6193.28      4.00842e+6 
        6198.28      4.00691e+6 
        6203.28       4.0054e+6 
        6208.28      4.00387e+6 
        6213.28      4.00233e+6 
        6218.28      4.00076e+6 
        6223.28      3.99922e+6 
        6228.27      3.99765e+6 
        6233.27      3.99604e+6 
        6238.27      3.99447e+6 
        6243.27      3.99287e+6 
        6244.38      3.99252e+6 
        6248.27      3.99127e+6 
        6252.16      3.99001e+6 
        6253.82      3.98945e+6 
        6256.04      3.98872e+6 
        6258.27        3.988e+6 
        6262.16      3.98674e+6 
        6262.71      3.98656e+6 
        6263.27      3.98637e+6 
        6264.37      3.98602e+6 
        6264.91      3.98583e+6 
        6266.59      3.98527e+6 
        6268.26      3.98473e+6 
        6269.97      3.98417e+6 
        6271.61       3.9836e+6 
        6273.26      3.98307e+6 
        6274.85      3.98253e+6 
        6276.56      3.98197e+6 
        6278.26       3.9814e+6 
        6280.08      3.98081e+6 
        6281.67      3.98027e+6 
        6283.26      3.97974e+6 
        6284.63      3.97927e+6 
        6286.44      3.97864e+6 
        6288.26      3.97804e+6 
        6290.52      3.97726e+6 
        6291.89      3.97682e+6 
        6293.26      3.97635e+6 
        6293.73      3.97619e+6 
        6295.99       3.9754e+6 
        6298.26      3.97462e+6 
        6302.31      3.97324e+6 
        6302.78      3.97308e+6 
        6303.25      3.97292e+6 
        6303.92      3.97267e+6 
         6304.2      3.97258e+6 
        6306.09      3.97192e+6 
        6308.25      3.97119e+6 
        6311.92       3.9699e+6 
        6312.59      3.96969e+6 
        6313.25      3.96943e+6 
        6314.58      3.96896e+6 
        6316.22       3.9684e+6 
        6317.23      3.96805e+6 
        6317.31      3.96802e+6 
        6318.25      3.96767e+6 
        6320.28      3.96698e+6 
        6323.25      3.96592e+6 
        6328.25      3.96416e+6 
        6333.25      3.96237e+6 
        6338.24      3.96054e+6 
        6343.24      3.95875e+6 
        6348.24      3.95693e+6 
        6353.24      3.95508e+6 
        6358.24      3.95322e+6 
        6363.24      3.95134e+6 
        6368.24      3.94945e+6 
        6373.23      3.94757e+6 
        6378.23      3.94565e+6 
        6383.23       3.9437e+6 
        6388.23      3.94172e+6 
        6393.23      3.93975e+6 
        6398.23      3.93774e+6 
        6403.23      3.93572e+6 
        6408.23      3.93365e+6 
        6413.22      3.93158e+6 
        6418.22      3.92944e+6 
        6423.22      3.92727e+6 
        6428.22      3.92507e+6 
        6433.22      3.92284e+6 
        6438.22      3.92052e+6 
        6443.22      3.91816e+6 
        6448.22      3.91574e+6 
        6453.21      3.91323e+6 
        6458.21      3.91062e+6 
        6463.21      3.90789e+6 
        6468.21      3.90506e+6 
        6473.21      3.90205e+6 
        6478.21      3.89884e+6 
         6483.2      3.89542e+6 
         6488.2      3.89168e+6 
         6493.2       3.8876e+6 
         6498.2      3.88304e+6 
         6503.2      3.87792e+6 
         6508.2      3.87198e+6 
         6513.2      3.86501e+6 
         6518.2      3.85662e+6 
        6523.19      3.84628e+6 
        6523.72      3.84506e+6 
        6528.19      3.83315e+6 
        6532.67      3.81804e+6 
         6536.1      3.80346e+6 
        6537.14      3.79837e+6 
        6537.38      3.79715e+6 
        6538.19      3.79288e+6 
        6540.29      3.78075e+6 
        6543.19      3.76077e+6 
        6546.46      3.73271e+6 
        6546.72      3.73011e+6 
        6548.19       3.7149e+6 
        6549.92      3.69464e+6 
        6553.11      3.64981e+6 
        6554.43      3.62826e+6 
        6556.31      3.59423e+6 
        6556.87       3.5833e+6 
         6557.9      3.56257e+6 
        6558.19      3.55672e+6 
         6559.5      3.52867e+6 
         6560.3      3.51057e+6 
         6561.1      3.49028e+6 
         6561.5      3.47953e+6 
         6561.9      3.46888e+6 
        6562.09      3.46269e+6 
        6562.29      3.45465e+6 
        6562.39      3.44922e+6 
        6562.49       3.4413e+6 
        6562.59      3.42996e+6 
        6562.69      3.41783e+6 
        6562.79      3.41142e+6 
        6562.89      3.41764e+6 
        6562.99      3.42983e+6 
        6563.09      3.44114e+6 
        6563.29      3.45421e+6 
        6563.29      3.45431e+6 
        6563.49      3.46222e+6 
        6563.69      3.46838e+6 
         6563.7      3.46851e+6 
        6564.09      3.47887e+6 
        6564.48      3.48908e+6 
        6564.49       3.4893e+6 
        6565.28        3.509e+6 
        6566.09      3.52672e+6 
         6567.2      3.54991e+6 
        6567.69      3.55977e+6 
        6568.18      3.56941e+6 
        6569.05      3.58591e+6 
        6569.16      3.58804e+6 
        6569.28      3.59018e+6 
        6569.33      3.59119e+6 
        6569.51      3.59442e+6 
        6569.98      3.60272e+6 
         6570.9      3.61864e+6 
        6572.47      3.64346e+6 
        6575.56      3.68459e+6 
        6575.61      3.68525e+6 
        6575.67      3.68587e+6 
        6575.78      3.68716e+6 
           6576      3.68971e+6 
        6576.44      3.69461e+6 
        6576.45       3.6948e+6 
        6576.63      3.69674e+6 
        6577.32      3.70397e+6 
        6578.18      3.71251e+6 
         6579.9      3.72791e+6 
        6583.18      3.75185e+6 
        6587.91      3.77704e+6 
        6588.18       3.7782e+6 
        6588.44      3.77934e+6 
        6588.98      3.78154e+6 
        6590.04      3.78568e+6 
        6591.02       3.7892e+6 
        6592.17        3.793e+6 
        6593.01      3.79561e+6 
        6593.31      3.79649e+6 
        6595.59      3.80262e+6 
        6598.17       3.8084e+6 
        6603.34      3.81713e+6 
        6613.66      3.82709e+6 
        6623.98      3.83136e+6 
         6634.3      3.83255e+6 
        6654.94      3.83014e+6 
        6680.98      3.82297e+6 
        6696.23      3.81773e+6 
        6711.48      3.81207e+6 
        6741.98      3.80001e+6 
        6781.19      3.78355e+6 
        6802.98      3.77406e+6 
        6824.78      3.76441e+6 
        6868.37      3.74494e+6 
        6955.56      3.70469e+6 
        6976.35      3.69486e+6 
        7042.75      3.66303e+6 
        7109.15      3.63055e+6 
        7175.54      3.59791e+6 
        7241.94      3.56473e+6 
        7308.33      3.53109e+6 
        7355.95      3.50674e+6 
        7374.73      3.49716e+6 
        7393.51      3.48745e+6 
        7431.08      3.46819e+6 
        7506.22      3.42936e+6 
        7581.35      3.39019e+6 
         7635.1      3.36198e+6 
        7656.49       3.3507e+6 
        7677.88      3.33942e+6 
        7720.67      3.31705e+6 
        7806.23      3.27216e+6 
        7821.36      3.26418e+6 
         7891.8      3.22704e+6 
        7962.25      3.18978e+6 
        7982.84      3.17898e+6 
        8032.69      3.15278e+6 
        8082.55      3.12658e+6 
        8161.68      3.08517e+6 
        8182.26       3.0744e+6 
        8200.85      3.06468e+6 
        8202.85      3.06364e+6 
        8204.85      3.06259e+6 
        8208.85      3.06051e+6 
        8216.85      3.05635e+6 
        8232.84      3.04804e+6 
        8264.83      3.03141e+6 
        8289.72      3.01849e+6 
        8328.82       2.9982e+6 
        8343.44      2.99062e+6 
        8367.92      2.97794e+6 
        8371.47      2.97612e+6 
        8388.68      2.96726e+6 
        8392.39      2.96535e+6 
        8408.65      2.95699e+6 
        8413.32      2.95459e+6 
        8432.02      2.94499e+6 
        8437.95      2.94194e+6 
        8467.25      2.92691e+6 
        8473.98      2.92346e+6 
        8502.48      2.90887e+6 
        8516.58      2.90165e+6 
        8530.98      2.89429e+6 
        8545.38        2.887e+6 
        8549.97      2.88467e+6 
        8574.18      2.87243e+6 
        8598.39      2.86019e+6 
         8628.6      2.84496e+6 
        8646.81      2.83578e+6 
        8652.39      2.83298e+6 
        8665.01      2.82663e+6 
        8685.59      2.81629e+6 
        8701.43      2.80834e+6 
        8750.47      2.78379e+6 
        8767.92      2.77508e+6 
        8815.35      2.75145e+6 
        8862.78      2.72816e+6 
        8900.38      2.70976e+6 
        8957.65      2.68185e+6 
        9014.91      2.65408e+6 
        9044.62      2.63974e+6 
        9072.17      2.62648e+6 
        9099.72      2.61325e+6 
        9154.81      2.58718e+6 
         9190.8      2.57023e+6 
         9209.9      2.56125e+6 
        9229.01      2.55229e+6 
        9267.22      2.53445e+6 
         9303.2       2.5177e+6 
        9343.64      2.49897e+6 
        9384.08      2.48033e+6 
        9464.96      2.44368e+6 
        9545.72      2.40742e+6 
        9545.84      2.40737e+6 
        9545.97      2.40731e+6 
        9546.21      2.40721e+6 
        9546.69        2.407e+6 
        9546.87      2.40692e+6 
        9547.66      2.40657e+6 
        9549.59       2.4057e+6 
        9553.47      2.40398e+6 
        9561.21      2.40053e+6 
        9576.69      2.39364e+6 
        9607.66       2.3799e+6 
        9668.45      2.35308e+6 
        9729.24       2.3268e+6 
        9790.04      2.30067e+6 
        9850.83      2.27476e+6 
        9870.42      2.26646e+6 
        9911.62      2.24907e+6 
        9952.82      2.23179e+6 
        10021.1      2.20365e+6 
        10035.2      2.19784e+6 
        10049.4      2.19203e+6 
        10077.7      2.18054e+6 
        10134.2      2.15765e+6 
        10144.5      2.15352e+6 
        10190.8      2.13493e+6 
        10237.2      2.11646e+6 
        10329.9      2.08082e+6 
        10422.6      2.04566e+6 
        10515.3      2.01099e+6 
          10608       1.9768e+6 
        10700.7       1.9431e+6 
        10793.4       1.9099e+6 
        10834.1      1.89547e+6 
        10886.1      1.87716e+6 
        10938.1      1.85888e+6 
        10990.1      1.84109e+6 
          11042      1.82334e+6 
          11094      1.80571e+6 
          11146      1.78824e+6 
          11198      1.77092e+6 
          11239      1.75735e+6 
          11250      1.75375e+6 
        11260.9      1.75016e+6 
        11282.8      1.74329e+6 
        11326.6      1.72962e+6 
        11414.2      1.70258e+6 
        11501.8      1.67592e+6 
        11589.4      1.64964e+6 
          11677      1.62374e+6 
        11764.6      1.59822e+6 
        11852.2      1.57309e+6 
        11939.8      1.54833e+6 
        12027.4      1.52395e+6 
          12115      1.49994e+6 
        12120.6      1.49842e+6 
        12202.6       1.4763e+6 
        12284.6      1.45451e+6 
        12366.6      1.43414e+6 
        12448.7      1.41403e+6 
        12530.7      1.39419e+6 
        12612.7       1.3746e+6 
        12694.7      1.35523e+6 
        12735.4      1.34566e+6 
        12776.7      1.33586e+6 
        12818.1      1.32586e+6 
        12900.8      1.30779e+6 
        12983.5      1.28938e+6 
        13066.2      1.27114e+6 
        13148.9      1.25313e+6 
        13154.8      1.25186e+6 
        13231.6      1.23538e+6 
        13308.4      1.21912e+6 
        13385.1      1.20416e+6 
        13461.9      1.18936e+6 
        13538.7      1.17474e+6 
        13615.5      1.16028e+6 
        13692.3        1.146e+6 
        13769.1      1.13188e+6 
        13845.9      1.11793e+6 
        13922.7      1.10414e+6 
        13999.5      1.09053e+6 
        14076.2      1.07707e+6 
          14153      1.06379e+6 
        14229.8      1.05066e+6 
        14281.2      1.04198e+6 
        14306.6       1.0377e+6 
        14332.1      1.03344e+6 
          14383      1.02535e+6 
        14410.1      1.02106e+6 
        14427.1      1.01839e+6 
        14433.9      1.01732e+6 
        14457.6       1.0136e+6 
        14505.2      1.00626e+6 
        14581.2          994628 
        14583.2          994323 
        14585.2          994022 
        14589.2          993441 
        14597.2          992281 
        14613.2          989969 
        14645.2          985354 
        14709.2          976178 
        14773.2          967070 
        14837.1          958032 
        14901.1          949063 
        14965.1          940169 
        15029.1          931347 
        15093.1          922595 
        15157.1          913918 
          15221          905310 
          15285          896774 
          15349          888314 
          15413          879926 
        15471.6          872307 
          15477          871610 
        15482.4          870912 
        15493.1          869499 
        15514.7          866681 
        15557.9          861067 
        15644.2          849936 
        15730.5          838937 
        15816.8          828070 
        15903.1          817336 
        15989.4          806723 
        16075.8          796246 
        16162.1          785901 
        16248.4          775684 
        16289.9          770818 
        16334.7          765597 
        16379.5          760410 
        16469.1          747746 
        16558.8          735337 
        16648.4          723179 
          16738          711260 
        16827.7          699579 
        16917.3          688131 
        17006.9          676910 
        17096.6          665908 
        17186.2          655123 
        17275.8          644548 
        17327.7          638526 
        17365.5          634181 
        17403.2          629874 
        17478.8          621354 
        17554.3          612972 
        17629.9          604728 
        17705.4          596620 
          17781          588643 
        17856.5          580796 
        17932.1          573074 
        18007.6          565352 
        18083.2          557853 
        18158.7          550464 
        18234.3          543178 
        18309.8          535984 
        18343.7          532776 
        18385.3          528859 
          18427          524954 
        18510.2          517112 
        18593.4          509013 
        18602.1          508131 
        18676.6          499934 
        18713.8          495241 
        18732.5          492875 
        18751.1          490754 
        18769.7          489759 
        18788.4          488992 
          18807          488241 
        18825.6          487384 
        18862.9          485310 
        18937.4          480243 
          19012          474657 
        19086.5          468924 
          19161          463181 
        19235.5          457472 
        19310.1          451827 
        19318.5          451189 
        19384.6          446251 
        19450.7          441369 
        19516.8          436549 
        19582.8          431853 
        19648.9          427144 
          19715          422500 
        19781.1          417917 
        19847.2          413393 
        19913.2          408932 
        19979.3          404527 
        20045.4          400182 
        20111.5          395894 
        20177.6          391662 
        20243.6          387484 
        20309.7          383362 
        20375.8          379294 
        20409.4          377246 
        20441.9          375276 
        20474.4          373319 
        20539.4          369442 
        20604.5          365615 
        20669.5          361836 
        20734.6          358107 
        20799.6          354422 
        20864.6          350787 
        20929.7          347193 
        20994.7          343646 
        21059.8          340147 
        21124.8          336688 
        21189.9          333273 
        21254.9          329899 
        21319.9          326569 
          21385          323279 
          21450          320028 
        21515.1          316820 
        21529.6          316107 
        21580.1          313650 
        21630.6          311215 
        21681.1          308805 
        21731.6          306417 
        21782.1          304052 
        21832.6          301709 
        21883.2          299388 
        21933.7          297089 
        21984.2          294812 
        22034.7          292556 
        22085.2          290322 
        22135.7          288109 
        22186.2          285916 
        22236.7          283743 
        22287.2          281591 
        22337.7          279459 
        22388.2          277347 
        22438.7          275255 
        22489.3          273182 
        22539.8          271128 
        22590.3          269092 
        22640.8          267077 
        22691.3          265079 
        22696.7          264864 
        22741.8          263100 
        22784.8          261427 
        22786.8          261350 
        22788.8          261272 
        22792.8          261118 
        22800.8          260809 
        22816.8          260193 
        22848.8          258966 
        22912.8          256534 
        22976.8          254129 
        23040.8          251753 
        23104.8          249404 
        23168.7          247081 
        23232.7          244785 
        23296.7          242516 
        23360.7          240272 
        23424.7          238054 
        23488.6          235861 
        23552.6          233692 
        23616.6          231549 
        23680.6          229429 
        23744.6          227334 
        23808.6          225262 
        23872.5          223213 
        23936.5          221187 
        24000.5          219184 
        24064.5          217203 
        24128.5          215244 
        24192.5          213307 
        24256.4          211391 
        24320.4          209496 
        24384.4          207623 
        24448.4          205770 
        24512.4          203937 
        24576.3          202124 
        24640.3          200332 
        24704.3          198558 
        24768.3          196805 
        24832.3          195070 
        24896.3          193354 
        24960.2          191657 
        25004.4          190495 
        25024.2          189977 
          25044          189462 
        25083.6          188436 
        25162.8          186406 
        25241.9          184402 
        25321.1          182425 
        25400.2          180474 
        25479.4          178548 
        25558.5          176648 
        25637.7          174773 
        25716.9          172922 
          25796          171096 
        25875.2          169293 
        25954.3          167514 
        26033.5          165758 
        26112.7          164024 
        26191.8          162313 
          26271          160624 
        26350.1          158956 
        26429.3          157310 
        26508.4          155685 
        26587.6          154081 
        26666.8          152497 
        26745.9          150933 
        26825.1          149388 
        26904.2          147864 
        26983.4          146358 
        27062.6          144872 
        27141.7          143404 
        27142.5          143389 
        27220.9          141954 
        27299.2          140538 
        27377.5          139139 
        27455.8          137758 
        27534.2          136394 
        27612.5          135046 
        27690.8          133715 
        27769.1          132400 
        27847.5          131101 
        27925.8          129817 
        28004.1          128549 
        28082.4          127297 
        28160.8          126059 
        28239.1          124837 
        28317.4          123628 
        28395.7          122435 
          28474          121255 
        28552.4          120090 
        28630.7          118939 
          28709          117801 
        28787.3          116677 
        28865.7          115565 
          28944          114467 
        29022.3          113382 
        29100.6          112310 
          29179          111250 
        29257.3          110202 
        29335.6          109167 
        29413.9          108144 
        29492.3          107132 
        29570.6          106132 
        29648.9          105144 
        29727.2          104167 
        29805.5          103202 
        29883.9          102247 
        29932.6          101659 
        29962.2          101303 
        29991.8          100950 
