# Koester WD models
# teff = 5250 K (value for the effective temperature for the model. Temperatures are given in K)
# logg = 9 log(cm/s2) (value for Log(G) for the model.)
#
# column 1: WAVELENGTH (ANGSTROM), Wavelength in Angstrom
# column 2: FLUX (ERG/CM2/S/A), Flux in erg/cm2/s/A
         899.23     0.000658396 
        900.304     0.000683808 
         900.67     0.000692671 
        901.378     0.000710132 
        902.452     0.000737398 
        904.235     0.000784804 
        906.018     0.000835038 
        906.361     0.000845026 
          907.8     0.000888257 
         908.45     0.000908417 
        909.241      0.00093354 
        910.032     0.000959314 
        911.193      0.00099836 
        911.613      0.00101286 
        912.034      0.00102755 
        912.465      0.00104284 
        912.875      0.00105754 
        913.037      0.00106341 
        913.241      0.00107086 
        913.284      0.00107243 
        913.478      0.00107956 
        913.531      0.00108152 
        913.755      0.00108978 
        913.822      0.00109228 
         914.08      0.00110194 
        914.165      0.00110514 
        914.499      0.00111779 
        914.575      0.00112069 
        915.071      0.00113974 
         915.54      0.00115807 
        915.609      0.00116075 
        915.643      0.00116209 
        915.677      0.00116344 
        915.741      0.00116597 
        915.813      0.00116882 
        916.085      0.00117967 
        916.429      0.00119352 
        916.858      0.00121097 
        917.118      0.00122168 
        917.196      0.00122492 
        917.378      0.00123248 
        917.899      0.00125436 
        917.952      0.00125661 
        918.287      0.00127091 
        918.602      0.00128446 
        919.251      0.00131288 
        920.215      0.00135613 
        921.882      0.00143406 
        921.999      0.00143969 
        922.143      0.00144665 
        922.405      0.00145934 
         922.81      0.00147923 
        923.621      0.00151978 
        925.001       0.0015912 
        925.242        0.001604 
        925.484       0.0016169 
        925.564       0.0016212 
        925.966      0.00164297 
        926.164      0.00165377 
        926.369      0.00166496 
        927.173       0.0017097 
        927.276      0.00171545 
        928.182      0.00176735 
        928.917      0.00181068 
         928.98      0.00181448 
        929.089      0.00182109 
        929.261      0.00183155 
        929.317      0.00183493 
        929.543      0.00184879 
        929.655      0.00185564 
        929.769      0.00186261 
        929.827      0.00186617 
        929.883       0.0018696 
         929.91      0.00187126 
        929.939      0.00187305 
        929.954      0.00187397 
        929.968      0.00187483 
        929.982       0.0018757 
        929.996      0.00187656 
         930.01      0.00187743 
        930.024      0.00187829 
        930.038      0.00187915 
        930.052      0.00188002 
        930.081      0.00188181 
        930.137      0.00188528 
        930.201      0.00188924 
        930.247       0.0018921 
        930.249      0.00189222 
        930.251      0.00189235 
        930.301      0.00189546 
        930.326      0.00189695 
        930.329      0.00189714 
        930.402      0.00190169 
        930.478      0.00190642 
         930.63      0.00191577 
        930.931      0.00193403 
        931.229      0.00195217 
         931.49      0.00196804 
        931.534      0.00197076 
        931.838      0.00198956 
        932.447      0.00202785 
        933.265      0.00208053 
        933.403      0.00208957 
        933.432      0.00209141 
        933.542      0.00209866 
        933.652      0.00210595 
        933.872       0.0021206 
        933.973      0.00212731 
        934.073        0.002134 
        934.312      0.00215016 
        934.316      0.00215043 
        934.652      0.00217361 
         935.23      0.00221548 
        935.688      0.00225114 
        936.144       0.0022897 
        936.372      0.00230902 
        936.601      0.00232707 
        936.714      0.00233564 
        936.829      0.00234434 
        936.887      0.00234875 
        936.944      0.00235308 
        936.973      0.00235529 
        937.001      0.00235742 
        937.015      0.00235849 
        937.029      0.00235956 
        937.043      0.00236062 
        937.058      0.00236177 
        937.072      0.00236284 
        937.086      0.00236391 
        937.101      0.00236505 
        937.115      0.00236613 
        937.143      0.00236827 
          937.2      0.00237263 
        937.314      0.00238139 
        937.493      0.00239518 
        937.542      0.00239895 
        937.593      0.00240279 
        937.694      0.00240998 
        937.788      0.00241619 
        937.894      0.00242265 
            938      0.00242841 
        938.212      0.00243907 
        938.359       0.0024466 
        938.556      0.00245651 
        938.636      0.00246051 
        938.914      0.00247602 
        939.271      0.00249699 
        939.986      0.00254427 
         940.58      0.00258708 
         940.66      0.00259309 
        940.675      0.00259422 
          940.7       0.0025961 
         940.74      0.00259913 
        940.901      0.00261109 
        941.221      0.00263538 
        941.861      0.00268612 
        943.048      0.00278629 
         943.16      0.00279513 
        944.234      0.00289355 
        945.308      0.00300046 
        945.605      0.00303243 
        946.382      0.00311962 
        947.158      0.00322016 
        947.787      0.00331086 
        947.935      0.00333185 
        948.083      0.00335192 
        948.213      0.00336842 
        948.314      0.00338061 
        948.379      0.00338805 
        948.546      0.00340627 
        948.661      0.00341865 
        948.777      0.00343115 
        948.835      0.00343744 
        948.893      0.00344369 
        948.922      0.00344686 
        948.951         0.00345 
        948.966      0.00345164 
         948.98      0.00345314 
        948.994      0.00345465 
        949.009      0.00345629 
        949.023      0.00345783 
        949.037      0.00345933 
        949.052      0.00346097 
        949.066      0.00346251 
        949.095      0.00346565 
        949.153      0.00347199 
         949.23      0.00348041 
        949.258      0.00348346 
        949.269      0.00348465 
         949.28      0.00348588 
         949.33      0.00349135 
         949.36      0.00349464 
         949.43      0.00350234 
          949.5      0.00351004 
         949.64      0.00352518 
        949.795      0.00354073 
        949.879      0.00354868 
        949.921      0.00355226 
        949.963      0.00355591 
        950.047      0.00356247 
        950.131      0.00356916 
        950.467      0.00359229 
        950.888      0.00362015 
        951.308      0.00365248 
        951.728      0.00368949 
        952.149      0.00373312 
          952.4      0.00376024 
        952.569      0.00377956 
        952.738      0.00379972 
        953.076      0.00384176 
        953.753      0.00392957 
        954.198      0.00398976 
         954.43      0.00402237 
        955.106        0.004119 
        956.014      0.00425409 
         956.37      0.00430763 
         957.83      0.00453326 
        958.148       0.0045834 
        959.289       0.0047647 
         960.43      0.00495275 
        961.192      0.00508253 
        962.712      0.00534347 
        964.231      0.00560988 
         965.75       0.0058864 
        966.507      0.00602724 
        966.767      0.00607609 
        967.269      0.00617125 
        968.032      0.00631793 
        968.668      0.00644199 
        968.979      0.00650303 
        969.297      0.00656571 
        969.927      0.00668942 
        970.401      0.00677993 
        970.638      0.00682235 
        970.874      0.00685747 
        970.992      0.00686912 
         971.11      0.00687516 
         971.23      0.00687321 
        971.348      0.00684657 
        971.466      0.00680089 
        971.535      0.00677799 
        971.567      0.00677199 
        971.584      0.00677349 
        971.635      0.00679514 
        971.644      0.00680265 
        971.703      0.00687629 
        971.732      0.00691367 
        971.762      0.00693745 
        971.778      0.00694279 
        971.792      0.00694581 
        971.806      0.00694873 
        971.821      0.00695184 
        971.827       0.0069531 
        971.833      0.00695432 
        971.836      0.00695495 
        971.839      0.00695558 
        971.851      0.00695806 
        971.866       0.0069612 
         971.88      0.00696409 
         971.91      0.00696931 
        971.969      0.00693748 
        972.037      0.00688112 
        972.087        0.006876 
        972.137      0.00689806 
         972.15      0.00690821 
        972.237      0.00697631 
        972.324      0.00704653 
        972.499      0.00714838 
        972.548      0.00717059 
        972.673      0.00721665 
        972.798      0.00725676 
        973.048      0.00732359 
        973.351      0.00739776 
        973.548      0.00744331 
        973.746      0.00748912 
         974.14      0.00758117 
        974.217      0.00759904 
        974.821      0.00773934 
        974.928      0.00776429 
         975.64       0.0079312 
        977.063      0.00827119 
        979.305      0.00883199 
        981.547      0.00942522 
        983.653       0.0100151 
        983.788       0.0100542 
        983.923       0.0100933 
        984.194        0.010171 
        984.734        0.010328 
        985.011       0.0104095 
        985.815       0.0106491 
        986.618       0.0108938 
        987.139        0.011044 
        988.225       0.0113836 
        989.312       0.0117394 
        990.399       0.0121076 
        991.266        0.012409 
        992.573       0.0128769 
         993.88       0.0133612 
         994.54       0.0136125 
        995.186       0.0138627 
        996.493       0.0143817 
        997.574       0.0148246 
        997.806       0.0149214 
        998.447       0.0151915 
        999.319        0.015567 
        999.435       0.0156175 
        1001.06       0.0163433 
        1002.69       0.0171006 
        1004.32       0.0178904 
        1005.84       0.0186544 
        1005.95       0.0187142 
        1007.58       0.0195733 
        1009.33       0.0205343 
        1011.07       0.0215408 
         1011.3       0.0216782 
        1012.82       0.0225933 
        1014.33       0.0235445 
        1015.38       0.0242258 
        1015.84       0.0245334 
        1017.36        0.025561 
        1017.62       0.0257447 
        1019.33        0.026964 
        1021.04       0.0282422 
        1022.47       0.0293719 
        1022.76       0.0296088 
        1023.04       0.0298485 
        1023.19       0.0299706 
        1023.54       0.0302906 
        1023.62        0.030358 
        1023.79       0.0305026 
        1024.04       0.0306971 
        1024.17       0.0307585 
        1024.29       0.0307923 
        1024.41       0.0307811 
        1024.54       0.0306542 
        1024.74       0.0303803 
        1024.77       0.0303764 
        1024.79       0.0303913 
        1024.84       0.0304955 
        1024.85       0.0305336 
        1024.91       0.0308388 
        1024.95       0.0309929 
        1024.98       0.0310858 
        1024.99       0.0311066 
        1025.01       0.0311212 
        1025.03       0.0311345 
        1025.04       0.0311469 
        1025.06       0.0311602 
        1025.07       0.0311734 
        1025.09       0.0311859 
         1025.1       0.0311992 
        1025.13       0.0312244 
         1025.2       0.0311597 
        1025.27       0.0309062 
        1025.32       0.0308298 
        1025.37       0.0308727 
        1025.47        0.031138 
        1025.52        0.031309 
        1025.57       0.0314624 
        1025.62       0.0316182 
        1025.72       0.0318796 
        1025.77       0.0319729 
        1025.92       0.0322086 
        1026.07       0.0323942 
        1026.26       0.0325708 
        1026.37       0.0326666 
        1026.67        0.032906 
        1026.68       0.0329157 
        1027.07       0.0332208 
        1027.87       0.0338997 
         1028.8       0.0347115 
        1029.07       0.0349565 
        1029.34       0.0352037 
        1029.88       0.0357048 
        1030.96       0.0367309 
        1033.08       0.0388213 
        1033.13       0.0388741 
        1033.19       0.0389268 
        1033.23       0.0389705 
        1033.29       0.0390327 
         1033.5       0.0392454 
        1033.91       0.0396742 
        1034.75       0.0405445 
        1036.27       0.0421771 
        1037.78       0.0438705 
        1039.17       0.0454752 
        1039.26       0.0455763 
         1039.3       0.0456269 
        1039.34       0.0456775 
         1039.5       0.0458673 
        1039.52       0.0458817 
        1039.86        0.046292 
        1040.55       0.0471229 
        1041.92        0.048826 
        1044.35       0.0519601 
        1046.77       0.0552785 
        1049.03       0.0585527 
        1049.19       0.0587911 
        1049.35       0.0590305 
        1049.67       0.0595109 
        1050.31       0.0604823 
        1051.59       0.0624687 
        1053.95       0.0662895 
        1054.15       0.0666228 
        1054.35        0.066958 
        1054.75       0.0676325 
        1054.95       0.0679721 
        1055.55       0.0690007 
        1057.15       0.0718134 
        1059.36       0.0758531 
        1061.56       0.0801112 
        1063.16       0.0833443 
        1063.76       0.0845874 
        1064.36       0.0858475 
        1065.56       0.0884192 
        1066.56       0.0906161 
        1067.96       0.0937759 
        1069.36       0.0970366 
        1069.96       0.0984607 
        1072.16        0.103848 
        1074.36        0.109504 
        1076.56        0.115441 
        1078.16        0.119941 
        1078.69        0.121449 
        1078.76         0.12167 
        1078.98        0.122299 
        1079.36        0.123422 
        1080.57        0.127008 
        1080.71        0.127451 
        1082.44        0.132804 
        1084.17        0.138362 
         1085.9        0.144126 
        1087.64        0.150109 
        1089.32        0.156138 
        1089.37        0.156317 
        1089.42        0.156503 
        1089.52        0.156868 
        1089.72        0.157601 
        1090.12        0.159076 
        1090.67        0.161125 
        1090.92        0.162064 
        1092.52        0.168196 
        1094.37        0.175548 
        1096.22        0.183192 
        1096.77        0.185523 
        1098.07        0.191139 
        1099.37        0.196911 
        1099.57        0.197814 
        1101.97         0.20895 
        1104.37        0.220653 
        1106.78        0.232948 
        1108.98        0.244762 
        1109.18        0.245862 
        1109.38        0.246967 
        1109.78        0.249185 
        1109.98        0.250301 
        1110.58        0.253676 
        1112.18         0.26288 
        1114.38        0.276032 
        1116.58        0.289781 
        1118.18        0.300168 
        1118.68         0.30351 
        1118.78         0.30415 
        1119.38         0.30818 
        1120.08        0.312916 
        1121.47        0.322585 
        1123.78         0.33922 
        1124.25        0.342751 
        1124.73         0.34632 
        1125.68        0.353555 
        1125.79        0.354384 
        1127.08        0.364384 
        1127.59         0.36844 
        1127.85        0.370497 
        1129.38        0.382998 
        1129.77        0.386187 
        1131.69        0.402485 
        1133.62        0.419409 
        1135.54         0.43698 
        1137.46        0.455217 
        1139.39        0.474151 
        1141.31        0.493802 
        1142.08        0.501869 
        1143.23          0.5142 
           1144        0.522582 
        1144.39        0.526807 
         1146.7        0.552923 
        1149.39        0.584782 
        1149.77        0.589454 
        1152.08        0.618187 
        1154.39        0.647963 
         1156.7        0.678955 
        1158.62        0.705555 
           1159        0.710845 
        1159.01        0.710958 
        1159.39        0.716365 
        1160.16        0.727203 
         1161.7        0.749066 
        1164.39        0.788197 
        1169.39        0.862848 
         1171.9        0.900588 
        1173.15        0.920094 
         1174.4        0.940587 
        1175.65        0.962656 
         1176.9        0.985841 
        1177.86         1.00458 
        1178.15         1.01039 
         1179.4          1.0362 
        1180.94         1.06902 
        1182.86          1.1119 
        1184.01          1.1381 
        1185.17         1.16482 
        1185.56         1.17389 
        1187.48         1.21938 
         1189.4         1.26603 
        1192.09         1.33401 
        1193.24         1.36446 
        1194.03         1.38562 
         1194.4         1.39558 
        1196.72         1.45963 
         1196.9         1.46478 
         1199.4         1.53646 
         1201.9         1.61199 
         1204.4         1.69234 
         1206.9         1.77688 
        1208.48         1.83173 
         1209.4         1.86405 
        1210.33         1.89666 
        1211.64         1.94352 
        1212.16         1.96245 
        1212.69         1.98152 
        1213.61         2.01532 
        1213.74         2.02017 
        1213.81         2.02251 
        1213.88         2.02503 
        1214.14         2.03478 
        1214.17         2.03605 
        1214.47         2.04712 
        1214.62         2.05268 
        1214.76         2.05825 
        1214.84         2.06104 
        1214.91         2.06384 
        1214.95         2.06524 
        1214.98         2.06663 
           1215         2.06735 
        1215.02         2.06804 
        1215.04         2.06872 
        1215.06         2.06944 
        1215.08         2.07012 
         1215.1          2.0708 
        1215.11         2.07152 
        1215.13          2.0722 
        1215.17         2.07361 
        1215.24         2.07641 
        1215.39         2.08204 
        1215.64         2.09143 
        1215.69         2.09334 
        1215.74         2.09526 
         1215.8         2.09748 
        1215.84         2.09909 
        1216.04         2.10677 
        1216.06         2.10781 
        1216.28          2.1161 
        1216.76         2.13488 
        1217.46         2.16226 
        1218.32         2.19606 
        1218.86         2.21793 
        1218.98          2.2229 
        1219.41         2.23982 
        1219.83         2.25668 
         1220.1         2.26755 
        1220.67         2.28993 
        1222.36         2.35509 
        1224.62         2.44296 
        1226.88         2.53554 
        1228.86          2.6212 
        1229.13         2.63353 
        1229.41         2.64595 
        1229.74         2.66114 
        1229.96         2.67122 
        1230.18         2.68131 
        1230.62         2.70162 
        1231.49         2.74279 
        1231.69          2.7524 
        1233.24         2.82731 
        1234.79         2.90478 
        1236.38         2.98619 
        1237.89         3.06603 
        1239.41         3.14781 
        1240.47         3.20634 
        1242.44         3.31802 
        1244.41         3.43298 
        1247.29         3.60812 
        1248.35         3.67456 
        1248.65          3.6936 
        1249.41         3.74223 
        1251.53         3.88094 
        1251.91         3.90629 
        1254.41         4.07666 
        1256.91         4.25343 
        1259.41         4.43712 
        1261.91         4.62857 
        1264.41          4.8286 
        1266.91         5.03723 
        1269.41         5.25595 
        1271.91         5.48582 
        1274.41          5.7258 
        1276.91         5.97424 
        1279.42         6.23402 
        1281.92         6.50288 
        1284.42         6.77971 
        1286.92         7.06616 
        1289.42          7.3632 
        1291.92         7.66841 
        1294.42         7.98533 
        1296.92         8.31272 
        1299.42          8.6511 
        1301.92          9.0038 
        1304.42         9.36908 
        1306.92         9.74619 
        1309.42         10.1368 
        1311.92         10.5391 
        1314.42         10.9546 
        1316.92         11.3848 
        1319.42         11.8302 
        1321.92         12.2912 
        1324.42         12.7687 
        1326.92         13.2652 
        1329.42         13.7784 
        1334.42         14.8497 
        1339.42         15.9901 
        1341.92         16.5875 
        1344.42         17.2047 
        1346.92         17.8467 
        1349.42         18.5104 
        1354.42         19.9043 
        1359.42         21.3898 
        1364.42         22.9596 
        1365.19         23.2091 
        1369.42         24.6248 
        1373.65         26.1187 
        1376.35         27.1154 
        1377.88         27.6996 
        1379.42         28.2958 
        1380.57         28.7496 
         1382.5         29.5219 
        1384.42         30.3129 
        1387.12         31.4546 
        1388.27         31.9535 
        1389.03         32.2865 
        1389.42         32.4596 
        1391.73         33.4925 
        1394.42         34.7334 
        1399.42         37.1248 
        1404.42         39.6582 
        1409.42         42.3487 
        1414.42         45.2113 
        1419.42         48.2633 
        1424.42         51.4822 
        1429.42         54.8802 
        1434.42         58.4421 
        1439.42         62.1885 
        1444.42         66.1412 
        1449.42         70.3368 
        1454.42         74.7963 
        1459.42         79.5059 
        1464.42         84.4938 
        1465.96           86.09 
        1469.42         89.7672 
        1472.88         93.5576 
        1473.27         93.9811 
        1474.42         95.2644 
        1476.35         97.4371 
        1479.42         100.984 
        1484.42          106.99 
        1489.42         113.297 
        1494.42         119.885 
        1499.42         126.833 
        1504.42         134.199 
        1509.42         141.989 
        1514.42         150.192 
        1519.42         158.838 
        1524.42         167.978 
        1529.42         177.573 
        1534.42         187.571 
        1539.42         197.914 
        1544.42         208.685 
        1549.42         219.919 
        1554.42         231.508 
        1559.42         243.385 
        1564.42         255.722 
        1566.72          261.58 
        1569.42         268.663 
        1570.19         270.728 
        1572.11          275.94 
        1574.41         282.335 
         1574.8         283.412 
        1579.41         296.653 
        1584.41         311.638 
        1589.41         327.238 
        1594.41         343.634 
        1599.41         360.875 
        1604.41         378.904 
        1609.41         397.986 
        1614.41         418.155 
        1619.41         439.631 
        1624.41         462.348 
        1629.41         486.457 
        1634.41         511.633 
        1639.41         537.797 
        1644.41         564.346 
        1649.41          591.11 
        1654.41         617.898 
        1659.41         644.733 
        1664.41         671.716 
        1665.56             678 
         1669.4         699.312 
        1670.17         703.638 
        1673.25         721.074 
         1674.4          727.75 
        1676.33         739.085 
         1679.4          757.62 
         1684.4         788.562 
         1689.4         820.458 
         1694.4         853.813 
         1699.4         888.788 
         1704.4         925.874 
         1709.4          964.83 
         1714.4         1005.47 
         1719.4         1047.87 
         1724.4         1091.95 
         1729.4         1137.89 
         1734.4         1185.61 
         1739.4         1235.05 
         1744.4         1286.22 
        1749.39         1339.05 
        1754.39         1393.78 
        1759.39          1450.3 
        1764.39         1508.74 
        1767.08         1541.01 
        1767.85         1550.35 
        1769.39         1569.15 
         1771.7         1597.71 
        1774.39         1631.62 
        1775.55         1646.35 
        1779.39         1696.25 
        1784.39         1763.18 
        1789.39         1832.45 
        1794.39         1903.93 
        1799.39         1977.78 
        1809.39         2132.26 
        1819.38         2296.78 
           1824         2376.07 
        1829.38         2471.44 
        1834.77         2569.98 
        1840.15         2671.59 
        1845.54         2776.51 
        1850.92         2884.99 
         1856.3         2997.42 
           1864         3163.87 
        1867.07         3232.32 
        1870.14         3302.03 
        1876.29         3445.95 
        1882.44         3595.05 
        1888.59         3749.52 
        1894.73         3909.59 
        1900.88         4075.18 
        1906.98         4245.27 
        1907.03         4246.62 
        1913.17         4423.99 
        1919.37         4608.84 
        1925.56         4798.81 
        1931.76         4995.67 
        1937.95         5202.95 
        1944.14            5413 
        1944.47         5424.34 
        1950.34         5635.17 
        1956.53         5859.13 
        1968.59         6315.42 
        1980.65         6799.85 
        1992.71         7313.41 
        2004.77         7857.78 
        2015.84         8385.35 
        2016.83         8433.73 
        2017.81         8482.33 
        2019.79         8580.44 
        2023.73         8780.94 
        2031.63         9191.58 
        2039.52          9613.3 
        2047.42         10050.3 
        2055.31         10503.1 
        2059.38         10742.6 
         2063.2           10972 
        2067.03         11205.3 
        2074.69         11685.4 
        2082.34         12181.7 
        2089.99         12694.5 
        2094.36         12993.9 
        2097.65         13223.8 
         2105.3         13770.2 
        2116.25         14582.7 
         2127.2         15432.9 
        2132.72         15878.9 
        2138.15         16328.5 
         2149.1           17257 
        2157.29           17977 
        2165.47         18720.3 
        2173.66         19487.2 
        2181.85         20278.2 
        2198.22         21934.8 
         2214.5         23683.8 
         2214.6         23694.6 
         2214.7         23705.3 
        2214.74         23710.4 
        2214.89         23726.7 
        2215.28         23769.6 
        2216.05         23855.5 
         2217.6         24028.1 
        2220.71         24372.4 
        2226.91           25071 
        2227.03         25084.6 
        2239.33         26513.2 
        2251.62         27991.8 
        2263.91         29527.3 
        2276.21         31153.8 
         2288.5         32830.6 
        2300.79         34569.8 
        2312.95         36382.8 
        2313.04         36396.9 
        2313.09         36404.1 
        2313.13         36411.4 
        2313.32         36439.6 
         2313.7         36496.2 
        2314.45         36609.3 
        2315.95         36836.4 
        2318.95         37293.5 
        2324.96         38220.6 
        2336.98         40152.7 
           2349         42188.4 
        2359.67         44062.7 
        2361.01         44302.4 
        2362.35           44550 
        2365.04         45050.1 
         2370.4         46064.5 
        2381.12         48148.7 
        2391.85         50308.5 
        2395.88         51170.9 
        2402.58         52636.4 
        2409.27         54137.2 
        2415.97         55677.5 
        2422.67         57259.9 
        2429.36         58948.2 
        2436.06         60681.7 
        2442.71         62451.1 
        2449.45         64294.6 
        2451.59         64891.5 
        2456.19           66189 
        2460.79         67594.5 
        2469.99         70477.2 
        2479.19         73486.3 
        2488.39         76641.7 
        2497.59         80023.3 
        2503.55           82316 
        2506.78           83583 
        2510.01         84853.5 
        2516.47         87408.5 
        2522.93         89766.3 
        2529.39         92427.9 
        2535.86         95269.7 
        2542.32         98204.6 
        2548.78          101234 
        2551.24          102416 
        2555.24          104360 
        2559.23          106366 
        2567.22          110705 
        2575.22          115255 
        2583.21          120133 
         2591.2          125183 
        2599.19          130466 
        2607.18          136044 
        2615.18          141925 
        2623.17          148040 
        2631.16          154425 
        2639.15          161223 
        2647.14          168259 
        2652.61          173173 
        2655.14          175490 
        2657.67          177835 
        2662.74          182142 
         2667.8          186505 
        2677.93          195402 
        2680.79          197954 
        2688.06          204627 
        2698.19          214119 
        2699.62          215468 
        2718.45          233567 
        2737.28          252309 
        2746.69          261911 
        2756.11          271779 
        2765.52          282180 
        2774.94          292754 
        2784.35          303507 
        2793.77          314439 
         2812.6          336854 
        2831.43          359935 
        2845.97          378295 
        2850.26          383796 
        2854.55          389341 
        2863.12          401382 
        2871.69          413685 
        2888.83          439311 
        2905.98          465857 
        2923.12          493324 
        2927.55          500569 
        2940.26          521743 
        2952.98          543461 
        2978.42          586674 
        3003.85          632189 
        3007.16          638249 
        3029.29          679671 
        3040.36          700946 
        3051.42          722601 
        3062.49          747416 
        3073.55          772728 
        3095.68          824835 
        3117.81          878980 
        3130.03          909818 
        3139.94          935456 
        3149.86          961720 
        3159.77          991326 
        3169.69      1.02149e+6 
        3189.51      1.08346e+6 
        3209.34      1.14761e+6 
        3210.05      1.14994e+6 
        3229.17      1.21382e+6 
        3238.73      1.24649e+6 
        3243.51      1.26301e+6 
        3248.29      1.27966e+6 
        3253.07      1.29232e+6 
        3257.86      1.30503e+6 
        3262.64       1.3178e+6 
        3267.41      1.33063e+6 
         3272.2      1.34353e+6 
        3276.98      1.35648e+6 
        3281.76      1.36955e+6 
        3286.54      1.38271e+6 
        3291.32      1.39593e+6 
        3293.27      1.40134e+6 
        3300.88      1.42253e+6 
           3320      1.47638e+6 
        3346.73       1.5531e+6 
        3355.22      1.57852e+6 
        3373.46      1.63374e+6 
        3400.19      1.71598e+6 
        3445.17      1.85765e+6 
        3490.14      2.00324e+6 
        3526.63      2.12382e+6 
        3529.87      2.13465e+6 
        3535.11      2.15216e+6 
         3543.6       2.1806e+6 
        3560.58      2.23814e+6 
        3591.28      2.34316e+6 
        3635.88      2.49835e+6 
        3638.96      2.50914e+6 
        3642.04      2.52018e+6 
        3643.12      2.52405e+6 
        3645.12      2.53121e+6 
        3645.28      2.53178e+6 
        3647.12      2.53838e+6 
        3648.96      2.54498e+6 
        3651.32      2.55343e+6 
        3652.64      2.55816e+6 
        3653.96       2.5629e+6 
        3654.24       2.5639e+6 
         3656.6      2.57235e+6 
        3658.96      2.58081e+6 
         3663.4      2.59671e+6 
        3663.68      2.59772e+6 
        3663.96      2.59872e+6 
        3664.52      2.60073e+6 
        3665.64      2.60474e+6 
         3666.8      2.60889e+6 
        3667.88      2.61276e+6 
        3668.28      2.61419e+6 
        3668.95      2.61663e+6 
        3671.11      2.62437e+6 
        3673.95      2.63454e+6 
         3675.2      2.63901e+6 
        3678.95      2.65245e+6 
        3682.58      2.66545e+6 
         3682.7      2.66588e+6 
        3682.82      2.66631e+6 
        3683.06      2.66717e+6 
        3683.18      2.66758e+6 
        3683.54      2.66889e+6 
         3684.5      2.67232e+6 
        3684.82      2.67346e+6 
        3685.83      2.67706e+6 
        3686.83      2.68067e+6 
        3688.74       2.6875e+6 
        3688.85      2.68788e+6 
        3688.94      2.68821e+6 
        3688.95      2.68825e+6 
        3689.16        2.689e+6 
        3689.38      2.68978e+6 
        3689.73      2.69104e+6 
        3689.82      2.69135e+6 
         3689.9      2.69165e+6 
        3690.07      2.69226e+6 
        3690.41      2.69348e+6 
        3690.62      2.69424e+6 
        3691.09      2.69591e+6 
        3691.47      2.69727e+6 
        3691.55      2.69757e+6 
         3691.7      2.69809e+6 
        3692.48       2.7009e+6 
         3693.5      2.70453e+6 
         3694.4      2.70775e+6 
         3695.3      2.71097e+6 
        3695.81      2.71279e+6 
         3696.2      2.71419e+6 
        3696.53      2.71536e+6 
        3696.59      2.71558e+6 
        3696.65      2.71579e+6 
        3696.67      2.71586e+6 
        3696.76       2.7162e+6 
        3696.77      2.71623e+6 
        3696.87       2.7166e+6 
        3696.93       2.7168e+6 
        3696.99        2.717e+6 
        3697.04       2.7172e+6 
         3697.1      2.71741e+6 
        3697.15       2.7176e+6 
        3697.21       2.7178e+6 
        3697.26      2.71801e+6 
        3697.32      2.71821e+6 
        3697.35       2.7183e+6 
        3697.41       2.7185e+6 
        3697.43      2.71861e+6 
        3697.46      2.71871e+6 
         3697.5      2.71884e+6 
        3697.53      2.71895e+6 
        3697.58      2.71913e+6 
        3697.66      2.71941e+6 
        3697.82      2.71999e+6 
        3698.11      2.72102e+6 
        3698.43      2.72217e+6 
        3698.69       2.7231e+6 
        3698.89       2.7238e+6 
        3698.95      2.72402e+6 
        3699.01      2.72424e+6 
        3699.13      2.72468e+6 
        3699.37      2.72555e+6 
        3699.53      2.72612e+6 
        3699.86       2.7273e+6 
        3699.88      2.72735e+6 
        3700.19      2.72847e+6 
         3700.2       2.7285e+6 
         3700.5      2.72959e+6 
        3700.81      2.73068e+6 
        3700.84       2.7308e+6 
        3701.09      2.73169e+6 
        3701.42      2.73286e+6 
        3701.99      2.73492e+6 
        3702.44      2.73653e+6 
        3702.89      2.73814e+6 
        3703.12      2.73895e+6 
        3703.35      2.73975e+6 
        3703.46      2.74015e+6 
        3703.57      2.74055e+6 
        3703.63      2.74076e+6 
        3703.68      2.74096e+6 
        3703.74      2.74116e+6 
         3703.8      2.74136e+6 
        3703.85      2.74156e+6 
        3703.91      2.74176e+6 
        3703.97      2.74197e+6 
        3704.02      2.74216e+6 
        3704.09      2.74239e+6 
        3704.13      2.74257e+6 
        3704.18      2.74275e+6 
        3704.21      2.74284e+6 
        3704.22      2.74288e+6 
        3704.28       2.7431e+6 
        3704.31      2.74321e+6 
        3704.36      2.74337e+6 
        3704.41      2.74354e+6 
        3704.49      2.74384e+6 
        3704.57      2.74411e+6 
        3704.59      2.74419e+6 
        3704.69      2.74455e+6 
        3704.81      2.74498e+6 
        3705.05      2.74586e+6 
        3705.37      2.74699e+6 
        3705.54       2.7476e+6 
        3705.71      2.74821e+6 
        3706.05      2.74942e+6 
        3706.07      2.74949e+6 
        3706.73      2.75185e+6 
        3707.27      2.75376e+6 
        3707.39       2.7542e+6 
        3707.51      2.75465e+6 
        3707.61        2.755e+6 
        3707.76      2.75553e+6 
        3707.91      2.75606e+6 
        3708.12       2.7568e+6 
        3708.21      2.75713e+6 
         3708.3      2.75745e+6 
        3708.49      2.75811e+6 
        3708.76       2.7591e+6 
        3708.85      2.75942e+6 
        3708.87      2.75949e+6 
        3708.95      2.75975e+6 
        3709.13       2.7604e+6 
        3709.21      2.76068e+6 
        3709.49       2.7617e+6 
        3710.11       2.7639e+6 
         3710.9      2.76674e+6 
        3711.01      2.76713e+6 
        3711.12      2.76752e+6 
        3711.21      2.76785e+6 
        3711.32      2.76824e+6 
        3711.34      2.76829e+6 
        3711.46      2.76874e+6 
        3711.52      2.76893e+6 
        3711.58      2.76914e+6 
         3711.6      2.76924e+6 
        3711.69      2.76955e+6 
        3711.75      2.76975e+6 
         3711.8      2.76995e+6 
        3711.86      2.77015e+6 
        3711.91      2.77035e+6 
        3711.97      2.77055e+6 
        3712.03      2.77075e+6 
        3712.08      2.77096e+6 
        3712.14      2.77115e+6 
         3712.2      2.77138e+6 
        3712.25      2.77155e+6 
         3712.3      2.77174e+6 
        3712.33      2.77182e+6 
        3712.33      2.77184e+6 
         3712.4      2.77209e+6 
        3712.48      2.77236e+6 
        3712.63      2.77291e+6 
        3712.93      2.77398e+6 
        3713.23      2.77504e+6 
        3713.53      2.77612e+6 
        3713.83       2.7772e+6 
        3714.24      2.77866e+6 
        3714.42      2.77929e+6 
        3714.44      2.77936e+6 
        3714.64      2.78006e+6 
        3715.03      2.78147e+6 
        3715.64      2.78364e+6 
        3716.76      2.78765e+6 
        3716.79      2.78774e+6 
        3716.86      2.78799e+6 
        3716.95      2.78833e+6 
        3717.14      2.78901e+6 
        3717.52      2.79036e+6 
        3718.19      2.79273e+6 
        3718.26      2.79298e+6 
        3718.33      2.79323e+6 
        3718.47      2.79373e+6 
        3718.56      2.79404e+6 
        3718.63      2.79431e+6 
        3718.73      2.79467e+6 
        3718.75      2.79473e+6 
        3718.94      2.79541e+6 
        3719.25      2.79652e+6 
        3719.47      2.79731e+6 
        3719.77      2.79837e+6 
        3720.07      2.79944e+6 
        3720.36      2.80035e+6 
        3720.52      2.80088e+6 
        3720.67      2.80134e+6 
        3720.98      2.80233e+6 
         3721.2        2.803e+6 
        3721.43      2.80369e+6 
        3721.54      2.80403e+6 
        3721.66      2.80437e+6 
        3721.71      2.80453e+6 
        3721.77      2.80471e+6 
        3721.82      2.80488e+6 
        3721.88      2.80505e+6 
        3721.94      2.80522e+6 
        3721.99      2.80539e+6 
        3722.05      2.80556e+6 
        3722.11      2.80573e+6 
        3722.22      2.80607e+6 
         3722.4       2.8066e+6 
        3722.45      2.80675e+6 
         3722.5       2.8069e+6 
         3722.6       2.8072e+6 
         3722.7      2.80749e+6 
         3722.8       2.8078e+6 
         3722.9      2.80811e+6 
        3723.11      2.80873e+6 
        3723.23       2.8091e+6 
        3723.52      2.80996e+6 
        3723.81      2.81083e+6 
        3724.38      2.81256e+6 
        3725.45      2.81577e+6 
        3725.53      2.81601e+6 
        3725.62      2.81627e+6 
        3725.75      2.81667e+6 
        3725.78      2.81676e+6 
        3725.92      2.81716e+6 
        3725.93      2.81721e+6 
        3726.11      2.81776e+6 
        3726.48      2.81885e+6 
        3727.04      2.82054e+6 
        3727.37      2.82151e+6 
        3728.15      2.82387e+6 
        3728.64      2.82533e+6 
        3728.94      2.82623e+6 
        3729.01      2.82644e+6 
        3729.24      2.82714e+6 
        3729.84      2.82894e+6 
        3730.68      2.83145e+6 
        3732.19      2.83599e+6 
        3732.34      2.83644e+6 
        3732.49      2.83689e+6 
        3732.79      2.83779e+6 
        3733.35      2.83947e+6 
        3733.38      2.83956e+6 
        3733.39      2.83959e+6 
         3733.4      2.83962e+6 
        3733.45      2.83977e+6 
        3733.55      2.84007e+6 
        3733.65      2.84035e+6 
        3733.75      2.84067e+6 
        3733.86      2.84098e+6 
           3734      2.84142e+6 
        3734.04      2.84154e+6 
        3734.06       2.8416e+6 
        3734.08      2.84166e+6 
        3734.13       2.8418e+6 
        3734.14      2.84183e+6 
        3734.16       2.8419e+6 
         3734.2        2.842e+6 
        3734.25      2.84217e+6 
        3734.31      2.84234e+6 
        3734.37      2.84251e+6 
        3734.43      2.84268e+6 
        3734.48      2.84285e+6 
        3734.54      2.84302e+6 
        3734.65      2.84336e+6 
        3734.83      2.84389e+6 
        3734.88      2.84404e+6 
        3734.93      2.84419e+6 
        3735.03      2.84449e+6 
        3735.12      2.84477e+6 
        3735.17      2.84492e+6 
        3735.23      2.84509e+6 
        3735.33      2.84541e+6 
        3735.39      2.84558e+6 
        3735.49      2.84589e+6 
        3735.82      2.84685e+6 
           3736       2.8474e+6 
        3736.24      2.84813e+6 
        3736.49      2.84886e+6 
        3736.97      2.85031e+6 
        3737.83      2.85287e+6 
        3737.94      2.85322e+6 
        3738.06      2.85357e+6 
        3738.29      2.85427e+6 
        3738.59      2.85515e+6 
        3738.76      2.85567e+6 
        3738.94      2.85619e+6 
        3739.29      2.85724e+6 
         3739.5      2.85787e+6 
        3739.99      2.85934e+6 
        3740.48       2.8608e+6 
        3741.21        2.863e+6 
        3741.45      2.86373e+6 
        3741.69      2.86444e+6 
        3742.09      2.86564e+6 
        3742.18      2.86589e+6 
        3742.26      2.86614e+6 
        3742.43      2.86664e+6 
        3742.67      2.86737e+6 
        3742.73      2.86755e+6 
        3742.76      2.86765e+6 
         3742.8      2.86774e+6 
        3742.86      2.86794e+6 
        3742.92      2.86811e+6 
        3743.17      2.86885e+6 
        3743.66      2.87033e+6 
        3744.62       2.8732e+6 
        3744.65       2.8733e+6 
        3746.45      2.87865e+6 
        3747.61      2.88212e+6 
        3748.27       2.8841e+6 
        3748.84      2.88582e+6 
         3748.9        2.886e+6 
        3748.93      2.88609e+6 
        3748.96      2.88618e+6 
        3748.99      2.88625e+6 
        3749.08      2.88654e+6 
        3749.12      2.88664e+6 
        3749.18      2.88683e+6 
        3749.38      2.88742e+6 
        3749.41      2.88751e+6 
        3749.64      2.88819e+6 
        3749.75      2.88854e+6 
        3749.87      2.88888e+6 
        3749.92      2.88905e+6 
        3749.98      2.88922e+6 
        3750.04      2.88939e+6 
        3750.09      2.88956e+6 
        3750.15      2.88972e+6 
        3750.21      2.88989e+6 
        3750.27      2.89007e+6 
        3750.32      2.89024e+6 
        3750.44      2.89058e+6 
        3750.62      2.89111e+6 
        3750.66      2.89126e+6 
        3750.72      2.89141e+6 
        3750.82      2.89171e+6 
        3750.91      2.89199e+6 
        3751.02      2.89231e+6 
        3751.12      2.89262e+6 
        3751.33      2.89326e+6 
        3751.48       2.8937e+6 
        3751.76      2.89452e+6 
        3752.03      2.89535e+6 
        3752.59        2.897e+6 
        3753.53      2.89982e+6 
         3753.7      2.90031e+6 
        3753.78      2.90057e+6 
        3753.86       2.9008e+6 
        3754.18      2.90177e+6 
        3754.27      2.90203e+6 
        3754.84      2.90371e+6 
        3755.89      2.90686e+6 
        3756.09      2.90744e+6 
        3757.47      2.91158e+6 
        3757.51      2.91168e+6 
        3757.55       2.9118e+6 
        3758.93      2.91593e+6 
        3760.39      2.92027e+6 
        3761.66      2.92404e+6 
        3762.72       2.9272e+6 
        3763.23      2.92874e+6 
        3764.81      2.93344e+6 
        3765.07       2.9342e+6 
         3766.9      2.93966e+6 
        3768.55      2.94456e+6 
        3768.74      2.94512e+6 
        3768.93       2.9457e+6 
        3768.97      2.94582e+6 
         3769.2      2.94649e+6 
        3769.31      2.94684e+6 
        3769.66      2.94785e+6 
        3769.89      2.94854e+6 
        3770.11      2.94922e+6 
        3770.23      2.94956e+6 
        3770.34       2.9499e+6 
         3770.4      2.95007e+6 
        3770.46      2.95024e+6 
        3770.51       2.9504e+6 
        3770.57      2.95057e+6 
        3770.63      2.95074e+6 
        3770.69      2.95091e+6 
        3770.74      2.95109e+6 
         3770.8      2.95126e+6 
        3770.87      2.95145e+6 
        3770.92       2.9516e+6 
        3770.97      2.95175e+6 
        3770.99      2.95182e+6 
           3771      2.95186e+6 
        3771.07      2.95205e+6 
        3771.15      2.95229e+6 
         3771.3      2.95275e+6 
         3771.6      2.95365e+6 
        3771.89       2.9545e+6 
        3771.95      2.95468e+6 
        3772.21      2.95544e+6 
        3772.52      2.95638e+6 
        3773.15      2.95826e+6 
        3774.36      2.96183e+6 
         3775.5      2.96522e+6 
        3776.76      2.96897e+6 
        3777.13      2.97006e+6 
        3778.03      2.97273e+6 
         3778.4      2.97383e+6 
        3778.93       2.9754e+6 
        3780.73      2.98074e+6 
        3781.84      2.98405e+6 
        3783.05      2.98764e+6 
        3783.16      2.98795e+6 
        3784.26      2.99122e+6 
        3785.37      2.99449e+6 
        3786.22      2.99704e+6 
         3787.4      3.00052e+6 
        3787.57      3.00103e+6 
        3788.92      3.00503e+6 
        3790.45      3.00953e+6 
        3792.84      3.01661e+6 
        3793.49      3.01854e+6 
        3794.14      3.02046e+6 
         3794.9      3.02269e+6 
        3795.07      3.02319e+6 
        3795.44       3.0243e+6 
        3795.99      3.02592e+6 
        3796.45      3.02729e+6 
        3796.92      3.02865e+6 
        3797.15      3.02933e+6 
        3797.38      3.03001e+6 
        3797.49      3.03035e+6 
        3797.61      3.03069e+6 
        3797.67      3.03086e+6 
        3797.72      3.03103e+6 
        3797.78      3.03119e+6 
        3797.84      3.03136e+6 
         3797.9      3.03153e+6 
        3797.96      3.03171e+6 
        3798.01      3.03188e+6 
        3798.07      3.03205e+6 
        3798.19       3.0324e+6 
        3798.37      3.03293e+6 
        3798.42      3.03308e+6 
        3798.47      3.03323e+6 
        3798.57      3.03353e+6 
        3798.66      3.03379e+6 
        3798.75      3.03407e+6 
        3798.77      3.03412e+6 
        3798.84      3.03432e+6 
        3798.88      3.03445e+6 
        3798.92      3.03457e+6 
        3799.05      3.03494e+6 
        3799.09      3.03507e+6 
        3799.43      3.03606e+6 
        3799.47       3.0362e+6 
         3799.8      3.03718e+6 
        3800.56      3.03942e+6 
        3801.65      3.04263e+6 
        3802.32       3.0446e+6 
        3803.83      3.04906e+6 
        3805.35      3.05352e+6 
        3807.84      3.06085e+6 
        3808.38      3.06244e+6 
        3808.92      3.06404e+6 
           3810      3.06722e+6 
        3811.59      3.07187e+6 
        3812.16      3.07357e+6 
        3812.74      3.07527e+6 
         3813.9      3.07867e+6 
        3815.78      3.08418e+6 
        3816.09      3.08511e+6 
        3816.21      3.08545e+6 
        3816.64      3.08672e+6 
        3817.44      3.08913e+6 
         3817.5      3.08932e+6 
        3818.92      3.09358e+6 
        3820.39       3.0981e+6 
        3822.57      3.10475e+6 
        3823.35      3.10713e+6 
        3823.51      3.10764e+6 
        3824.13      3.10951e+6 
        3825.68      3.11427e+6 
         3826.8      3.11769e+6 
        3827.86      3.12091e+6 
        3828.91      3.12412e+6 
        3830.45      3.12882e+6 
        3831.02      3.13055e+6 
        3831.59      3.13228e+6 
           3832      3.13353e+6 
        3832.53      3.13512e+6 
        3832.73      3.13575e+6 
        3833.46      3.13796e+6 
        3833.93      3.13938e+6 
        3834.39       3.1408e+6 
        3834.63      3.14151e+6 
        3834.86      3.14222e+6 
        3834.97      3.14257e+6 
        3835.09      3.14291e+6 
        3835.15       3.1431e+6 
        3835.21      3.14326e+6 
        3835.27      3.14345e+6 
        3835.33       3.1436e+6 
        3835.38      3.14379e+6 
        3835.44      3.14398e+6 
         3835.5      3.14414e+6 
        3835.56      3.14433e+6 
        3835.63      3.14455e+6 
        3835.68       3.1447e+6 
        3835.73      3.14486e+6 
        3835.74      3.14489e+6 
        3835.77      3.14499e+6 
        3835.83      3.14514e+6 
        3835.91      3.14543e+6 
        3836.07      3.14593e+6 
        3836.38      3.14684e+6 
        3836.65      3.14766e+6 
        3836.98      3.14866e+6 
        3837.03      3.14882e+6 
        3837.31      3.14967e+6 
        3837.97      3.15168e+6 
        3838.65      3.15375e+6 
        3838.91      3.15454e+6 
        3839.18      3.15535e+6 
         3839.7      3.15696e+6 
        3840.76      3.16016e+6 
        3842.75      3.16619e+6 
        3842.83      3.16644e+6 
        3842.87      3.16657e+6 
        3842.91      3.16666e+6 
        3843.07      3.16717e+6 
        3843.38      3.16811e+6 
           3844      3.16999e+6 
        3844.59      3.17178e+6 
        3845.25      3.17376e+6 
        3845.55      3.17467e+6 
        3845.91      3.17577e+6 
        3847.23      3.17976e+6 
        3847.44      3.18042e+6 
        3848.91      3.18485e+6 
        3850.38      3.18931e+6 
        3851.98      3.19415e+6 
        3853.31      3.19817e+6 
        3854.64      3.20219e+6 
         3855.7       3.2054e+6 
         3857.3      3.21024e+6 
        3858.91      3.21507e+6 
        3862.01      3.22441e+6 
        3862.11      3.22472e+6 
        3862.22      3.22503e+6 
        3862.43      3.22566e+6 
        3862.85      3.22692e+6 
        3863.68      3.22946e+6 
        3865.17      3.23392e+6 
        3865.36      3.23452e+6 
        3865.56      3.23509e+6 
        3865.95      3.23628e+6 
        3866.73      3.23861e+6 
        3867.68      3.24146e+6 
        3868.29      3.24329e+6 
         3868.9      3.24514e+6 
        3870.13      3.24882e+6 
        3871.32      3.25243e+6 
        3872.59       3.2562e+6 
        3873.85         3.26e+6 
        3876.32      3.26741e+6 
        3876.37      3.26754e+6 
        3876.37      3.26754e+6 
        3876.37      3.26754e+6 
        3876.42       3.2677e+6 
        3876.52      3.26801e+6 
        3876.72      3.26861e+6 
        3876.95      3.26927e+6 
        3877.12       3.2698e+6 
        3877.92      3.27219e+6 
         3878.9      3.27511e+6 
        3880.29      3.27926e+6 
        3880.85      3.28095e+6 
        3881.42      3.28265e+6 
        3882.55      3.28601e+6 
         3884.4      3.29154e+6 
         3884.8      3.29273e+6 
        3884.92      3.29311e+6 
         3885.2      3.29396e+6 
        3886.01      3.29635e+6 
        3886.15      3.29676e+6 
         3887.1      3.29958e+6 
        3887.57        3.301e+6 
        3888.04      3.30238e+6 
        3888.28       3.3031e+6 
        3888.52      3.30379e+6 
        3888.63      3.30414e+6 
        3888.75      3.30448e+6 
        3888.84      3.30474e+6 
        3888.87       3.3048e+6 
        3888.87      3.30483e+6 
         3888.9      3.30489e+6 
        3888.93      3.30499e+6 
        3888.99      3.30514e+6 
        3889.05      3.30533e+6 
        3889.11      3.30549e+6 
        3889.17      3.30568e+6 
        3889.22      3.30587e+6 
        3889.29      3.30609e+6 
        3889.34      3.30624e+6 
        3889.39       3.3064e+6 
        3889.41      3.30643e+6 
        3889.45      3.30656e+6 
        3889.49      3.30671e+6 
        3889.58      3.30697e+6 
        3889.75      3.30747e+6 
        3890.05      3.30838e+6 
        3890.32      3.30917e+6 
        3890.47      3.30964e+6 
        3890.66       3.3102e+6 
           3891      3.31121e+6 
        3891.68      3.31325e+6 
        3892.89      3.31686e+6 
        3893.94      3.31997e+6 
        3894.46      3.32151e+6 
        3895.31      3.32406e+6 
        3896.22      3.32676e+6 
        3896.68      3.32811e+6 
        3898.89      3.33471e+6 
         3899.6      3.33681e+6 
        3901.57      3.34262e+6 
        3903.89       3.3495e+6 
        3904.25      3.35057e+6 
        3908.89       3.3643e+6 
        3913.89      3.37907e+6 
        3918.89      3.39496e+6 
        3923.89      3.41102e+6 
        3928.22      3.42496e+6 
        3928.35       3.4254e+6 
        3928.89      3.42713e+6 
        3929.56       3.4293e+6 
         3930.9      3.43364e+6 
        3933.45      3.44183e+6 
        3935.81      3.44941e+6 
        3937.35      3.45434e+6 
        3938.89       3.4593e+6 
        3940.04      3.46298e+6 
        3941.96      3.46914e+6 
        3943.88      3.47529e+6 
        3946.58       3.4839e+6 
        3947.73      3.48758e+6 
        3948.88      3.49125e+6 
        3950.65      3.49688e+6 
        3951.01      3.49804e+6 
        3951.19      3.49857e+6 
        3951.72      3.50027e+6 
        3952.78      3.50366e+6 
        3954.55      3.50928e+6 
        3957.31      3.51799e+6 
        3958.09       3.5205e+6 
        3958.62      3.52217e+6 
        3958.88      3.52298e+6 
        3960.45      3.52795e+6 
        3962.28      3.53373e+6 
        3965.74       3.5446e+6 
        3965.94      3.54526e+6 
        3966.15      3.54588e+6 
        3966.56      3.54717e+6 
        3966.68      3.54755e+6 
        3967.28      3.54943e+6 
        3967.38      3.54975e+6 
        3968.08      3.55195e+6 
        3968.71      3.55393e+6 
        3968.88      3.55443e+6 
        3969.05      3.55496e+6 
        3969.23      3.55553e+6 
        3969.29      3.55572e+6 
        3969.38        3.556e+6 
        3969.53      3.55644e+6 
        3969.65      3.55679e+6 
        3969.77      3.55716e+6 
        3969.83      3.55732e+6 
        3969.89      3.55751e+6 
        3969.95      3.55767e+6 
        3970.01      3.55782e+6 
        3970.07      3.55798e+6 
        3970.13       3.5582e+6 
        3970.19      3.55842e+6 
        3970.25      3.55864e+6 
        3970.32      3.55889e+6 
        3970.37      3.55905e+6 
        3970.42      3.55924e+6 
        3970.43      3.55927e+6 
        3970.49      3.55946e+6 
        3970.52      3.55955e+6 
        3970.61      3.55986e+6 
         3970.8      3.56043e+6 
         3971.1       3.5614e+6 
        3971.33      3.56216e+6 
        3971.59      3.56297e+6 
         3971.7      3.56332e+6 
        3972.06      3.56445e+6 
        3972.79      3.56678e+6 
        3973.99      3.57055e+6 
        3974.94       3.5735e+6 
         3976.4      3.57809e+6 
        3976.84       3.5795e+6 
        3977.86      3.58267e+6 
        3978.87      3.58585e+6 
        3979.58      3.58804e+6 
         3980.9      3.59219e+6 
        3982.23      3.59631e+6 
        3984.18       3.6024e+6 
        3984.88      3.60457e+6 
        3985.12      3.60532e+6 
        3985.59      3.60677e+6 
        3986.99      3.61114e+6 
        3988.87      3.61698e+6 
        3991.38      3.62474e+6 
        3992.62      3.62857e+6 
        3993.85      3.63237e+6 
        3993.87      3.63244e+6 
        3996.36      3.64013e+6 
        3998.87      3.64786e+6 
        4003.87      3.66319e+6 
        4008.87      3.67849e+6 
        4013.86      3.69398e+6 
        4018.86      3.70975e+6 
        4023.86      3.72546e+6 
        4025.34      3.73011e+6 
        4028.86       3.7411e+6 
        4032.38      3.75207e+6 
        4032.95      3.75383e+6 
        4033.86      3.75669e+6 
         4035.9      3.76303e+6 
        4038.86      3.77217e+6 
        4043.86       3.7876e+6 
        4048.86      3.80296e+6 
        4053.86      3.81823e+6 
        4058.85       3.8334e+6 
        4063.85      3.84851e+6 
        4068.85      3.86356e+6 
        4073.85      3.87852e+6 
        4075.42       3.8832e+6 
        4078.85      3.89338e+6 
        4082.28      3.90352e+6 
        4082.56      3.90437e+6 
           4084      3.90861e+6 
         4085.7      3.91361e+6 
        4088.84      3.92284e+6 
         4089.7      3.92533e+6 
        4093.69      3.93698e+6 
        4096.52      3.94518e+6 
        4097.68      3.94854e+6 
        4098.01      3.94948e+6 
        4098.68      3.95143e+6 
        4098.84       3.9519e+6 
        4099.68      3.95429e+6 
        4100.17       3.9557e+6 
        4100.67      3.95709e+6 
        4100.92      3.95778e+6 
        4101.17      3.95847e+6 
         4101.3      3.95878e+6 
        4101.42       3.9591e+6 
        4101.48      3.95925e+6 
        4101.55      3.95938e+6 
        4101.61      3.95947e+6 
        4101.67       3.9596e+6 
        4101.73      3.95973e+6 
         4101.8      3.95995e+6 
        4101.86       3.9602e+6 
        4101.92      3.96048e+6 
        4102.05      3.96092e+6 
         4102.3      3.96174e+6 
        4102.74      3.96312e+6 
        4102.79      3.96324e+6 
        4102.85       3.9634e+6 
        4102.94      3.96372e+6 
        4103.15      3.96431e+6 
         4103.3      3.96475e+6 
        4103.55      3.96551e+6 
        4103.79      3.96623e+6 
        4104.29      3.96771e+6 
        4104.78      3.96915e+6 
        4105.29      3.97063e+6 
        4105.79       3.9721e+6 
        4106.79      3.97503e+6 
        4108.68      3.98052e+6 
        4108.76      3.98074e+6 
         4108.8      3.98087e+6 
        4108.84      3.98099e+6 
        4108.86      3.98106e+6 
           4109       3.9815e+6 
        4109.32      3.98247e+6 
        4109.78      3.98392e+6 
         4110.7      3.98678e+6 
        4111.32      3.98866e+6 
        4112.55      3.99246e+6 
        4113.77      3.99626e+6 
        4114.69      3.99909e+6 
        4116.23       4.0038e+6 
        4116.69      4.00525e+6 
        4117.77      4.00855e+6 
        4118.13      4.00965e+6 
        4118.84      4.01181e+6 
        4120.98      4.01838e+6 
        4123.84      4.02708e+6 
        4126.14      4.03409e+6 
        4128.84      4.04222e+6 
         4129.6      4.04455e+6 
        4131.53      4.05033e+6 
        4133.83      4.05727e+6 
        4134.22      4.05844e+6 
        4138.83      4.07223e+6 
        4143.83      4.08709e+6 
        4148.83      4.10182e+6 
        4153.83      4.11646e+6 
        4158.83      4.13101e+6 
        4163.83      4.14546e+6 
        4168.82      4.15978e+6 
        4173.82      4.17405e+6 
        4178.82      4.18818e+6 
        4183.82      4.20223e+6 
        4188.82      4.21617e+6 
        4193.82      4.23003e+6 
        4198.82      4.24376e+6 
        4203.81      4.25739e+6 
        4208.81      4.27112e+6 
        4213.81      4.28491e+6 
        4216.52      4.29236e+6 
        4217.24      4.29431e+6 
        4218.81      4.29861e+6 
         4221.1      4.30483e+6 
        4223.81      4.31218e+6 
        4224.95      4.31529e+6 
        4228.81      4.32566e+6 
        4233.81      4.33901e+6 
        4238.81      4.35227e+6 
        4243.81       4.3654e+6 
         4248.8      4.37841e+6 
         4253.8      4.39132e+6 
         4258.8       4.4041e+6 
         4263.8       4.4168e+6 
         4268.8      4.42936e+6 
         4273.8       4.4418e+6 
         4278.8      4.45412e+6 
        4283.79      4.46631e+6 
        4288.79      4.47837e+6 
        4293.79      4.49031e+6 
        4298.79      4.50209e+6 
        4303.79      4.51368e+6 
        4308.79      4.52474e+6 
        4313.79      4.53567e+6 
        4314.07       4.5363e+6 
        4318.78      4.54645e+6 
        4320.85      4.55085e+6 
         4323.5      4.55644e+6 
        4326.14        4.562e+6 
        4326.48      4.56269e+6 
        4328.78      4.56753e+6 
        4330.23      4.57051e+6 
        4331.09      4.57231e+6 
        4331.15      4.57243e+6 
        4331.95      4.57406e+6 
        4333.66      4.57758e+6 
        4334.06       4.5784e+6 
        4336.17      4.58274e+6 
        4337.79      4.58597e+6 
        4338.22      4.58682e+6 
        4338.28      4.58695e+6 
        4338.78      4.58792e+6 
        4338.81      4.58798e+6 
        4339.34      4.58899e+6 
         4339.6      4.58946e+6 
        4339.87       4.5899e+6 
           4340      4.59009e+6 
        4340.13      4.59021e+6 
         4340.2      4.59024e+6 
        4340.26      4.59024e+6 
        4340.33      4.59018e+6 
         4340.4      4.59015e+6 
        4340.46      4.59018e+6 
        4340.53       4.5904e+6 
        4340.59      4.59075e+6 
        4340.66      4.59109e+6 
        4340.79      4.59163e+6 
        4341.01      4.59229e+6 
        4341.06      4.59241e+6 
         4341.1      4.59257e+6 
         4341.2      4.59282e+6 
        4341.23      4.59288e+6 
        4341.24      4.59291e+6 
         4341.4      4.59335e+6 
        4341.58      4.59379e+6 
        4341.94      4.59464e+6 
        4342.64      4.59628e+6 
        4343.33      4.59785e+6 
        4343.57      4.59841e+6 
        4344.04      4.59948e+6 
        4344.75      4.60108e+6 
        4346.17      4.60426e+6 
        4348.58      4.60963e+6 
        4348.78      4.61007e+6 
        4348.98      4.61051e+6 
        4349.37      4.61139e+6 
        4350.17      4.61315e+6 
        4350.32      4.61346e+6 
        4351.76      4.61663e+6 
         4353.2      4.61981e+6 
        4354.73      4.62317e+6 
        4356.08      4.62609e+6 
        4356.08      4.62612e+6 
        4357.43      4.62904e+6 
        4358.77      4.63196e+6 
        4359.17      4.63281e+6 
        4361.47      4.63762e+6 
        4363.77      4.64255e+6 
        4367.98      4.65147e+6 
        4368.38      4.65232e+6 
        4368.52      4.65264e+6 
        4368.77      4.65314e+6 
        4369.56       4.6548e+6 
        4371.15      4.65813e+6 
        4373.77       4.6636e+6 
        4378.77       4.6739e+6 
        4383.77      4.68408e+6 
        4388.77      4.69414e+6 
        4393.77       4.7041e+6 
        4398.76       4.7139e+6 
        4403.76      4.72188e+6 
        4408.76      4.72907e+6 
        4413.76      4.73623e+6 
        4418.76       4.7433e+6 
        4423.76      4.75034e+6 
        4428.76      4.75731e+6 
        4433.75      4.76423e+6 
        4438.75      4.77107e+6 
        4443.75      4.77789e+6 
        4448.75      4.78465e+6 
        4453.75      4.79134e+6 
        4458.75        4.798e+6 
        4463.75      4.80459e+6 
        4468.74      4.81113e+6 
        4473.74      4.81763e+6 
        4478.74       4.8241e+6 
        4483.74      4.83051e+6 
        4488.74      4.83686e+6 
        4493.74      4.84317e+6 
        4498.74      4.85056e+6 
        4503.74      4.86064e+6 
        4508.73      4.87057e+6 
        4513.73      4.88037e+6 
        4514.12      4.88112e+6 
        4518.73      4.89005e+6 
        4523.35      4.89884e+6 
        4527.19      4.90607e+6 
        4527.96      4.90751e+6 
        4528.73      4.90896e+6 
        4530.27      4.91182e+6 
        4532.97      4.91681e+6 
        4533.29      4.91741e+6 
        4533.35       4.9175e+6 
        4533.73      4.91823e+6 
        4534.49      4.91961e+6 
        4536.01      4.92237e+6 
        4538.73      4.92734e+6 
        4543.73      4.93635e+6 
        4548.72      4.94521e+6 
        4553.72      4.95398e+6 
        4558.72      4.96259e+6 
        4563.72       4.9711e+6 
        4568.72      4.97946e+6 
        4573.72      4.98772e+6 
        4578.72      4.99585e+6 
        4583.72      5.00387e+6 
        4588.71      5.01175e+6 
        4593.71      5.01954e+6 
        4596.53      5.02331e+6 
        4596.98      5.02391e+6 
        4598.71       5.0262e+6 
        4600.89        5.029e+6 
        4603.71      5.03261e+6 
         4604.8      5.03399e+6 
        4608.71      5.03896e+6 
        4613.71      5.04521e+6 
         4618.7       5.0514e+6 
         4623.7      5.05749e+6 
         4628.7      5.06352e+6 
         4633.7      5.06949e+6 
         4638.7       5.0754e+6 
         4643.7      5.08121e+6 
         4648.7      5.08693e+6 
         4653.7      5.09262e+6 
        4658.69      5.09821e+6 
        4663.69      5.10374e+6 
        4668.69      5.10917e+6 
        4673.69      5.11454e+6 
        4678.69      5.11985e+6 
        4683.69       5.1251e+6 
        4688.69      5.13025e+6 
        4693.69      5.13518e+6 
        4698.68      5.13983e+6 
        4703.68      5.14442e+6 
        4708.68      5.14894e+6 
        4713.68      5.15341e+6 
         4715.6       5.1551e+6 
        4718.68       5.1578e+6 
        4720.98      5.15981e+6 
        4721.76      5.16047e+6 
        4723.68      5.16214e+6 
        4724.83      5.16311e+6 
        4728.68      5.16638e+6 
        4733.68      5.17059e+6 
        4738.67      5.17471e+6 
        4743.67      5.17876e+6 
        4748.67      5.18275e+6 
        4753.67      5.18664e+6 
        4758.67      5.19048e+6 
        4763.67      5.19422e+6 
        4768.67      5.19786e+6 
        4773.66      5.20141e+6 
        4778.66       5.2049e+6 
        4783.66      5.20823e+6 
        4788.66      5.21149e+6 
        4793.66      5.21451e+6 
        4798.66      5.21737e+6 
        4803.66       5.2201e+6 
        4808.65      5.22268e+6 
        4813.65      5.22507e+6 
        4818.65      5.22723e+6 
        4823.65      5.22918e+6 
        4828.65      5.23088e+6 
        4833.65      5.23229e+6 
        4834.97      5.23264e+6 
        4838.65      5.23348e+6 
        4839.16      5.23358e+6 
        4842.32      5.23421e+6 
        4845.48      5.23471e+6 
         4845.5      5.23471e+6 
        4847.05      5.23493e+6 
        4848.64      5.23515e+6 
        4851.78      5.23559e+6 
        4854.39      5.23594e+6 
        4856.52      5.23622e+6 
         4858.4      5.23641e+6 
        4858.64      5.23641e+6 
        4858.66      5.23641e+6 
        4858.88      5.23644e+6 
        4859.36      5.23641e+6 
        4859.47      5.23641e+6 
        4860.06      5.23625e+6 
        4860.36      5.23609e+6 
        4860.66      5.23584e+6 
        4860.81      5.23559e+6 
        4860.95      5.23521e+6 
        4861.03       5.2349e+6 
         4861.1      5.23446e+6 
        4861.18       5.2338e+6 
        4861.25      5.23317e+6 
        4861.32      5.23286e+6 
         4861.4      5.23327e+6 
        4861.47      5.23399e+6 
        4861.54      5.23471e+6 
        4861.64       5.2354e+6 
        4861.69      5.23562e+6 
        4861.69      5.23565e+6 
        4861.69      5.23565e+6 
        4861.69      5.23568e+6 
        4861.74      5.23587e+6 
        4861.84      5.23622e+6 
        4861.98      5.23663e+6 
        4861.99      5.23663e+6 
        4862.28      5.23725e+6 
        4862.58      5.23779e+6 
         4862.6      5.23782e+6 
        4863.18      5.23864e+6 
        4863.73      5.23936e+6 
        4863.76      5.23939e+6 
        4864.93      5.24074e+6 
        4866.13      5.24206e+6 
        4868.41      5.24454e+6 
        4868.53      5.24467e+6 
        4868.64      5.24476e+6 
        4868.86      5.24501e+6 
        4869.32      5.24552e+6 
        4869.58       5.2458e+6 
        4870.22      5.24649e+6 
        4870.86      5.24718e+6 
        4872.13      5.24853e+6 
        4874.62      5.25123e+6 
        4874.69       5.2513e+6 
        4874.75      5.25136e+6 
        4874.87      5.25149e+6 
        4875.12      5.25177e+6 
        4875.61       5.2523e+6 
        4876.61      5.25334e+6 
        4878.45      5.25532e+6 
        4878.54      5.25541e+6 
        4878.59      5.25544e+6 
        4878.64      5.25551e+6 
        4878.82       5.2557e+6 
        4879.19      5.25607e+6 
        4879.53      5.25645e+6 
        4879.92      5.25686e+6 
        4880.32      5.25727e+6 
        4880.94       5.2579e+6 
        4881.12      5.25808e+6 
        4882.71      5.25972e+6 
        4884.48      5.26151e+6 
         4887.4      5.26437e+6 
        4888.02      5.26496e+6 
        4888.63      5.26556e+6 
        4889.87      5.26672e+6 
        4891.06      5.26782e+6 
        4892.35      5.26902e+6 
        4893.63      5.27018e+6 
        4893.78       5.2703e+6 
         4896.2      5.27244e+6 
        4898.63      5.27451e+6 
        4903.34      5.27841e+6 
        4903.48       5.2785e+6 
        4903.63      5.27863e+6 
        4903.92      5.27885e+6 
         4904.5      5.27932e+6 
        4905.66      5.28023e+6 
        4907.33      5.28152e+6 
        4907.98      5.28202e+6 
        4908.63      5.28249e+6 
        4909.93      5.28347e+6 
        4911.43       5.2846e+6 
        4912.53      5.28538e+6 
        4913.01      5.28573e+6 
        4913.63      5.28617e+6 
        4915.55      5.28755e+6 
        4915.82      5.28774e+6 
        4918.24      5.28941e+6 
        4918.63      5.28969e+6 
         4921.7      5.29173e+6 
        4923.62      5.29302e+6 
        4925.16      5.29399e+6 
        4928.62      5.29619e+6 
        4933.62      5.29924e+6 
        4938.62      5.30219e+6 
        4943.62      5.30502e+6 
        4948.62      5.30778e+6 
        4953.62      5.31042e+6 
        4958.61        5.313e+6 
        4963.61      5.31548e+6 
        4968.61       5.3179e+6 
        4973.61      5.32029e+6 
        4978.61      5.32258e+6 
        4983.61      5.32478e+6 
        4988.61      5.32688e+6 
        4993.61       5.3289e+6 
         4998.6      5.33087e+6 
         5003.6      5.33279e+6 
         5008.6      5.33468e+6 
         5013.6      5.33653e+6 
         5018.6      5.33832e+6 
         5023.6      5.34008e+6 
         5028.6      5.34181e+6 
         5033.6      5.34347e+6 
        5038.59      5.34511e+6 
        5043.59      5.34671e+6 
        5048.59      5.34825e+6 
        5053.59      5.34979e+6 
        5058.59      5.35126e+6 
        5063.59      5.35271e+6 
        5068.59      5.35412e+6 
        5073.58       5.3555e+6 
        5078.58      5.35686e+6 
        5083.58      5.35802e+6 
        5088.58      5.35905e+6 
        5093.58      5.36009e+6 
        5098.58       5.3611e+6 
        5103.58      5.36204e+6 
        5108.57      5.36298e+6 
        5113.57      5.36389e+6 
        5118.57      5.36477e+6 
        5123.57      5.36565e+6 
        5128.57      5.36647e+6 
        5133.57      5.36725e+6 
        5138.57      5.36804e+6 
        5143.57      5.36879e+6 
        5148.56      5.36948e+6 
        5153.56      5.37018e+6 
        5158.56      5.37087e+6 
        5163.56       5.3715e+6 
        5168.56      5.37209e+6 
        5173.56      5.37269e+6 
        5178.56      5.37319e+6 
        5183.56      5.37357e+6 
        5188.55      5.37388e+6 
        5193.55       5.3742e+6 
        5198.55      5.37448e+6 
        5203.55      5.37473e+6 
        5208.55      5.37498e+6 
        5213.55       5.3752e+6 
        5218.55      5.37539e+6 
        5223.54      5.37555e+6 
        5228.54       5.3757e+6 
        5233.54      5.37583e+6 
        5238.54      5.37592e+6 
        5243.54      5.37599e+6 
        5248.54      5.37605e+6 
        5253.54      5.37608e+6 
        5258.53      5.37608e+6 
        5263.53      5.37608e+6 
        5268.53      5.37605e+6 
        5273.53      5.37599e+6 
        5278.53      5.37655e+6 
        5283.53      5.37718e+6 
        5288.53      5.37778e+6 
        5293.52      5.37834e+6 
        5298.52      5.37888e+6 
        5303.52      5.37935e+6 
        5308.52      5.37982e+6 
        5313.52      5.38023e+6 
        5318.52      5.38061e+6 
        5323.52      5.38092e+6 
        5328.52      5.38123e+6 
        5333.52      5.38152e+6 
        5338.51      5.38174e+6 
        5343.51      5.38193e+6 
        5348.51      5.38211e+6 
        5353.51      5.38224e+6 
        5358.51      5.38233e+6 
        5363.51      5.38258e+6 
        5368.51      5.38262e+6 
         5373.5       5.3823e+6 
         5378.5      5.38158e+6 
         5383.5      5.38086e+6 
         5388.5      5.38007e+6 
         5393.5      5.37932e+6 
         5398.5       5.3785e+6 
         5403.5      5.37768e+6 
        5408.49      5.37687e+6 
        5413.49      5.37602e+6 
        5418.49      5.37514e+6 
        5423.49      5.37423e+6 
        5428.49      5.37332e+6 
        5433.49      5.37241e+6 
        5438.49      5.37146e+6 
        5443.48      5.37049e+6 
        5448.48      5.36952e+6 
        5453.48      5.36851e+6 
        5458.48      5.36747e+6 
        5463.48      5.36644e+6 
        5468.48       5.3654e+6 
        5473.48      5.36477e+6 
        5478.48      5.36414e+6 
        5483.48      5.36348e+6 
        5488.47      5.36279e+6 
        5493.47      5.36207e+6 
        5498.47      5.36135e+6 
        5503.47      5.36059e+6 
        5508.47      5.35984e+6 
        5513.47      5.35905e+6 
        5518.47      5.35824e+6 
        5523.46      5.35739e+6 
        5528.46      5.35654e+6 
        5533.46      5.35566e+6 
        5538.46      5.35478e+6 
        5543.46      5.35384e+6 
        5548.46       5.3529e+6 
        5553.46      5.35195e+6 
        5558.45      5.35098e+6 
        5563.45      5.34998e+6 
        5568.45      5.34894e+6 
        5573.45       5.3479e+6 
        5578.45       5.3468e+6 
        5583.45      5.34573e+6 
        5588.45       5.3446e+6 
        5593.44      5.34347e+6 
        5598.44      5.34234e+6 
        5603.44      5.34115e+6 
        5608.44      5.33995e+6 
        5613.44      5.33876e+6 
        5618.44      5.33753e+6 
        5623.44      5.33628e+6 
        5628.44      5.33502e+6 
        5633.43      5.33373e+6 
        5638.43      5.33245e+6 
        5643.43      5.33113e+6 
        5648.43      5.32981e+6 
        5653.43      5.32842e+6 
        5658.43      5.32707e+6 
        5663.43      5.32569e+6 
        5668.43      5.32434e+6 
        5673.42      5.32293e+6 
        5673.98      5.32277e+6 
        5678.42      5.32148e+6 
        5682.86      5.32016e+6 
         5686.2      5.31919e+6 
        5687.31      5.31884e+6 
        5687.86      5.31868e+6 
        5688.42       5.3185e+6 
        5690.64      5.31784e+6 
        5693.42      5.31702e+6 
        5698.42      5.31548e+6 
        5703.41      5.31394e+6 
        5704.77      5.31353e+6 
        5708.41       5.3124e+6 
        5708.88      5.31224e+6 
        5712.06      5.31127e+6 
        5713.41      5.31083e+6 
        5715.23      5.31027e+6 
        5718.41      5.30923e+6 
        5723.41      5.30763e+6 
        5728.41      5.30602e+6 
        5733.41      5.30439e+6 
        5738.41      5.30273e+6 
         5743.4      5.30106e+6 
         5748.4       5.2994e+6 
         5753.4       5.2977e+6 
         5758.4      5.29597e+6 
         5763.4      5.29321e+6 
         5768.4      5.29145e+6 
         5773.4      5.28969e+6 
         5778.4       5.2879e+6 
        5783.39      5.28608e+6 
        5788.39      5.28428e+6 
        5793.39      5.28243e+6 
        5798.39      5.28058e+6 
        5803.39      5.27872e+6 
        5808.39      5.27684e+6 
        5813.39      5.27495e+6 
        5818.39      5.27304e+6 
        5823.38      5.27112e+6 
        5828.38      5.26917e+6 
        5833.38      5.26723e+6 
        5838.38      5.26525e+6 
        5843.38      5.26327e+6 
        5848.38      5.26129e+6 
        5853.38      5.25928e+6 
        5858.37      5.25724e+6 
        5863.37      5.25522e+6 
        5868.37      5.25315e+6 
        5873.37      5.25111e+6 
        5878.37      5.24904e+6 
        5883.37      5.24696e+6 
        5888.37      5.24486e+6 
        5893.36      5.24275e+6 
        5898.36      5.24062e+6 
        5903.36      5.23848e+6 
        5908.36      5.23631e+6 
        5913.36      5.23414e+6 
        5918.36      5.23198e+6 
        5923.36      5.22978e+6 
        5928.35      5.22755e+6 
        5933.35      5.22535e+6 
        5938.35      5.22309e+6 
        5943.35      5.22086e+6 
        5948.35      5.21859e+6 
        5953.35       5.2163e+6 
        5958.35      5.21401e+6 
        5963.35      5.21168e+6 
        5968.34      5.20936e+6 
        5973.34        5.207e+6 
        5978.34      5.20465e+6 
        5983.34      5.20229e+6 
        5988.34       5.1999e+6 
        5993.34      5.19751e+6 
        5998.34      5.19509e+6 
        6003.34      5.19268e+6 
        6008.33      5.19026e+6 
        6013.33      5.18781e+6 
        6018.33      5.18536e+6 
        6023.33      5.18291e+6 
        6028.33      5.18042e+6 
        6033.33      5.17791e+6 
        6038.32      5.17543e+6 
        6043.32      5.17292e+6 
        6048.32      5.17037e+6 
        6053.32      5.16786e+6 
        6058.32      5.16528e+6 
        6063.32      5.16274e+6 
        6068.32      5.16016e+6 
        6073.32      5.15755e+6 
        6078.31      5.15498e+6 
        6083.31      5.15237e+6 
        6088.31      5.14973e+6 
        6093.31      5.14712e+6 
        6098.31      5.14445e+6 
        6103.31      5.14181e+6 
        6108.31      5.13914e+6 
        6113.31      5.13647e+6 
         6118.3      5.13377e+6 
         6123.3      5.13107e+6 
         6128.3      5.12837e+6 
         6133.3      5.12563e+6 
         6138.3       5.1229e+6 
         6143.3      5.12014e+6 
         6148.3       5.1174e+6 
        6153.29      5.11461e+6 
        6158.29      5.11181e+6 
        6163.29      5.10902e+6 
        6168.29      5.10622e+6 
        6173.29      5.10339e+6 
        6178.29      5.10056e+6 
        6183.29      5.09771e+6 
        6188.28      5.09485e+6 
        6193.28      5.09196e+6 
        6198.28       5.0891e+6 
        6203.28      5.08618e+6 
        6208.28      5.08329e+6 
        6213.28      5.08036e+6 
        6218.28      5.07744e+6 
        6223.28      5.07449e+6 
        6228.27      5.07154e+6 
        6233.27      5.06855e+6 
        6238.27      5.06557e+6 
        6243.27      5.06255e+6 
        6244.38      5.06189e+6 
        6248.27      5.05953e+6 
        6252.16      5.05721e+6 
        6253.82      5.05617e+6 
        6256.04      5.05482e+6 
        6258.27      5.05347e+6 
        6262.16      5.05112e+6 
        6262.71      5.05077e+6 
        6263.27      5.05042e+6 
        6264.37      5.04973e+6 
        6264.91      5.04942e+6 
        6266.59      5.04838e+6 
        6268.26      5.04735e+6 
        6269.97      5.04631e+6 
        6271.61      5.04527e+6 
        6273.26      5.04427e+6 
        6274.85      5.04326e+6 
        6276.56      5.04222e+6 
        6278.26      5.04116e+6 
        6280.08      5.04003e+6 
        6281.67      5.03902e+6 
        6283.26      5.03805e+6 
        6284.63      5.03717e+6 
        6286.44      5.03604e+6 
        6288.26       5.0349e+6 
        6290.52      5.03349e+6 
        6291.89      5.03261e+6 
        6293.26      5.03173e+6 
        6293.73      5.03145e+6 
        6295.99         5.03e+6 
        6298.26      5.02859e+6 
        6302.31      5.02598e+6 
        6302.78       5.0257e+6 
        6303.25      5.02539e+6 
        6303.92      5.02495e+6 
         6304.2      5.02479e+6 
        6306.09      5.02356e+6 
        6308.25      5.02218e+6 
        6311.92      5.01979e+6 
        6312.59      5.01939e+6 
        6313.25      5.01895e+6 
        6314.58      5.01807e+6 
        6316.22      5.01703e+6 
        6317.23      5.01637e+6 
        6317.31      5.01631e+6 
        6318.25      5.01568e+6 
        6320.28      5.01436e+6 
        6323.25      5.01241e+6 
        6328.25      5.00911e+6 
        6333.25      5.00581e+6 
        6338.24      5.00245e+6 
        6343.24      4.99909e+6 
        6348.24       4.9957e+6 
        6353.24      4.99227e+6 
        6358.24      4.98882e+6 
        6363.24      4.98533e+6 
        6368.24      4.98178e+6 
        6373.23      4.97823e+6 
        6378.23      4.97465e+6 
        6383.23        4.971e+6 
        6388.23       4.9673e+6 
        6393.23      4.96356e+6 
        6398.23      4.95979e+6 
        6403.23      4.95596e+6 
        6408.23      4.95206e+6 
        6413.22      4.94807e+6 
        6418.22      4.94405e+6 
        6423.22      4.93993e+6 
        6428.22      4.93576e+6 
        6433.22      4.93145e+6 
        6438.22      4.92709e+6 
        6443.22      4.92259e+6 
        6448.22      4.91797e+6 
        6453.21      4.91323e+6 
        6458.21      4.90836e+6 
        6463.21      4.90333e+6 
        6468.21      4.89812e+6 
        6473.21      4.89275e+6 
        6478.21      4.88712e+6 
         6483.2      4.88131e+6 
         6488.2      4.87522e+6 
         6493.2      4.86887e+6 
         6498.2      4.86224e+6 
         6503.2      4.85527e+6 
         6508.2      4.84795e+6 
         6513.2      4.84025e+6 
         6518.2      4.83221e+6 
        6523.19      4.82373e+6 
        6523.72      4.82282e+6 
        6528.19      4.81487e+6 
        6532.67      4.80661e+6 
         6536.1       4.8001e+6 
        6537.14      4.79809e+6 
        6537.38      4.79762e+6 
        6538.19      4.79605e+6 
        6540.29      4.79197e+6 
        6543.19      4.78625e+6 
        6546.46      4.77978e+6 
        6546.72      4.77924e+6 
        6548.19      4.77632e+6 
        6549.92      4.77286e+6 
        6553.11      4.76646e+6 
        6554.43      4.76375e+6 
        6556.31      4.75983e+6 
        6556.87       4.7586e+6 
         6557.9      4.75631e+6 
        6558.19      4.75565e+6 
         6559.5      4.75232e+6 
         6560.3      4.74993e+6 
         6561.1      4.74695e+6 
         6561.5      4.74497e+6 
         6561.9      4.74227e+6 
        6562.09      4.74032e+6 
        6562.29      4.73755e+6 
        6562.39      4.73554e+6 
        6562.49      4.73265e+6 
        6562.59      4.72841e+6 
        6562.69      4.72442e+6 
        6562.79      4.72228e+6 
        6562.89      4.72426e+6 
        6562.99      4.72816e+6 
        6563.09      4.73228e+6 
        6563.29      4.73692e+6 
        6563.64      4.74079e+6 
        6563.69      4.74113e+6 
        6563.69      4.74113e+6 
        6563.69      4.74113e+6 
        6563.74      4.74148e+6 
        6563.84      4.74211e+6 
        6564.04      4.74315e+6 
        6564.29      4.74418e+6 
        6564.39      4.74453e+6 
        6564.44      4.74472e+6 
        6564.49      4.74487e+6 
        6564.69      4.74544e+6 
        6565.08      4.74641e+6 
        6565.64      4.74751e+6 
        6565.86      4.74789e+6 
        6566.09      4.74823e+6 
        6566.54      4.74889e+6 
        6566.69      4.74908e+6 
        6567.09      4.74955e+6 
        6567.44      4.74996e+6 
        6568.18      4.75075e+6 
        6569.28      4.75178e+6 
        6570.48      4.75282e+6 
        6571.48      4.75364e+6 
        6572.47      4.75442e+6 
        6573.27      4.75502e+6 
        6574.47      4.75593e+6 
        6575.67      4.75684e+6 
        6577.95      4.75854e+6 
        6578.06       4.7586e+6 
        6578.18       4.7587e+6 
        6578.41      4.75885e+6 
        6578.87       4.7592e+6 
        6579.79      4.75989e+6 
        6580.08      4.76008e+6 
        6581.63      4.76121e+6 
        6583.18      4.76231e+6 
        6584.38      4.76316e+6 
        6586.28      4.76445e+6 
        6587.91      4.76554e+6 
        6588.18      4.76573e+6 
        6588.44      4.76589e+6 
        6588.98      4.76624e+6 
        6590.04      4.76693e+6 
        6591.02      4.76752e+6 
        6592.17      4.76825e+6 
        6593.01      4.76875e+6 
        6593.31      4.76891e+6 
        6595.59      4.77023e+6 
        6598.17      4.77161e+6 
        6603.34      4.77403e+6 
        6613.66      4.77751e+6 
         6634.3      4.77959e+6 
        6639.69      4.77921e+6 
        6675.58       4.7701e+6 
        6711.48      4.75383e+6 
        6741.75      4.73724e+6 
        6783.26      4.71204e+6 
        6824.78      4.68528e+6 
        6907.81      4.62923e+6 
        6990.84      4.57111e+6 
         7038.6      4.53703e+6 
        7073.87      4.51167e+6 
        7109.15      4.48613e+6 
        7179.69      4.43517e+6 
        7250.24      4.38375e+6 
        7320.78        4.332e+6 
        7389.14      4.28212e+6 
        7391.33      4.28051e+6 
        7393.51      4.27888e+6 
        7397.89      4.27568e+6 
        7406.65      4.26927e+6 
        7424.15      4.25642e+6 
        7459.17      4.23069e+6 
         7529.2       4.1792e+6 
        7599.23      4.12761e+6 
        7660.63      4.08241e+6 
        7669.25      4.07603e+6 
        7677.88      4.06968e+6 
        7695.14      4.05712e+6 
        7729.65      4.03195e+6 
        7798.67      3.98172e+6 
        7867.69      3.93155e+6 
        7911.17      3.90004e+6 
        7936.71      3.88153e+6 
        7962.25      3.86309e+6 
        8013.32      3.82646e+6 
        8046.24      3.80293e+6 
         8064.4      3.78999e+6 
        8082.55      3.77704e+6 
        8118.86      3.75128e+6 
        8180.09      3.70802e+6 
        8191.47      3.70001e+6 
        8200.85      3.69341e+6 
        8202.85        3.692e+6 
        8204.85      3.69059e+6 
        8208.85      3.68779e+6 
        8216.85       3.6822e+6 
        8232.84      3.67101e+6 
        8264.83      3.64868e+6 
        8289.72      3.63137e+6 
        8328.82      3.60422e+6 
        8343.44      3.59408e+6 
        8367.92      3.57717e+6 
        8371.47      3.57472e+6 
        8388.68      3.56291e+6 
        8392.39      3.56037e+6 
        8408.65      3.54925e+6 
        8413.32      3.54607e+6 
        8432.02      3.53329e+6 
        8437.95      3.52923e+6 
        8467.25      3.50928e+6 
        8473.98       3.5047e+6 
        8502.48      3.48535e+6 
        8516.58       3.4758e+6 
        8530.98      3.46609e+6 
        8545.38      3.45641e+6 
        8549.97      3.45336e+6 
        8574.18      3.43715e+6 
        8598.39      3.42101e+6 
         8628.6      3.40093e+6 
        8646.81      3.38887e+6 
        8652.39      3.38516e+6 
        8665.01      3.37684e+6 
        8685.59      3.36323e+6 
        8701.43       3.3528e+6 
        8750.47      3.32063e+6 
        8767.92      3.30926e+6 
        8815.35      3.27838e+6 
        8862.78        3.248e+6 
        8900.38      3.22403e+6 
        8957.65      3.18777e+6 
        9014.91      3.15177e+6 
        9044.62      3.13322e+6 
        9072.17      3.11608e+6 
        9099.72      3.09902e+6 
        9154.81      3.06539e+6 
         9190.8      3.04356e+6 
         9209.9      3.03202e+6 
        9229.01      3.02052e+6 
        9267.22       2.9976e+6 
         9303.2      2.97615e+6 
        9343.64      2.95218e+6 
        9384.08      2.92836e+6 
        9464.96      2.88158e+6 
        9545.72      2.83547e+6 
        9545.84       2.8354e+6 
        9545.97      2.83533e+6 
        9546.21       2.8352e+6 
        9546.69      2.83492e+6 
        9546.87      2.83482e+6 
        9547.66      2.83437e+6 
        9549.59      2.83328e+6 
        9553.47      2.83108e+6 
        9561.21       2.8267e+6 
        9576.69      2.81795e+6 
        9607.66      2.80052e+6 
        9668.45      2.76656e+6 
        9729.24      2.73324e+6 
        9790.04      2.70025e+6 
        9850.83       2.6676e+6 
        9870.42      2.65715e+6 
        9911.62       2.6353e+6 
        9952.82       2.6136e+6 
        10021.1      2.57831e+6 
        10035.2      2.57104e+6 
        10049.4       2.5638e+6 
        10077.7      2.54937e+6 
        10134.2      2.52071e+6 
        10144.5      2.51556e+6 
        10190.8      2.49235e+6 
        10237.2      2.46933e+6 
        10329.9      2.42487e+6 
        10422.6      2.38111e+6 
        10515.3      2.33808e+6 
          10608      2.29576e+6 
        10700.7      2.25415e+6 
        10793.4      2.21326e+6 
        10834.1      2.19551e+6 
        10886.1      2.17307e+6 
        10938.1      2.15083e+6 
        10990.1      2.12885e+6 
          11042      2.10707e+6 
          11094      2.08551e+6 
          11146      2.06417e+6 
          11198      2.04305e+6 
          11239      2.02653e+6 
          11250      2.02214e+6 
        11260.9      2.01776e+6 
        11282.8      2.00936e+6 
        11326.6      1.99265e+6 
        11414.2      1.95963e+6 
        11501.8      1.92715e+6 
        11589.4       1.8952e+6 
          11677      1.86377e+6 
        11764.6      1.83285e+6 
        11852.2      1.80245e+6 
        11939.8      1.77257e+6 
        12027.4      1.74318e+6 
          12115      1.71429e+6 
        12120.6      1.71247e+6 
        12202.6      1.68591e+6 
        12284.6      1.65977e+6 
        12366.6      1.63519e+6 
        12448.7      1.61096e+6 
        12530.7      1.58709e+6 
        12612.7      1.56357e+6 
        12694.7       1.5404e+6 
        12735.4      1.52903e+6 
        12776.7      1.51757e+6 
        12818.1      1.50617e+6 
        12900.8      1.48376e+6 
        12983.5      1.46167e+6 
        13066.2      1.43992e+6 
        13148.9       1.4185e+6 
        13154.8      1.41698e+6 
        13231.6      1.39741e+6 
        13308.4      1.37813e+6 
        13385.1      1.36017e+6 
        13461.9      1.34245e+6 
        13538.7      1.32496e+6 
        13615.5      1.30769e+6 
        13692.3      1.29066e+6 
        13769.1      1.27384e+6 
        13845.9      1.25724e+6 
        13922.7      1.24087e+6 
        13999.5      1.22472e+6 
        14076.2      1.20878e+6 
          14153      1.19305e+6 
        14229.8      1.17754e+6 
        14281.2       1.1673e+6 
        14306.6      1.16225e+6 
        14332.1      1.15722e+6 
          14383      1.14759e+6 
        14410.1      1.14249e+6 
        14427.1      1.13931e+6 
        14433.9      1.13804e+6 
        14457.6      1.13361e+6 
        14505.2      1.12488e+6 
        14581.2      1.11104e+6 
        14583.2      1.11068e+6 
        14585.2      1.11031e+6 
        14589.2      1.10962e+6 
        14597.2      1.10822e+6 
        14613.2      1.10543e+6 
        14645.2      1.09987e+6 
        14709.2      1.08884e+6 
        14773.2       1.0779e+6 
        14837.1      1.06706e+6 
        14901.1      1.05633e+6 
        14965.1       1.0457e+6 
        15029.1      1.03517e+6 
        15093.1      1.02474e+6 
        15157.1      1.01441e+6 
          15221      1.00418e+6 
          15285          994056 
          15349          984032 
          15413          974107 
        15471.6          965107 
          15477          964284 
        15482.4          963460 
        15493.1          961777 
        15514.7          958425 
        15557.9          951752 
        15644.2          938545 
        15730.5          925526 
        15816.8          912692 
        15903.1          900041 
        15989.4          887566 
        16075.8          875273 
        16162.1          863159 
        16248.4          851224 
        16289.9          845547 
        16334.7          839462 
        16379.5          833421 
        16469.1          819334 
        16558.8          805536 
        16648.4          792014 
          16738          778773 
        16827.7          765795 
        16917.3          753081 
        17006.9          740624 
        17096.6          728413 
        17186.2          716450 
        17275.8          704725 
        17327.7          698046 
        17365.5          693230 
        17403.2          688455 
        17478.8          679018 
        17554.3          669737 
        17629.9          660611 
        17705.4          651635 
          17781          642808 
        17856.5          634124 
        17932.1          625585 
        18007.6          616896 
        18083.2          608596 
        18158.7          600424 
        18234.3          592372 
        18309.8          584443 
        18343.7          580915 
        18385.3          576624 
          18427          572367 
        18510.2          563950 
        18593.4          555666 
        18602.1          554808 
        18676.6          547532 
        18751.1          540395 
        18825.6          533571 
        18900.2          526870 
        18974.7          520279 
        19049.2          513773 
        19123.7          507348 
        19198.3          501009 
        19272.8          494751 
        19347.3          488577 
          19393          484836 
        19421.9          482492 
        19450.7          480161 
        19508.3          475540 
        19565.9          471129 
        19623.6          466592 
        19681.2          462109 
        19738.8          457680 
        19796.5          453300 
        19854.1          448974 
        19911.7          444699 
        19969.4          440470 
          20027          436292 
        20084.6          432164 
        20142.3          428083 
        20199.9          424049 
        20257.5          420062 
        20315.2          416120 
        20372.8          412224 
        20386.4          411307 
        20430.4          408372 
        20474.4          405463 
        20562.3          399724 
        20650.3          394081 
        20738.2          388540 
        20826.2          383092 
        20914.1          377739 
        21002.1          372477 
          21090          367302 
        21177.9          362219 
        21265.9          357221 
        21353.8          352304 
        21441.8          347476 
        21529.7          342726 
        21604.7          338739 
        21617.7          338054 
        21630.6          337372 
        21656.5          336015 
        21708.4          333323 
        21760.2          330653 
          21812          328014 
        21863.8          325397 
        21915.7          322805 
        21967.5          320241 
        22019.3          317703 
        22071.1          315187 
          22123          312696 
        22174.8          310230 
        22226.6          307787 
        22278.4          305369 
        22330.3          302974 
        22382.1          300601 
        22433.9          298252 
        22485.8          295925 
        22537.6          293620 
        22589.4          291338 
        22641.2          289077 
        22693.1          286838 
        22702.9          286414 
        22744.9          284620 
        22784.8          282925 
        22786.8          282841 
        22788.8          282756 
        22792.8          282588 
        22800.8          282250 
        22816.8          281577 
        22848.8          280237 
        22912.8          277581 
        22976.8          274955 
        23040.8          272360 
        23104.8          269795 
        23168.7          267260 
        23232.7          264754 
        23296.7          262277 
        23360.7          259829 
        23424.7          257409 
        23488.6          255016 
        23552.6          252651 
        23616.6          250313 
        23680.6          248001 
        23744.6          245716 
        23808.6          243457 
        23872.5          241223 
        23936.5          239015 
        24000.5          236831 
        24064.5          234672 
        24128.5          232537 
        24192.5          230426 
        24256.4          228339 
        24320.4          226275 
        24384.4          224234 
        24448.4          222216 
        24512.4          220220 
        24576.3          218246 
        24640.3          216294 
        24704.3          214363 
        24768.3          212454 
        24832.3          210566 
        24896.3          208698 
        24960.2          206851 
        25004.4          205587 
        25024.2          205024 
          25044          204463 
        25083.6          203347 
        25162.8          201138 
        25241.9          198958 
        25321.1          196808 
        25400.2          194686 
        25479.4          192592 
        25558.5          190526 
        25637.7          188488 
        25716.9          186476 
          25796          184491 
        25875.2          182532 
        25954.3          180598 
        26033.5          178690 
        26112.7          176807 
        26191.8          174948 
          26271          173113 
        26350.1          171302 
        26429.3          169514 
        26508.4          167750 
        26587.6          166008 
        26666.8          164288 
        26745.9          162590 
        26825.1          160914 
        26904.2          159260 
        26983.4          157626 
        27062.6          156013 
        27141.7          154420 
        27142.5          154404 
        27220.9          152848 
        27299.2          151311 
        27377.5          149795 
        27455.8          148296 
        27534.2          146817 
        27612.5          145356 
        27690.8          143912 
        27769.1          142487 
        27847.5          141079 
        27925.8          139688 
        28004.1          138314 
        28082.4          136956 
        28160.8          135616 
        28239.1          134291 
        28317.4          132982 
        28395.7          131690 
          28474          130412 
        28552.4          129150 
        28630.7          127903 
          28709          126672 
        28787.3          125454 
        28865.7          124251 
          28944          123062 
        29022.3          121888 
        29100.6          120727 
          29179          119580 
        29257.3          118447 
        29335.6          117326 
        29413.9          116219 
        29492.3          115125 
        29570.6          114043 
        29648.9          112974 
        29727.2          111918 
        29805.5          110873 
        29883.9          109841 
        29932.6          109205 
        29962.2          108821 
        29991.8          108438 
