# Koester WD models
# teff = 5000 K (value for the effective temperature for the model. Temperatures are given in K)
# logg = 8 log(cm/s2) (value for Log(G) for the model.)
#
# column 1: WAVELENGTH (ANGSTROM), Wavelength in Angstrom
# column 2: FLUX (ERG/CM2/S/A), Flux in erg/cm2/s/A
         899.23     0.000136398 
        899.921     0.000139937 
        901.306     0.000147275 
         902.69     0.000154972 
        903.914     0.000162085 
        904.074     0.000163043 
        904.235     0.000164007 
        904.557     0.000165949 
          905.2     0.000169898 
        906.488     0.000178062 
        907.774     0.000186591 
        908.882     0.000194235 
        909.062     0.000195501 
        909.168     0.000196254 
        909.241     0.000196774 
        909.599     0.000199344 
        909.757     0.000200485 
        910.032      0.00020248 
        910.783     0.000208047 
        910.896      0.00020889 
        912.034     0.000217623 
        913.037     0.000225602 
        913.241     0.000227259 
        913.284      0.00022761 
        913.478     0.000229199 
        913.531     0.000229635 
        913.755     0.000231478 
        913.822     0.000232034 
         914.08     0.000234188 
        914.165     0.000234902 
        914.499     0.000237726 
        914.575     0.000238373 
        915.071     0.000242628 
         915.54     0.000246725 
        915.609     0.000247324 
        915.643     0.000247624 
        915.677     0.000247925 
        915.741     0.000248491 
        915.813      0.00024913 
        916.085     0.000251558 
        916.429     0.000254659 
        916.858     0.000258568 
        917.118      0.00026097 
        917.196     0.000261694 
        917.378     0.000263392 
        917.899     0.000268301 
        917.952     0.000268806 
        918.287     0.000272019 
        918.602     0.000275062 
        919.251     0.000281455 
        920.215     0.000291196 
        921.882     0.000308786 
        921.999     0.000310058 
        922.143     0.000311631 
        922.405     0.000314502 
         922.81     0.000319004 
        923.621      0.00032819 
        925.001     0.000344397 
        925.242     0.000347306 
        925.484     0.000350237 
        925.564     0.000351214 
        925.966     0.000356169 
        926.164     0.000358629 
        926.369     0.000361176 
        927.173     0.000371361 
        927.276     0.000372668 
        928.182     0.000384465 
        928.917     0.000394125 
         928.98     0.000395014 
        929.089     0.000396585 
        929.261     0.000399099 
        929.317     0.000399906 
        929.543     0.000403145 
        929.655     0.000404716 
        929.769     0.000406312 
        929.827     0.000407125 
        929.883     0.000407914 
         929.91     0.000408294 
        929.939     0.000408702 
        929.954     0.000408913 
        929.968     0.000409111 
        929.982     0.000409309 
        929.996     0.000409507 
         930.01     0.000409705 
        930.024     0.000409902 
        930.038       0.0004101 
        930.052     0.000410298 
        930.081      0.00041071 
        930.137     0.000411502 
        930.201     0.000412413 
        930.247     0.000413066 
        930.249     0.000413094 
        930.251     0.000413123 
        930.301     0.000413836 
        930.326     0.000414178 
        930.329     0.000414222 
        930.402     0.000415262 
        930.478     0.000416343 
         930.63     0.000418448 
        930.931     0.000422271 
        931.229     0.000425855 
         931.49     0.000429041 
        931.534     0.000429594 
        931.838     0.000433433 
        932.447     0.000440784 
        933.265     0.000452267 
        933.403     0.000454365 
        933.432     0.000454799 
        933.542     0.000456511 
        933.652     0.000458245 
        933.872     0.000461748 
        933.973     0.000463401 
        934.073     0.000465063 
        934.312      0.00046914 
        934.316     0.000469209 
        934.652       0.0004751 
         935.23     0.000485989 
        935.688     0.000495322 
        936.144     0.000504747 
        936.372     0.000509192 
        936.601     0.000513292 
        936.714     0.000515271 
        936.829     0.000517288 
        936.887     0.000518306 
        936.944     0.000519312 
        936.973     0.000519824 
        937.001     0.000520317 
        937.015     0.000520565 
        937.029     0.000520813 
        937.043     0.000521058 
        937.058     0.000521325 
        937.072     0.000521573 
        937.086     0.000521822 
        937.101     0.000522086 
        937.115     0.000522334 
        937.143      0.00052283 
          937.2     0.000523842 
        937.314     0.000525874 
        937.493     0.000529076 
        937.542     0.000529952 
        937.593      0.00053086 
        937.694      0.00053261 
        937.788     0.000534193 
        937.894     0.000535909 
            938     0.000537517 
        938.212     0.000540602 
        938.359     0.000542613 
        938.556     0.000545355 
        938.636     0.000546493 
        938.914     0.000550454 
        939.271     0.000555961 
        939.986      0.00056811 
         940.58     0.000579247 
         940.66     0.000580767 
        940.675     0.000581053 
          940.7     0.000581531 
         940.74     0.000582291 
        940.787     0.000583193 
        940.901     0.000585386 
        941.221     0.000591763 
        941.861     0.000604757 
        943.048     0.000629701 
        943.457     0.000638485 
        944.382     0.000658318 
        945.308     0.000678826 
        946.233     0.000701087 
        947.158      0.00072649 
        947.621     0.000740188 
        948.083     0.000753649 
        948.314     0.000759841 
        948.546     0.000765748 
        948.661     0.000768666 
        948.777     0.000771616 
        948.835     0.000773099 
        948.893     0.000774582 
        948.922     0.000775323 
        948.951     0.000776064 
        948.966     0.000776451 
         948.98     0.000776809 
        948.994      0.00077717 
        949.009     0.000777554 
        949.023     0.000777915 
        949.037     0.000778273 
        949.052     0.000778659 
        949.066     0.000779021 
        949.095     0.000779765 
        949.153     0.000781261 
         949.23     0.000783249 
        949.258     0.000783972 
        949.269     0.000784258 
         949.28     0.000784544 
         949.33     0.000785838 
         949.36     0.000786617 
         949.43     0.000788436 
          949.5     0.000790258 
         949.64     0.000793896 
        949.795     0.000797804 
        949.879     0.000799856 
        949.921     0.000800871 
        949.963     0.000801873 
        950.047     0.000803817 
        950.131     0.000805661 
        950.467     0.000812793 
        950.718     0.000818024 
        950.888     0.000821542 
        951.224     0.000828878 
        951.728     0.000840577 
        952.234     0.000853536 
        952.738      0.00086746 
        953.502      0.00089001 
        953.748     0.000897751 
        954.758     0.000929801 
        956.014     0.000971604 
         957.27      0.00101495 
        957.764      0.00103289 
        958.148       0.0010469 
        958.526      0.00106027 
        959.289      0.00108816 
         960.43      0.00113033 
        961.192      0.00115857 
        962.712      0.00121856 
        964.231       0.0012796 
         965.75      0.00134362 
        966.507      0.00137701 
        966.767      0.00138843 
        967.269      0.00141064 
        968.032      0.00144484 
        968.668       0.0014739 
        968.979      0.00148833 
        969.297      0.00150324 
        969.927      0.00153319 
        970.401       0.0015563 
        970.638      0.00156811 
        970.874      0.00157954 
         971.11       0.0015898 
        971.229      0.00159278 
        971.348      0.00159462 
        971.467      0.00159354 
        971.585      0.00158966 
        971.644      0.00159343 
        971.703      0.00160461 
        971.732      0.00161127 
        971.762      0.00161608 
        971.778      0.00161735 
        971.792      0.00161811 
        971.806      0.00161882 
        971.821      0.00161959 
        971.827      0.00161989 
        971.833       0.0016202 
        971.836      0.00162035 
        971.839       0.0016205 
        971.851      0.00162111 
        971.866      0.00162188 
         971.88      0.00162259 
         971.91      0.00162387 
        971.969      0.00161925 
        972.037        0.001613 
        972.087       0.0016149 
        972.137      0.00162123 
         972.15      0.00162219 
        972.237      0.00163424 
        972.324       0.0016441 
        972.499      0.00165873 
        972.548      0.00166292 
        972.673       0.0016694 
        972.798      0.00167783 
        972.851      0.00168053 
        973.048      0.00169037 
        973.298      0.00170315 
         973.64      0.00172106 
        973.746      0.00172662 
         974.64      0.00177477 
         975.64      0.00183261 
         976.64      0.00188993 
        977.974      0.00196878 
        978.639      0.00200923 
        979.305      0.00205046 
        980.636      0.00213524 
        981.967      0.00222334 
        982.672      0.00227143 
        983.298      0.00231488 
         983.73      0.00234537 
        983.923      0.00235911 
        985.174      0.00244994 
        985.271      0.00245713 
        986.618      0.00255901 
        987.965      0.00266486 
        989.312      0.00277568 
        990.133      0.00284599 
        990.659      0.00289157 
        992.006      0.00301082 
         993.88      0.00318385 
        995.753        0.003366 
        996.806      0.00347253 
        997.574      0.00355223 
        997.626       0.0035577 
        997.806      0.00357664 
        998.447      0.00364481 
        999.319      0.00373963 
        999.435      0.00375241 
        1001.06      0.00393616 
        1002.69      0.00412824 
        1004.32      0.00432908 
        1005.84      0.00452374 
        1005.95        0.004539 
        1007.58      0.00475838 
        1009.33      0.00500434 
        1011.07      0.00526232 
         1011.3      0.00529757 
        1012.82      0.00553275 
        1014.33      0.00577761 
        1015.38       0.0059531 
        1015.84      0.00603227 
        1017.36      0.00629742 
        1017.62      0.00634451 
        1019.33       0.0066598 
        1021.04      0.00699117 
        1022.47      0.00728284 
        1022.76      0.00734369 
        1023.04      0.00740074 
        1023.19      0.00743028 
        1023.54      0.00751441 
        1023.62       0.0075326 
        1024.04      0.00763021 
        1024.29       0.0076849 
        1024.41      0.00770158 
        1024.54       0.0077106 
        1024.67      0.00769781 
        1024.79      0.00768933 
        1024.85      0.00770793 
        1024.91      0.00775964 
        1024.95      0.00778955 
        1024.98      0.00780962 
        1024.99      0.00781499 
        1025.01      0.00781892 
        1025.03      0.00782244 
        1025.04      0.00782571 
        1025.06      0.00782923 
        1025.07      0.00783271 
        1025.09      0.00783601 
         1025.1       0.0078395 
        1025.13      0.00784613 
         1025.2      0.00783645 
        1025.27      0.00780259 
        1025.32      0.00780218 
        1025.37      0.00782096 
        1025.47      0.00787393 
        1025.52      0.00790365 
        1025.57      0.00793368 
        1025.62      0.00795907 
        1025.72      0.00798766 
        1025.82      0.00802118 
        1025.87       0.0080317 
        1025.97      0.00805944 
        1026.02      0.00806786 
        1026.07      0.00807628 
        1026.25      0.00810814 
        1026.27      0.00811144 
        1026.66      0.00819594 
        1027.07      0.00827951 
        1027.89       0.0084714 
        1028.35       0.0085784 
        1028.71       0.0086625 
         1028.8      0.00868289 
        1029.07      0.00874761 
        1029.34      0.00881289 
        1029.88      0.00894518 
        1030.96      0.00921596 
        1033.08      0.00976825 
        1033.13      0.00978223 
        1033.19      0.00979621 
        1033.23      0.00980777 
        1033.29      0.00982423 
         1033.5       0.0098805 
        1033.91      0.00999397 
        1034.75       0.0102245 
        1036.27       0.0106576 
        1037.78       0.0111076 
        1039.17       0.0115349 
        1039.26       0.0115618 
         1039.3       0.0115753 
        1039.34       0.0115888 
         1039.5       0.0116393 
        1039.52       0.0116432 
        1039.86       0.0117525 
        1040.55        0.011974 
        1041.92       0.0124287 
        1044.35       0.0132674 
        1046.77       0.0141582 
        1049.03       0.0150396 
        1049.19       0.0151038 
        1049.35       0.0151684 
        1049.67        0.015298 
        1050.31       0.0155604 
        1051.59       0.0160976 
        1053.95       0.0171332 
        1054.15       0.0172237 
        1054.35       0.0173147 
        1054.75        0.017498 
        1054.95       0.0175903 
        1055.55       0.0178699 
        1057.15       0.0186357 
        1059.36       0.0197382 
        1061.56       0.0209025 
        1063.16       0.0217887 
        1063.76       0.0221298 
        1064.36       0.0224759 
        1065.56       0.0231831 
        1066.56        0.023788 
        1067.96       0.0246593 
        1069.36       0.0255598 
        1069.96        0.025954 
        1072.16       0.0274478 
        1074.36       0.0290203 
        1076.56       0.0306754 
        1078.16        0.031933 
        1078.69       0.0323546 
        1078.76       0.0324168 
        1078.98       0.0325928 
        1079.36       0.0329072 
        1080.57       0.0339107 
        1080.71       0.0340351 
        1082.44       0.0355364 
        1084.17       0.0370981 
         1085.9       0.0387226 
        1087.64       0.0404116 
        1089.32       0.0421162 
        1089.37       0.0421668 
        1089.42       0.0422195 
        1089.52       0.0423229 
        1089.72       0.0425309 
        1090.12        0.042949 
        1090.67       0.0435305 
        1090.92       0.0437973 
        1092.52        0.045539 
        1094.37       0.0476313 
        1096.22         0.04981 
        1096.77       0.0504744 
        1098.07       0.0520769 
        1099.37       0.0537231 
        1099.57       0.0539788 
        1101.97       0.0571672 
        1104.37       0.0605416 
        1106.78       0.0640973 
        1108.98       0.0675235 
        1109.18       0.0678433 
        1109.38       0.0681641 
        1109.78       0.0688084 
        1109.98       0.0691323 
        1110.58       0.0701131 
        1112.18        0.072791 
        1114.38       0.0766266 
        1116.58       0.0806459 
        1118.18       0.0836895 
        1118.68         0.08467 
        1118.78       0.0848579 
        1119.38        0.086041 
        1120.08       0.0874321 
        1121.47       0.0902768 
        1123.78       0.0951802 
        1124.25       0.0962226 
        1124.73       0.0972772 
        1125.68       0.0994185 
        1125.79       0.0996642 
        1127.08        0.102627 
        1127.59        0.103831 
        1129.38        0.108156 
        1131.69        0.113955 
        1132.46        0.115952 
           1134        0.120038 
        1135.54        0.124256 
        1137.85        0.130838 
        1138.62        0.133106 
        1139.39        0.135411 
        1140.93        0.140132 
        1143.63        0.148777 
        1143.95        0.149834 
        1144.01        0.150033 
        1144.39        0.151299 
        1145.15         0.15386 
        1146.67        0.159106 
        1149.39        0.168909 
        1149.83        0.170547 
        1152.11        0.179207 
        1154.39        0.188185 
        1156.67        0.197735 
        1158.51        0.205758 
        1158.95        0.207713 
        1159.39        0.209678 
        1159.67        0.210933 
        1160.27          0.2136 
        1162.03        0.221589 
        1164.39        0.232547 
        1166.76        0.244234 
        1168.84        0.254518 
        1169.12        0.255764 
        1169.39        0.257107 
        1169.96        0.260029 
        1171.08        0.265828 
        1172.24        0.271791 
        1173.32         0.27753 
         1174.4         0.28345 
        1176.56        0.296009 
        1178.04        0.305241 
        1178.72        0.309594 
         1179.4        0.314055 
        1180.58        0.321979 
        1180.76        0.323201 
        1180.94        0.324429 
        1181.29        0.326892 
        1181.69        0.329654 
        1182.01        0.331846 
        1183.43        0.341918 
        1185.17        0.354551 
        1187.89        0.374996 
        1188.65        0.380811 
         1189.4        0.386708 
        1190.91        0.398762 
        1193.44        0.419846 
        1193.92        0.423967 
         1194.4        0.428124 
        1195.19         0.43496 
        1195.37        0.436543 
        1197.29        0.453812 
         1199.4         0.47335 
        1201.51         0.49372 
        1202.84        0.507018 
        1203.62        0.515108 
         1204.4        0.523339 
        1205.97        0.540099 
        1208.81        0.571484 
        1209.11         0.57483 
         1209.4        0.578194 
        1209.67        0.581201 
           1210        0.584952 
        1210.33        0.588712 
        1210.98         0.59629 
        1211.89        0.606959 
        1212.29        0.611659 
        1212.69         0.61639 
         1213.1        0.621294 
        1213.28        0.623471 
        1213.49        0.625953 
        1213.88         0.63064 
        1214.17        0.634253 
        1214.47        0.637885 
        1214.62        0.639707 
        1214.76        0.641532 
        1214.84        0.642449 
        1214.91        0.643364 
        1214.95        0.643822 
        1214.98        0.644284 
           1215         0.64452 
        1215.02        0.644743 
        1215.04        0.644966 
        1215.06        0.645201 
        1215.08        0.645425 
         1215.1        0.645651 
        1215.11        0.645886 
        1215.13        0.646109 
        1215.17        0.646571 
        1215.24        0.647492 
        1215.39        0.649339 
        1215.64        0.652421 
        1215.69        0.653049 
        1215.74        0.653677 
         1215.8        0.654406 
        1215.84        0.654934 
        1216.04         0.65746 
        1216.06        0.657799 
        1216.28        0.660523 
        1216.76        0.666693 
        1217.46        0.675694 
        1218.32        0.686815 
        1218.86        0.694025 
        1218.98        0.695671 
        1219.41        0.701282 
        1219.83        0.706909 
         1220.1        0.710578 
        1220.67        0.718156 
        1222.36        0.740602 
        1224.62        0.771182 
        1226.88        0.803098 
        1228.86        0.832519 
        1229.13        0.836697 
        1229.41        0.840901 
        1229.74        0.846015 
        1229.96        0.849421 
        1230.18        0.852851 
        1230.62        0.859766 
        1231.49        0.873781 
        1231.69        0.877048 
        1233.24        0.902432 
        1234.79        0.928539 
        1236.38        0.956018 
        1237.89        0.983033 
        1239.41         1.01077 
        1240.47         1.03037 
        1242.44         1.06817 
        1244.41         1.10728 
        1247.29         1.16697 
        1248.35         1.18966 
        1248.65         1.19615 
        1249.41         1.21274 
        1251.53         1.26011 
        1251.91         1.26878 
        1254.41         1.32711 
        1256.91         1.38775 
        1259.41         1.45078 
        1261.91         1.51656 
        1264.41         1.58518 
        1266.91         1.65725 
        1269.41         1.73236 
        1271.91          1.8104 
        1274.41         1.89298 
        1276.91         1.97748 
        1279.42         2.06745 
        1281.92         2.15904 
        1284.42         2.25609 
        1286.92          2.3549 
        1289.42         2.45737 
        1291.92         2.56352 
        1294.42          2.6738 
        1296.92         2.78864 
        1299.42          2.9093 
        1301.92         3.03397 
        1304.42         3.16248 
        1306.92         3.29541 
        1309.42         3.43326 
        1311.92         3.57604 
        1314.42         3.72411 
        1316.92          3.8776 
        1319.42         4.03786 
        1321.92         4.20439 
        1324.42         4.37636 
        1326.92         4.55462 
        1329.42         4.73878 
        1331.92         4.92913 
        1334.42         5.12611 
        1336.92         5.33012 
        1339.42         5.54124 
        1341.92         5.75976 
        1344.42         5.98593 
        1346.92         6.22029 
        1349.42         6.46285 
        1351.92         6.71383 
        1354.42         6.97342 
        1356.92         7.24191 
        1359.42         7.51956 
        1364.42         8.10264 
        1365.19         8.19572 
        1369.42         8.72511 
        1373.65         9.28488 
        1376.35         9.65804 
        1377.88         9.87707 
        1379.42         10.1005 
        1380.57         10.2707 
         1382.5         10.5607 
        1384.42          10.858 
        1387.12         11.2871 
        1388.27          11.475 
        1389.03         11.6005 
        1389.42         11.6657 
        1391.73         12.0555 
        1394.42         12.5259 
        1399.42         13.4406 
        1404.42          14.414 
        1409.42         15.4495 
        1414.42         16.5513 
        1419.42         17.7233 
        1424.42         18.9672 
        1429.42         20.2934 
        1434.42         21.6853 
        1439.42         23.1669 
        1444.42         24.7359 
        1449.42         26.3995 
        1454.42         28.1635 
        1459.42         30.0309 
        1464.42         32.0078 
        1465.96         32.6386 
        1469.42         34.0985 
        1472.88         35.6247 
        1473.27         35.7931 
        1474.42         36.3052 
        1476.35         37.1855 
        1479.42         38.6315 
        1484.42         41.0861 
        1489.42         43.6747 
        1494.42         46.3988 
        1499.42         49.2313 
        1504.42         52.2645 
        1509.42         55.4642 
        1514.42         58.8357 
        1519.42         62.4247 
        1524.42          66.193 
        1529.42         70.1364 
        1534.42         74.2748 
        1539.42         78.6143 
        1544.42          83.169 
        1549.42         87.9476 
        1554.42         92.9481 
        1559.42         98.0899 
        1564.42         103.421 
        1566.72          106.02 
        1569.42         109.129 
        1570.19         110.032 
        1572.11           112.3 
         1574.8         115.506 
        1579.41         121.328 
        1583.64          126.84 
        1584.03         127.344 
        1584.03          127.35 
        1584.41         127.844 
        1585.18         128.856 
        1586.72         130.959 
        1589.41         134.703 
        1594.41         141.909 
        1599.41         149.465 
        1604.41         157.367 
        1609.41         165.702 
        1614.41         174.433 
        1619.41          183.74 
        1624.41         193.507 
        1629.41         203.826 
        1634.41         214.506 
        1639.41         225.626 
        1644.41         236.984 
        1649.41         248.657 
        1654.41         260.502 
        1659.41         272.749 
        1664.41         285.308 
        1665.56         288.288 
         1669.4         298.473 
        1670.17         300.554 
        1673.25         309.011 
         1674.4         312.256 
        1676.33         317.734 
         1679.4         326.974 
         1684.4         342.094 
         1689.4         357.893 
         1694.4           374.5 
         1699.4         391.929 
         1704.4          410.11 
         1709.4         429.113 
         1714.4         448.937 
         1719.4         469.517 
         1724.4          490.93 
         1729.4         513.211 
         1734.4         536.342 
         1739.4         560.275 
         1744.4         585.118 
        1749.39         610.691 
        1754.39         637.165 
        1759.39         664.554 
        1764.39         692.929 
        1767.08         708.627 
        1767.85         713.173 
        1769.39         722.324 
         1771.7          736.27 
        1774.39         752.861 
        1775.55         760.071 
        1779.39         784.525 
        1784.39         817.518 
        1789.39         851.717 
        1794.39         886.941 
        1799.39         923.374 
        1804.39         960.944 
        1809.39         999.793 
        1814.38         1039.98 
        1819.38         1081.52 
           1824         1121.01 
        1829.38         1168.65 
        1834.77         1217.97 
        1840.15         1268.91 
        1845.54         1321.65 
        1850.92         1376.39 
         1856.3         1433.44 
        1861.69         1492.19 
           1864         1517.86 
        1867.07         1552.59 
        1870.14         1587.97 
        1876.29          1661.2 
        1882.44         1737.16 
        1888.59            1816 
        1894.73         1897.88 
        1900.88         1982.92 
        1906.98         2070.49 
        1907.03         2071.17 
        1913.17         2162.69 
        1919.37         2258.31 
        1925.56         2356.72 
        1931.76         2459.14 
        1937.95         2567.63 
        1944.14         2677.33 
        1944.47         2683.25 
        1950.34         2793.56 
        1956.53            2911 
        1962.56          3029.2 
        1968.59         3151.36 
        1974.62         3277.53 
        1980.65         3407.84 
        1986.68         3542.43 
        1992.71         3681.41 
        2004.77         3973.11 
        2015.84         4257.61 
        2016.83         4283.78 
        2017.81         4310.05 
        2019.79         4363.23 
        2023.73          4472.5 
        2031.63          4696.3 
        2039.52         4925.45 
        2047.42         5163.58 
        2055.31         5411.02 
        2059.38         5542.24 
         2063.2         5667.97 
        2067.03         5795.92 
        2074.69         6060.29 
        2082.34         6334.36 
        2089.99         6618.46 
        2094.36          6784.9 
        2097.65         6912.85 
         2105.3         7217.75 
        2116.25          7672.9 
         2127.2         8151.84 
        2132.72         8404.86 
        2138.15         8661.06 
        2140.91         8792.38 
         2149.1          9187.9 
        2157.29         9597.44 
        2165.47         10021.5 
        2173.66         10459.7 
        2181.85         10913.1 
        2190.04         11382.2 
        2198.22         11866.9 
        2206.41           12368 
         2214.5         12879.7 
         2214.6         12885.9 
         2214.7         12892.1 
        2214.89         12904.6 
        2215.28         12929.4 
        2216.05         12979.3 
         2217.6         13079.5 
        2220.71         13281.1 
        2226.91         13691.6 
        2239.33         14542.2 
        2239.57         14559.1 
        2251.74         15432.2 
        2263.91         16350.5 
        2276.09           17339 
        2288.26         18360.7 
        2300.43           19428 
        2312.08         20498.7 
        2312.61         20548.2 
        2313.13         20597.9 
        2314.19         20695.1 
         2316.3         20890.5 
        2320.51         21285.5 
        2328.94         22092.6 
        2329.23         22121.1 
        2345.79         23795.7 
        2362.35         25572.9 
        2378.92         27472.7 
        2381.68           27801 
        2395.48         29492.3 
        2409.27           31293 
        2423.07         33201.3 
        2436.86         35250.2 
        2445.12         36527.6 
        2450.66         37408.2 
        2451.59         37559.3 
        2456.19         38309.2 
        2460.79         39119.4 
        2469.99         40776.9 
        2479.19         42522.1 
        2488.39         44360.9 
        2497.59         46346.7 
        2503.55         47687.8 
        2506.78           48432 
        2510.01         49190.1 
        2516.47         50719.8 
        2529.39         53987.6 
        2535.86         55695.7 
        2542.32         57454.1 
        2548.78         59308.9 
        2551.24         60028.9 
        2555.24         61209.5 
        2559.23         62407.1 
        2567.22         65036.3 
        2575.22           67766 
        2583.21         70618.3 
         2591.2         73676.9 
        2599.19           76832 
        2607.18         80140.1 
        2615.18         83527.1 
        2623.17         87099.1 
        2631.16         90793.9 
        2639.15         94600.9 
        2652.61          101265 
        2655.14          102556 
        2657.67          103860 
        2662.74          106152 
         2667.8          108470 
        2677.93          113186 
        2688.06          118071 
        2698.19          123106 
        2718.45          133494 
         2721.3          134992 
        2738.71          144313 
        2747.41          149108 
        2756.11          153998 
        2764.81          159208 
        2773.51          164600 
        2782.21          170122 
        2799.61          181500 
        2814.29          191451 
        2817.01          193339 
        2834.42          205670 
        2844.48          213030 
        2854.55          220544 
        2864.61          228808 
        2874.68          237298 
        2894.81          255002 
        2914.94          273957 
        2917.15          276099 
        2935.07          293859 
        2952.98          312387 
         2970.9          330876 
        2988.82          350124 
        3006.73          370240 
        3024.65          391229 
        3033.71          402133 
        3042.57          412975 
        3051.42          423999 
        3060.28          436553 
        3069.13          449351 
        3086.84          475684 
        3094.66          487632 
        3104.55          503026 
        3122.26          531372 
        3136.06          554183 
        3142.96          565842 
        3149.86          577673 
        3156.76          590981 
        3163.66          604596 
        3170.56          618423 
        3177.45          632450 
        3184.35          646678 
        3198.15          675738 
        3203.21          686592 
        3225.75          736292 
        3237.02          761987 
        3242.66          775040 
        3248.29          788226 
        3253.93          798398 
        3259.57          808643 
        3262.57          814137 
         3265.2          818963 
        3270.84          829355 
        3282.11          850360 
        3283.61          853181 
        3304.65          893262 
        3325.69          934596 
        3346.73          976866 
        3367.77      1.02124e+6 
        3388.81      1.06657e+6 
        3416.61      1.12787e+6 
        3430.89      1.15995e+6 
        3445.17      1.19244e+6 
        3473.72       1.2586e+6 
        3518.06      1.36423e+6 
        3530.83      1.39527e+6 
         3543.6      1.42658e+6 
           3547        1.435e+6 
        3569.14       1.4903e+6 
        3591.28      1.54634e+6 
        3632.17      1.65207e+6 
        3635.57      1.66096e+6 
        3635.88      1.66179e+6 
        3638.96      1.66986e+6 
        3642.04       1.6781e+6 
        3643.12      1.68099e+6 
        3645.12      1.68635e+6 
        3645.28      1.68678e+6 
        3647.12      1.69171e+6 
        3648.96      1.69665e+6 
        3651.32      1.70298e+6 
        3652.64      1.70652e+6 
        3653.96      1.71007e+6 
        3654.24      1.71082e+6 
         3656.6      1.71716e+6 
        3658.96       1.7235e+6 
         3663.4      1.73544e+6 
        3663.68      1.73619e+6 
        3663.96      1.73695e+6 
        3664.52      1.73845e+6 
        3665.64      1.74147e+6 
         3666.8      1.74459e+6 
        3667.88       1.7475e+6 
        3668.28      1.74857e+6 
        3668.95       1.7504e+6 
        3671.11      1.75622e+6 
        3673.95      1.76387e+6 
         3675.2      1.76723e+6 
        3678.95      1.77734e+6 
        3682.58      1.78714e+6 
         3682.7      1.78746e+6 
        3682.82      1.78778e+6 
        3683.06      1.78843e+6 
        3683.18      1.78874e+6 
        3683.54      1.78972e+6 
         3684.5      1.79232e+6 
        3684.82      1.79317e+6 
        3685.83      1.79589e+6 
        3686.83      1.79861e+6 
        3688.74      1.80376e+6 
        3688.85      1.80404e+6 
        3688.94       1.8043e+6 
        3688.95      1.80433e+6 
        3689.16      1.80489e+6 
        3689.38      1.80548e+6 
        3689.73      1.80643e+6 
        3689.82      1.80666e+6 
         3689.9      1.80689e+6 
        3690.07      1.80735e+6 
        3690.41      1.80827e+6 
        3690.62      1.80885e+6 
        3691.09       1.8101e+6 
        3691.47      1.81113e+6 
        3691.55      1.81136e+6 
         3691.7      1.81175e+6 
        3692.48      1.81387e+6 
         3693.5      1.81661e+6 
         3694.4      1.81904e+6 
         3695.3      1.82147e+6 
        3695.81      1.82286e+6 
         3696.2      1.82391e+6 
        3696.53      1.82479e+6 
        3696.59      1.82496e+6 
        3696.65      1.82512e+6 
        3696.67      1.82517e+6 
        3696.76      1.82543e+6 
        3696.77      1.82545e+6 
        3696.87      1.82573e+6 
        3696.93      1.82588e+6 
        3696.99      1.82604e+6 
        3697.04      1.82619e+6 
         3697.1      1.82634e+6 
        3697.15      1.82649e+6 
        3697.21      1.82664e+6 
        3697.26      1.82679e+6 
        3697.32      1.82695e+6 
        3697.35      1.82702e+6 
        3697.41      1.82717e+6 
        3697.43      1.82725e+6 
        3697.46      1.82733e+6 
         3697.5      1.82742e+6 
        3697.53      1.82751e+6 
        3697.58      1.82764e+6 
        3697.66      1.82786e+6 
        3697.82      1.82829e+6 
        3698.11      1.82907e+6 
        3698.43      1.82994e+6 
        3698.69      1.83064e+6 
        3698.89      1.83117e+6 
        3698.95      1.83134e+6 
        3699.01       1.8315e+6 
        3699.13      1.83183e+6 
        3699.37      1.83249e+6 
        3699.53      1.83292e+6 
        3699.86      1.83381e+6 
        3699.88      1.83386e+6 
        3700.19       1.8347e+6 
         3700.2      1.83472e+6 
         3700.5      1.83554e+6 
        3700.81      1.83637e+6 
        3700.84      1.83646e+6 
        3701.09      1.83713e+6 
        3701.42      1.83802e+6 
        3701.99      1.83957e+6 
        3702.44      1.84079e+6 
        3702.89      1.84201e+6 
        3703.12      1.84262e+6 
        3703.35      1.84323e+6 
        3703.46      1.84353e+6 
        3703.57      1.84384e+6 
        3703.63      1.84399e+6 
        3703.68      1.84414e+6 
        3703.74      1.84429e+6 
         3703.8      1.84445e+6 
        3703.85       1.8446e+6 
        3703.91      1.84475e+6 
        3703.97       1.8449e+6 
        3704.02      1.84505e+6 
        3704.09      1.84523e+6 
        3704.13      1.84536e+6 
        3704.18       1.8455e+6 
        3704.21      1.84556e+6 
        3704.22      1.84559e+6 
        3704.28      1.84577e+6 
        3704.31      1.84585e+6 
        3704.36      1.84597e+6 
        3704.41      1.84609e+6 
        3704.49      1.84632e+6 
        3704.57      1.84653e+6 
        3704.59      1.84659e+6 
        3704.69      1.84686e+6 
        3704.81      1.84719e+6 
        3705.05      1.84785e+6 
        3705.37      1.84871e+6 
        3705.54      1.84917e+6 
        3705.71      1.84963e+6 
        3706.05      1.85055e+6 
        3706.07       1.8506e+6 
        3706.73      1.85238e+6 
        3707.27      1.85383e+6 
        3707.39      1.85416e+6 
        3707.51       1.8545e+6 
        3707.61      1.85477e+6 
        3707.76      1.85517e+6 
        3707.91      1.85557e+6 
        3708.12      1.85613e+6 
        3708.21      1.85638e+6 
         3708.3      1.85663e+6 
        3708.49      1.85712e+6 
        3708.76      1.85787e+6 
        3708.85      1.85812e+6 
        3708.87      1.85817e+6 
        3708.95      1.85837e+6 
        3709.13      1.85886e+6 
        3709.21      1.85907e+6 
        3709.49      1.85984e+6 
        3710.11      1.86151e+6 
         3710.9      1.86366e+6 
        3711.01      1.86395e+6 
        3711.12      1.86425e+6 
        3711.21       1.8645e+6 
        3711.32       1.8648e+6 
        3711.34      1.86484e+6 
        3711.46      1.86518e+6 
        3711.52      1.86532e+6 
        3711.58      1.86548e+6 
         3711.6      1.86555e+6 
        3711.69      1.86579e+6 
        3711.75      1.86594e+6 
         3711.8      1.86609e+6 
        3711.86      1.86624e+6 
        3711.91       1.8664e+6 
        3711.97      1.86655e+6 
        3712.03       1.8667e+6 
        3712.08      1.86685e+6 
        3712.14        1.867e+6 
         3712.2      1.86718e+6 
        3712.25      1.86731e+6 
         3712.3      1.86745e+6 
        3712.33      1.86751e+6 
        3712.33      1.86752e+6 
         3712.4      1.86772e+6 
        3712.48      1.86792e+6 
        3712.63      1.86833e+6 
        3712.93      1.86914e+6 
        3713.23      1.86995e+6 
        3713.53      1.87077e+6 
        3713.83      1.87159e+6 
        3714.24      1.87269e+6 
        3714.42      1.87317e+6 
        3714.44      1.87322e+6 
        3714.64      1.87376e+6 
        3715.03      1.87482e+6 
        3715.64      1.87647e+6 
        3716.76      1.87951e+6 
        3716.79      1.87958e+6 
        3716.86      1.87977e+6 
        3716.95      1.88003e+6 
        3717.14      1.88054e+6 
        3717.52      1.88157e+6 
        3718.19      1.88337e+6 
        3718.26      1.88356e+6 
        3718.33      1.88375e+6 
        3718.47      1.88413e+6 
        3718.56      1.88436e+6 
        3718.63      1.88456e+6 
        3718.73      1.88484e+6 
        3718.75      1.88488e+6 
        3718.94       1.8854e+6 
        3719.25      1.88624e+6 
        3719.47      1.88684e+6 
        3719.77      1.88765e+6 
        3720.07      1.88846e+6 
        3720.36      1.88915e+6 
        3720.52      1.88955e+6 
        3720.67       1.8899e+6 
        3720.98      1.89066e+6 
         3721.2      1.89118e+6 
        3721.43       1.8917e+6 
        3721.54      1.89196e+6 
        3721.66      1.89222e+6 
        3721.71      1.89234e+6 
        3721.77      1.89248e+6 
        3721.82      1.89261e+6 
        3721.88      1.89273e+6 
        3721.94      1.89286e+6 
        3721.99      1.89299e+6 
        3722.05      1.89312e+6 
        3722.11      1.89326e+6 
        3722.22      1.89352e+6 
         3722.4      1.89392e+6 
        3722.45      1.89403e+6 
         3722.5      1.89415e+6 
         3722.6      1.89438e+6 
         3722.7       1.8946e+6 
         3722.8      1.89484e+6 
         3722.9      1.89508e+6 
        3723.11      1.89555e+6 
        3723.23      1.89583e+6 
        3723.52       1.8965e+6 
        3723.81      1.89716e+6 
        3724.38      1.89848e+6 
        3725.45      1.90093e+6 
        3725.53      1.90113e+6 
        3725.62      1.90131e+6 
        3725.75      1.90162e+6 
        3725.78       1.9017e+6 
        3725.92        1.902e+6 
        3725.93      1.90204e+6 
        3726.11      1.90246e+6 
        3726.48      1.90329e+6 
        3727.04      1.90459e+6 
        3727.37      1.90533e+6 
        3728.15      1.90714e+6 
        3728.64      1.90825e+6 
        3728.94      1.90894e+6 
        3729.01       1.9091e+6 
        3729.24      1.90963e+6 
        3729.84      1.91102e+6 
        3730.68      1.91293e+6 
        3732.19      1.91642e+6 
        3732.34      1.91676e+6 
        3732.49       1.9171e+6 
        3732.79      1.91779e+6 
        3733.35      1.91907e+6 
        3733.38      1.91915e+6 
        3733.39      1.91917e+6 
         3733.4      1.91919e+6 
        3733.45      1.91931e+6 
        3733.55      1.91954e+6 
        3733.65      1.91976e+6 
        3733.75      1.91999e+6 
        3733.86      1.92023e+6 
           3734      1.92057e+6 
        3734.04      1.92066e+6 
        3734.06      1.92071e+6 
        3734.08      1.92075e+6 
        3734.13      1.92086e+6 
        3734.14      1.92088e+6 
        3734.16      1.92094e+6 
         3734.2      1.92101e+6 
        3734.25      1.92114e+6 
        3734.31      1.92127e+6 
        3734.37       1.9214e+6 
        3734.43      1.92153e+6 
        3734.48      1.92167e+6 
        3734.54       1.9218e+6 
        3734.65      1.92206e+6 
        3734.83      1.92246e+6 
        3734.88      1.92258e+6 
        3734.93       1.9227e+6 
        3735.03      1.92292e+6 
        3735.12      1.92314e+6 
        3735.17      1.92325e+6 
        3735.23      1.92338e+6 
        3735.33      1.92363e+6 
        3735.39      1.92375e+6 
        3735.49      1.92399e+6 
        3735.82      1.92473e+6 
           3736      1.92515e+6 
        3736.24      1.92571e+6 
        3736.49      1.92627e+6 
        3736.97      1.92738e+6 
        3737.83      1.92935e+6 
        3737.94      1.92961e+6 
        3738.06      1.92988e+6 
        3738.29      1.93042e+6 
        3738.59      1.93109e+6 
        3738.76       1.9315e+6 
        3738.94      1.93189e+6 
        3739.29       1.9327e+6 
         3739.5      1.93318e+6 
        3739.99       1.9343e+6 
        3740.48      1.93543e+6 
        3741.21      1.93712e+6 
        3741.45      1.93767e+6 
        3741.69      1.93822e+6 
        3742.09      1.93914e+6 
        3742.18      1.93933e+6 
        3742.26      1.93953e+6 
        3742.43      1.93991e+6 
        3742.67      1.94047e+6 
        3742.73      1.94061e+6 
        3742.76      1.94068e+6 
         3742.8      1.94075e+6 
        3742.86      1.94091e+6 
        3742.92      1.94104e+6 
        3743.17       1.9416e+6 
        3743.66      1.94274e+6 
        3744.62      1.94494e+6 
        3744.65      1.94502e+6 
        3746.45      1.94913e+6 
        3747.61      1.95179e+6 
        3748.27      1.95332e+6 
        3748.84      1.95464e+6 
         3748.9      1.95477e+6 
        3748.93      1.95484e+6 
        3748.96      1.95491e+6 
        3748.99      1.95496e+6 
        3749.08      1.95519e+6 
        3749.12      1.95526e+6 
        3749.18      1.95541e+6 
        3749.38      1.95586e+6 
        3749.41      1.95593e+6 
        3749.64      1.95646e+6 
        3749.75      1.95672e+6 
        3749.87      1.95698e+6 
        3749.92      1.95711e+6 
        3749.98      1.95724e+6 
        3750.04      1.95737e+6 
        3750.09      1.95749e+6 
        3750.15      1.95762e+6 
        3750.21      1.95776e+6 
        3750.27      1.95789e+6 
        3750.32      1.95802e+6 
        3750.44      1.95829e+6 
        3750.62       1.9587e+6 
        3750.66      1.95881e+6 
        3750.72      1.95893e+6 
        3750.82      1.95916e+6 
        3750.91      1.95937e+6 
        3751.02      1.95962e+6 
        3751.12      1.95986e+6 
        3751.33      1.96034e+6 
        3751.48      1.96068e+6 
        3751.76      1.96132e+6 
        3752.03      1.96195e+6 
        3752.59      1.96323e+6 
        3753.53      1.96539e+6 
         3753.7      1.96577e+6 
        3753.78      1.96596e+6 
        3753.86      1.96614e+6 
        3754.18      1.96689e+6 
        3754.27      1.96709e+6 
        3754.84      1.96838e+6 
        3755.89       1.9708e+6 
        3756.09      1.97125e+6 
        3757.47      1.97443e+6 
        3757.51      1.97451e+6 
        3757.55       1.9746e+6 
        3758.93      1.97777e+6 
        3760.39      1.98112e+6 
        3761.66      1.98402e+6 
        3762.72      1.98645e+6 
        3763.23      1.98764e+6 
        3764.81      1.99125e+6 
        3765.07      1.99184e+6 
         3766.9      1.99605e+6 
        3768.55      1.99981e+6 
        3768.74      2.00025e+6 
        3768.93      2.00069e+6 
        3768.97      2.00079e+6 
         3769.2       2.0013e+6 
        3769.31      2.00157e+6 
        3769.66      2.00235e+6 
        3769.89      2.00288e+6 
        3770.11       2.0034e+6 
        3770.23      2.00366e+6 
        3770.34      2.00392e+6 
         3770.4      2.00406e+6 
        3770.46      2.00419e+6 
        3770.51      2.00431e+6 
        3770.57      2.00444e+6 
        3770.63      2.00457e+6 
        3770.69       2.0047e+6 
        3770.74      2.00484e+6 
         3770.8      2.00497e+6 
        3770.87      2.00512e+6 
        3770.92      2.00524e+6 
        3770.97      2.00536e+6 
        3770.99       2.0054e+6 
           3771      2.00544e+6 
        3771.07      2.00559e+6 
        3771.15      2.00577e+6 
         3771.3      2.00613e+6 
         3771.6      2.00682e+6 
        3771.89      2.00748e+6 
        3771.95      2.00762e+6 
        3772.21       2.0082e+6 
        3772.52      2.00893e+6 
        3773.15      2.01037e+6 
        3774.36      2.01313e+6 
         3775.5      2.01574e+6 
        3776.76      2.01864e+6 
        3777.13      2.01948e+6 
        3778.03      2.02154e+6 
         3778.4      2.02239e+6 
        3778.93       2.0236e+6 
        3780.73      2.02772e+6 
        3781.84      2.03028e+6 
        3783.05      2.03305e+6 
        3783.16      2.03329e+6 
        3784.26      2.03581e+6 
        3785.37      2.03834e+6 
        3786.22       2.0403e+6 
         3787.4        2.043e+6 
        3787.57      2.04339e+6 
        3788.92      2.04648e+6 
        3790.45      2.04996e+6 
        3792.84      2.05543e+6 
        3793.49      2.05692e+6 
        3794.14      2.05841e+6 
         3794.9      2.06014e+6 
        3795.07      2.06052e+6 
        3795.44      2.06138e+6 
        3795.99      2.06263e+6 
        3796.45      2.06369e+6 
        3796.92      2.06474e+6 
        3797.15      2.06527e+6 
        3797.38       2.0658e+6 
        3797.49      2.06606e+6 
        3797.61      2.06631e+6 
        3797.67      2.06644e+6 
        3797.72      2.06657e+6 
        3797.78      2.06669e+6 
        3797.84      2.06682e+6 
         3797.9      2.06694e+6 
        3797.96      2.06708e+6 
        3798.01      2.06722e+6 
        3798.07      2.06736e+6 
        3798.19      2.06764e+6 
        3798.37      2.06805e+6 
        3798.42      2.06817e+6 
        3798.47      2.06828e+6 
        3798.57      2.06851e+6 
        3798.66      2.06872e+6 
        3798.75      2.06894e+6 
        3798.77      2.06897e+6 
        3798.84      2.06913e+6 
        3798.88      2.06923e+6 
        3798.92      2.06933e+6 
        3799.05      2.06961e+6 
        3799.09      2.06971e+6 
        3799.43      2.07048e+6 
        3799.47      2.07058e+6 
         3799.8      2.07135e+6 
        3800.56      2.07308e+6 
        3801.65      2.07557e+6 
        3802.32      2.07709e+6 
        3803.83      2.08055e+6 
        3805.35      2.08401e+6 
        3807.84      2.08969e+6 
        3808.38      2.09092e+6 
        3808.92      2.09216e+6 
           3810      2.09462e+6 
        3811.59      2.09824e+6 
        3812.16      2.09956e+6 
        3812.74      2.10087e+6 
         3813.9      2.10351e+6 
        3815.78      2.10779e+6 
        3816.09      2.10851e+6 
        3816.21      2.10878e+6 
        3816.64      2.10976e+6 
        3817.44      2.11163e+6 
         3817.5      2.11178e+6 
        3818.92      2.11509e+6 
        3820.39      2.11861e+6 
        3822.57      2.12378e+6 
        3823.35      2.12564e+6 
        3823.51      2.12603e+6 
        3824.13      2.12749e+6 
        3825.68       2.1312e+6 
         3826.8      2.13386e+6 
        3827.86      2.13637e+6 
        3828.91      2.13887e+6 
        3830.45      2.14253e+6 
        3831.02      2.14389e+6 
        3831.59      2.14523e+6 
           3832       2.1462e+6 
        3832.53      2.14745e+6 
        3832.73      2.14794e+6 
        3833.46      2.14966e+6 
        3833.93      2.15077e+6 
        3834.39      2.15187e+6 
        3834.63      2.15242e+6 
        3834.86      2.15297e+6 
        3834.97      2.15324e+6 
        3835.09      2.15351e+6 
        3835.15      2.15364e+6 
        3835.21      2.15377e+6 
        3835.27      2.15389e+6 
        3835.33      2.15402e+6 
        3835.38      2.15415e+6 
        3835.44      2.15429e+6 
         3835.5      2.15445e+6 
        3835.56       2.1546e+6 
        3835.63      2.15477e+6 
        3835.68      2.15489e+6 
        3835.73      2.15502e+6 
        3835.74      2.15506e+6 
        3835.77      2.15513e+6 
        3835.83      2.15526e+6 
        3835.91      2.15546e+6 
        3836.07      2.15586e+6 
        3836.38      2.15658e+6 
        3836.65      2.15722e+6 
        3836.98      2.15801e+6 
        3837.03      2.15814e+6 
        3837.31       2.1588e+6 
        3837.97      2.16038e+6 
        3838.65      2.16198e+6 
        3838.91      2.16261e+6 
        3839.18      2.16324e+6 
         3839.7      2.16449e+6 
        3840.76      2.16699e+6 
        3842.75      2.17172e+6 
        3842.83      2.17191e+6 
        3842.87        2.172e+6 
        3842.91      2.17209e+6 
        3843.07      2.17246e+6 
        3843.38       2.1732e+6 
           3844      2.17468e+6 
        3844.59      2.17607e+6 
        3845.25      2.17764e+6 
        3845.55      2.17834e+6 
        3845.91       2.1792e+6 
        3847.23      2.18232e+6 
        3847.44      2.18283e+6 
        3848.91       2.1863e+6 
        3850.38      2.18977e+6 
        3851.98      2.19355e+6 
        3853.31       2.1967e+6 
        3854.64      2.19984e+6 
         3855.7      2.20235e+6 
         3857.3      2.20613e+6 
        3858.91      2.20992e+6 
        3862.01      2.21723e+6 
        3862.11      2.21748e+6 
        3862.22      2.21772e+6 
        3862.43      2.21822e+6 
        3862.85      2.21921e+6 
        3863.68      2.22119e+6 
        3865.17      2.22469e+6 
        3865.36      2.22515e+6 
        3865.56       2.2256e+6 
        3865.95      2.22653e+6 
        3866.73      2.22836e+6 
        3867.68      2.23059e+6 
        3868.29      2.23203e+6 
         3868.9      2.23348e+6 
        3870.13      2.23637e+6 
        3871.32      2.23917e+6 
        3872.59      2.24214e+6 
        3873.85      2.24511e+6 
        3876.32      2.25093e+6 
        3876.37      2.25103e+6 
        3876.37      2.25104e+6 
        3876.37      2.25105e+6 
        3876.42      2.25116e+6 
        3876.52       2.2514e+6 
        3876.72      2.25187e+6 
        3876.95      2.25239e+6 
        3877.12       2.2528e+6 
        3877.92      2.25468e+6 
         3878.9      2.25697e+6 
        3880.29      2.26023e+6 
        3880.85      2.26155e+6 
        3881.42      2.26287e+6 
        3882.55      2.26551e+6 
         3884.4      2.26985e+6 
         3884.8      2.27079e+6 
        3884.92      2.27107e+6 
         3885.2      2.27173e+6 
        3886.01      2.27361e+6 
        3886.15      2.27394e+6 
         3887.1      2.27614e+6 
        3887.57      2.27724e+6 
        3888.04      2.27833e+6 
        3888.28      2.27888e+6 
        3888.52      2.27941e+6 
        3888.63      2.27968e+6 
        3888.75      2.27994e+6 
        3888.84      2.28013e+6 
        3888.87      2.28018e+6 
        3888.87      2.28019e+6 
         3888.9      2.28024e+6 
        3888.93       2.2803e+6 
        3888.99      2.28041e+6 
        3889.05      2.28053e+6 
        3889.11      2.28068e+6 
        3889.17      2.28085e+6 
        3889.22      2.28102e+6 
        3889.29       2.2812e+6 
        3889.34      2.28132e+6 
        3889.39      2.28145e+6 
        3889.41      2.28148e+6 
        3889.45      2.28159e+6 
        3889.49      2.28169e+6 
        3889.58      2.28191e+6 
        3889.75      2.28232e+6 
        3890.05      2.28304e+6 
        3890.32      2.28366e+6 
        3890.47      2.28404e+6 
        3890.66      2.28447e+6 
           3891      2.28528e+6 
        3891.68      2.28689e+6 
        3892.89      2.28973e+6 
        3893.94      2.29219e+6 
        3894.46       2.2934e+6 
        3895.31       2.2954e+6 
        3896.22      2.29753e+6 
        3896.68       2.2986e+6 
        3898.89      2.30378e+6 
         3899.6      2.30544e+6 
        3901.57      2.31004e+6 
        3903.89      2.31545e+6 
        3904.25      2.31628e+6 
        3908.89       2.3271e+6 
        3913.89      2.33872e+6 
        3918.89      2.35119e+6 
        3923.89      2.36378e+6 
        3928.22      2.37466e+6 
        3928.35        2.375e+6 
        3928.89      2.37635e+6 
        3929.56      2.37803e+6 
         3930.9      2.38141e+6 
        3933.45      2.38781e+6 
        3935.81      2.39371e+6 
        3937.35      2.39757e+6 
        3938.89      2.40145e+6 
        3940.04      2.40435e+6 
        3941.96       2.4092e+6 
        3943.88      2.41405e+6 
        3946.58      2.42082e+6 
        3947.73      2.42371e+6 
        3948.88       2.4266e+6 
        3950.65      2.43104e+6 
        3951.01      2.43194e+6 
        3951.19      2.43237e+6 
        3951.72      2.43371e+6 
        3952.78      2.43637e+6 
        3954.55      2.44079e+6 
        3957.31      2.44764e+6 
        3958.09      2.44959e+6 
        3958.62      2.45091e+6 
        3958.88      2.45155e+6 
        3960.45      2.45544e+6 
        3962.28      2.45996e+6 
        3965.74      2.46845e+6 
        3965.94      2.46895e+6 
        3966.15      2.46945e+6 
        3966.56      2.47045e+6 
        3966.68      2.47074e+6 
        3967.28      2.47221e+6 
        3967.38      2.47245e+6 
        3968.08      2.47415e+6 
        3968.71      2.47567e+6 
        3968.88      2.47607e+6 
        3969.05      2.47646e+6 
        3969.23      2.47691e+6 
        3969.29      2.47703e+6 
        3969.38      2.47725e+6 
        3969.53      2.47759e+6 
        3969.65      2.47785e+6 
        3969.77       2.4781e+6 
        3969.83      2.47822e+6 
        3969.89      2.47832e+6 
        3969.95      2.47839e+6 
        3970.01      2.47847e+6 
        3970.07      2.47857e+6 
        3970.13      2.47876e+6 
        3970.19        2.479e+6 
        3970.25      2.47922e+6 
        3970.32      2.47945e+6 
        3970.37       2.4796e+6 
        3970.42      2.47975e+6 
        3970.43      2.47978e+6 
        3970.49      2.47995e+6 
        3970.52      2.48003e+6 
        3970.61      2.48028e+6 
         3970.8      2.48077e+6 
         3971.1      2.48156e+6 
        3971.33      2.48218e+6 
        3971.59      2.48284e+6 
         3971.7      2.48312e+6 
        3972.06      2.48405e+6 
        3972.79      2.48591e+6 
        3973.99      2.48896e+6 
        3974.94      2.49133e+6 
         3976.4      2.49501e+6 
        3976.84      2.49613e+6 
        3977.86      2.49868e+6 
        3978.87      2.50122e+6 
        3979.58      2.50298e+6 
         3980.9      2.50628e+6 
        3982.23      2.50959e+6 
        3984.18      2.51443e+6 
        3984.88      2.51618e+6 
        3985.12      2.51676e+6 
        3985.59      2.51792e+6 
        3986.99       2.5214e+6 
        3988.87      2.52604e+6 
        3991.38      2.53222e+6 
        3992.62      2.53528e+6 
        3993.85      2.53831e+6 
        3993.87      2.53835e+6 
        3996.36      2.54446e+6 
        3998.87      2.55061e+6 
        4003.87      2.56281e+6 
        4008.87      2.57497e+6 
        4013.86      2.58727e+6 
        4018.86      2.59979e+6 
        4023.86      2.61226e+6 
        4025.34      2.61594e+6 
        4028.86      2.62468e+6 
        4032.38       2.6334e+6 
        4032.95      2.63479e+6 
        4033.86      2.63705e+6 
         4035.9      2.64209e+6 
        4038.86      2.64937e+6 
        4043.86      2.66165e+6 
        4048.86      2.67386e+6 
        4053.86      2.68602e+6 
        4058.85      2.69813e+6 
        4063.85      2.71017e+6 
        4068.85      2.72214e+6 
        4073.85      2.73401e+6 
        4075.42      2.73772e+6 
        4078.85      2.74578e+6 
        4082.28      2.75378e+6 
        4082.56      2.75443e+6 
           4084      2.75777e+6 
         4085.7      2.76168e+6 
        4088.84      2.76883e+6 
         4089.7      2.77075e+6 
        4093.69      2.77961e+6 
        4096.52      2.78574e+6 
        4097.68      2.78822e+6 
        4098.01      2.78893e+6 
        4098.68      2.79034e+6 
        4098.84      2.79069e+6 
        4099.68      2.79244e+6 
        4100.17      2.79347e+6 
        4100.67      2.79449e+6 
        4100.92      2.79497e+6 
        4101.17      2.79544e+6 
         4101.3      2.79565e+6 
        4101.42      2.79583e+6 
        4101.48       2.7959e+6 
        4101.55      2.79593e+6 
        4101.61      2.79591e+6 
        4101.67      2.79587e+6 
        4101.73      2.79592e+6 
         4101.8      2.79617e+6 
        4101.86      2.79649e+6 
        4101.92      2.79681e+6 
        4102.05      2.79729e+6 
         4102.3      2.79806e+6 
        4102.74      2.79929e+6 
        4102.79      2.79943e+6 
        4102.85      2.79956e+6 
        4102.94      2.79983e+6 
        4103.15      2.80035e+6 
         4103.3      2.80074e+6 
        4103.55      2.80139e+6 
        4103.79      2.80203e+6 
        4104.29      2.80331e+6 
        4104.78      2.80457e+6 
        4105.29      2.80584e+6 
        4105.79      2.80712e+6 
        4106.79      2.80966e+6 
        4108.68      2.81439e+6 
        4108.76      2.81458e+6 
         4108.8      2.81468e+6 
        4108.84      2.81479e+6 
        4108.86      2.81484e+6 
           4109      2.81521e+6 
        4109.32      2.81605e+6 
        4109.78      2.81726e+6 
         4110.7      2.81966e+6 
        4111.32      2.82126e+6 
        4112.55      2.82444e+6 
        4113.77       2.8276e+6 
        4114.69      2.82994e+6 
        4116.23      2.83385e+6 
        4116.69      2.83503e+6 
        4117.77      2.83773e+6 
        4118.13      2.83864e+6 
        4118.84      2.84042e+6 
        4120.98      2.84577e+6 
        4123.84      2.85285e+6 
        4126.14      2.85852e+6 
        4128.84      2.86511e+6 
         4129.6      2.86699e+6 
        4131.53      2.87166e+6 
        4133.83      2.87725e+6 
        4134.22      2.87818e+6 
        4138.83      2.88929e+6 
        4143.83      2.90123e+6 
        4148.83      2.91309e+6 
        4153.83      2.92487e+6 
        4158.83      2.93658e+6 
        4163.83      2.94822e+6 
        4168.82      2.95977e+6 
        4173.82      2.97126e+6 
        4178.82      2.98268e+6 
        4183.82      2.99402e+6 
        4188.82      3.00529e+6 
        4193.82      3.01649e+6 
        4198.82      3.02762e+6 
        4203.81      3.03867e+6 
        4208.81       3.0498e+6 
        4213.81      3.06095e+6 
        4216.52      3.06697e+6 
        4217.24      3.06856e+6 
        4218.81      3.07203e+6 
         4221.1      3.07707e+6 
        4223.81      3.08303e+6 
        4224.95      3.08554e+6 
        4228.81      3.09395e+6 
        4233.81       3.1048e+6 
        4238.81      3.11556e+6 
        4243.81      3.12624e+6 
         4248.8      3.13684e+6 
         4253.8      3.14737e+6 
         4258.8       3.1578e+6 
         4263.8      3.16814e+6 
         4268.8      3.17841e+6 
         4273.8      3.18859e+6 
         4278.8      3.19868e+6 
        4283.79      3.20867e+6 
        4288.79      3.21856e+6 
        4293.79       3.2283e+6 
        4298.79      3.23795e+6 
        4303.79      3.24734e+6 
        4308.79      3.25626e+6 
        4313.79       3.2649e+6 
        4314.07       3.2654e+6 
        4318.78      3.27316e+6 
        4320.85      3.27643e+6 
         4323.5      3.28042e+6 
        4326.14      3.28416e+6 
        4326.48      3.28463e+6 
        4328.78      3.28758e+6 
        4330.23      3.28931e+6 
        4331.09      3.29028e+6 
        4331.15      3.29035e+6 
        4331.95      3.29123e+6 
        4333.66      3.29292e+6 
        4334.06       3.2933e+6 
        4336.17      3.29522e+6 
        4337.79       3.2966e+6 
        4338.22      3.29694e+6 
        4338.28      3.29701e+6 
        4338.78      3.29745e+6 
        4338.81      3.29745e+6 
        4339.34      3.29789e+6 
         4339.6      3.29804e+6 
        4339.87      3.29817e+6 
           4340      3.29817e+6 
        4340.13      3.29811e+6 
         4340.2      3.29801e+6 
        4340.26      3.29782e+6 
        4340.33      3.29748e+6 
         4340.4       3.2971e+6 
        4340.46      3.29694e+6 
        4340.53      3.29735e+6 
        4340.59      3.29795e+6 
        4340.66      3.29852e+6 
        4340.79      3.29927e+6 
        4341.01      3.30009e+6 
        4341.06      3.30027e+6 
         4341.1      3.30043e+6 
         4341.2      3.30075e+6 
        4341.23      3.30081e+6 
        4341.24      3.30084e+6 
         4341.4      3.30134e+6 
        4341.58      3.30185e+6 
        4341.94      3.30282e+6 
        4342.64      3.30474e+6 
        4343.33      3.30659e+6 
        4343.57      3.30722e+6 
        4344.04      3.30851e+6 
        4344.75      3.31039e+6 
        4346.17      3.31419e+6 
        4348.58      3.32041e+6 
        4348.78      3.32091e+6 
        4348.98      3.32142e+6 
        4349.37      3.32242e+6 
        4350.17      3.32437e+6 
        4350.32      3.32475e+6 
        4351.76      3.32817e+6 
         4353.2       3.3315e+6 
        4354.73      3.33496e+6 
        4356.08      3.33788e+6 
        4356.08      3.33788e+6 
        4357.43      3.34074e+6 
        4358.77      3.34353e+6 
        4359.17      3.34435e+6 
        4361.47      3.34894e+6 
        4363.77      3.35343e+6 
        4367.98      3.36141e+6 
        4368.38      3.36213e+6 
        4368.52      3.36242e+6 
        4368.77      3.36289e+6 
        4369.56      3.36433e+6 
        4371.15      3.36722e+6 
        4373.77      3.37197e+6 
        4378.77      3.38082e+6 
        4383.77       3.3895e+6 
        4388.77      3.39801e+6 
        4393.77      3.40643e+6 
        4398.76      3.41472e+6 
        4403.76      3.42173e+6 
        4408.76       3.4282e+6 
        4413.76      3.43461e+6 
        4418.76      3.44099e+6 
        4423.76      3.44733e+6 
        4428.76      3.45362e+6 
        4433.75      3.45984e+6 
        4438.75      3.46606e+6 
        4443.75      3.47221e+6 
        4448.75      3.47834e+6 
        4453.75      3.48443e+6 
        4458.75       3.4905e+6 
        4463.75       3.4965e+6 
        4468.74      3.50247e+6 
        4473.74      3.50844e+6 
        4478.74      3.51434e+6 
        4483.74      3.52022e+6 
        4488.74      3.52606e+6 
        4493.74      3.53184e+6 
        4498.74      3.53841e+6 
        4503.74      3.54673e+6 
        4508.73      3.55496e+6 
        4513.73       3.5631e+6 
        4514.12      3.56373e+6 
        4518.73      3.57114e+6 
        4523.35      3.57849e+6 
        4527.19      3.58453e+6 
        4527.96      3.58575e+6 
        4528.73      3.58694e+6 
        4530.27      3.58933e+6 
        4532.97      3.59354e+6 
        4533.29      3.59401e+6 
        4533.35      3.59411e+6 
        4533.73       3.5947e+6 
        4534.49      3.59587e+6 
        4536.01      3.59822e+6 
        4538.73      3.60237e+6 
        4543.73      3.60994e+6 
        4548.72      3.61745e+6 
        4553.72      3.62483e+6 
        4558.72      3.63215e+6 
        4563.72      3.63938e+6 
        4568.72      3.64654e+6 
        4573.72      3.65358e+6 
        4578.72      3.66055e+6 
        4583.72      3.66743e+6 
        4588.71      3.67425e+6 
        4593.71      3.68097e+6 
        4596.53       3.6843e+6 
        4596.98      3.68484e+6 
        4598.71      3.68688e+6 
        4600.89      3.68942e+6 
        4603.71      3.69266e+6 
         4604.8      3.69392e+6 
        4608.71      3.69835e+6 
        4613.71        3.704e+6 
         4618.7      3.70959e+6 
         4623.7      3.71515e+6 
         4628.7      3.72065e+6 
         4633.7      3.72609e+6 
         4638.7      3.73149e+6 
         4643.7      3.73683e+6 
         4648.7      3.74211e+6 
         4653.7      3.74735e+6 
        4658.69      3.75254e+6 
        4663.69      3.75769e+6 
        4668.69      3.76278e+6 
        4673.69      3.76781e+6 
        4678.69       3.7728e+6 
        4683.69      3.77773e+6 
        4688.69      3.78263e+6 
        4693.69      3.78738e+6 
        4698.68      3.79193e+6 
        4703.68      3.79643e+6 
        4708.68      3.80092e+6 
        4713.68      3.80532e+6 
         4715.6      3.80701e+6 
        4718.68      3.80972e+6 
        4720.98      3.81173e+6 
        4721.76      3.81239e+6 
        4723.68      3.81405e+6 
        4724.83      3.81506e+6 
        4728.68      3.81835e+6 
        4733.68       3.8226e+6 
        4738.67      3.82681e+6 
        4743.67      3.83095e+6 
        4748.67      3.83507e+6 
        4753.67      3.83912e+6 
        4758.67      3.84311e+6 
        4763.67      3.84707e+6 
        4768.67      3.85096e+6 
        4773.66      3.85477e+6 
        4778.66      3.85854e+6 
        4783.66      3.86221e+6 
        4788.66      3.86582e+6 
        4793.66      3.86925e+6 
        4798.66      3.87255e+6 
        4803.66      3.87572e+6 
        4808.65      3.87874e+6 
        4813.65       3.8815e+6 
        4818.65      3.88395e+6 
        4823.65      3.88599e+6 
        4828.65      3.88741e+6 
        4833.65      3.88797e+6 
        4834.97      3.88791e+6 
        4838.65      3.88716e+6 
        4839.16      3.88697e+6 
        4842.32       3.8853e+6 
        4845.48      3.88251e+6 
         4845.5      3.88247e+6 
        4847.05      3.88059e+6 
        4848.64      3.87823e+6 
        4851.78       3.8722e+6 
        4854.39      3.86582e+6 
        4856.52      3.85989e+6 
         4858.4      3.85451e+6 
        4858.64      3.85385e+6 
        4858.66      3.85379e+6 
        4858.88      3.85319e+6 
        4859.36      3.85188e+6 
        4859.47      3.85159e+6 
        4860.06      3.84993e+6 
        4860.36      3.84902e+6 
        4860.66      3.84792e+6 
        4860.81      3.84719e+6 
        4860.95      3.84622e+6 
        4861.03      3.84553e+6 
         4861.1      3.84449e+6 
        4861.18      3.84286e+6 
        4861.25      3.84119e+6 
        4861.32      3.84035e+6 
         4861.4      3.84129e+6 
        4861.47      3.84308e+6 
        4861.54      3.84481e+6 
        4861.64      3.84619e+6 
        4861.69      3.84669e+6 
        4861.69      3.84669e+6 
        4861.69      3.84672e+6 
        4861.69      3.84675e+6 
        4861.74      3.84716e+6 
        4861.84      3.84792e+6 
        4861.98      3.84877e+6 
        4861.99       3.8488e+6 
        4862.28       3.8503e+6 
        4862.58      3.85162e+6 
         4862.6      3.85169e+6 
        4863.18      3.85411e+6 
        4863.73      3.85634e+6 
        4863.76      3.85646e+6 
        4864.93      3.86127e+6 
        4866.13       3.8663e+6 
        4868.41      3.87572e+6 
        4868.53      3.87616e+6 
        4868.64      3.87663e+6 
        4868.86      3.87751e+6 
        4869.32      3.87927e+6 
        4869.58      3.88028e+6 
        4870.22      3.88266e+6 
        4870.86      3.88496e+6 
        4872.13      3.88932e+6 
        4874.62      3.89696e+6 
        4874.69      3.89715e+6 
        4874.75       3.8973e+6 
        4874.87      3.89765e+6 
        4875.12      3.89834e+6 
        4875.61      3.89969e+6 
        4876.61      3.90227e+6 
        4878.45      3.90666e+6 
        4878.54      3.90688e+6 
        4878.59      3.90698e+6 
        4878.64      3.90707e+6 
        4878.82      3.90748e+6 
        4879.19       3.9083e+6 
        4879.53      3.90902e+6 
        4879.92      3.90984e+6 
        4880.32      3.91065e+6 
        4880.94      3.91188e+6 
        4881.12      3.91223e+6 
        4882.71      3.91518e+6 
        4884.48      3.91819e+6 
         4887.4      3.92262e+6 
        4888.02       3.9235e+6 
        4888.63      3.92435e+6 
        4889.87      3.92599e+6 
        4891.06      3.92746e+6 
        4892.35      3.92903e+6 
        4893.63      3.93051e+6 
        4893.78      3.93067e+6 
         4896.2      3.93327e+6 
        4898.63      3.93576e+6 
        4903.34      3.94009e+6 
        4903.48      3.94025e+6 
        4903.63      3.94037e+6 
        4903.92      3.94063e+6 
         4904.5      3.94113e+6 
        4905.66       3.9421e+6 
        4907.33      3.94348e+6 
        4907.98      3.94402e+6 
        4908.63      3.94455e+6 
        4909.93      3.94559e+6 
        4911.43      3.94675e+6 
        4912.53       3.9476e+6 
        4913.01      3.94798e+6 
        4913.63      3.94842e+6 
        4915.55      3.94986e+6 
        4915.82      3.95005e+6 
        4918.24      3.95181e+6 
        4918.63      3.95209e+6 
         4921.7      3.95423e+6 
        4923.62      3.95555e+6 
        4925.16      3.95658e+6 
        4928.62      3.95888e+6 
        4933.62      3.96211e+6 
        4938.62      3.96522e+6 
        4943.62       3.9683e+6 
        4948.62      3.97126e+6 
        4953.62      3.97418e+6 
        4958.61      3.97704e+6 
        4963.61      3.97986e+6 
        4968.61      3.98263e+6 
        4973.61      3.98536e+6 
        4978.61      3.98803e+6 
        4983.61      3.99067e+6 
        4988.61      3.99322e+6 
        4993.61      3.99573e+6 
         4998.6      3.99818e+6 
         5003.6      4.00063e+6 
         5008.6      4.00302e+6 
         5013.6       4.0054e+6 
         5018.6      4.00776e+6 
         5023.6      4.01009e+6 
         5028.6      4.01235e+6 
         5033.6      4.01461e+6 
        5038.59      4.01684e+6 
        5043.59      4.01907e+6 
        5048.59      4.02124e+6 
        5053.59      4.02337e+6 
        5058.59      4.02551e+6 
        5063.59      4.02762e+6 
        5068.59      4.02969e+6 
        5073.58      4.03173e+6 
        5078.58      4.03374e+6 
        5083.58      4.03563e+6 
        5088.58      4.03745e+6 
        5093.58      4.03927e+6 
        5098.58      4.04106e+6 
        5103.58      4.04282e+6 
        5108.57      4.04455e+6 
        5113.57      4.04625e+6 
        5118.57      4.04794e+6 
        5123.57      4.04961e+6 
        5128.57      4.05127e+6 
        5133.57      4.05291e+6 
        5138.57      4.05451e+6 
        5143.57      4.05608e+6 
        5148.56      4.05765e+6 
        5153.56      4.05919e+6 
        5158.56       4.0607e+6 
        5163.56       4.0622e+6 
        5168.56      4.06368e+6 
        5173.56      4.06513e+6 
        5178.56      4.06654e+6 
        5183.56       4.0678e+6 
        5188.55      4.06905e+6 
        5193.55      4.07028e+6 
        5198.55      4.07147e+6 
        5203.55      4.07267e+6 
        5208.55      4.07383e+6 
        5213.55      4.07499e+6 
        5218.55      4.07612e+6 
        5223.54      4.07722e+6 
        5228.54      4.07832e+6 
        5233.54      4.07939e+6 
        5238.54      4.08046e+6 
        5243.54      4.08149e+6 
        5248.54       4.0825e+6 
        5253.54       4.0835e+6 
        5258.53      4.08448e+6 
        5263.53      4.08545e+6 
        5268.53       4.0864e+6 
        5273.53      4.08734e+6 
        5278.53      4.08872e+6 
        5283.53      4.09017e+6 
        5288.53      4.09155e+6 
        5293.52      4.09293e+6 
        5298.52      4.09428e+6 
        5303.52       4.0956e+6 
        5308.52      4.09689e+6 
        5313.52      4.09814e+6 
        5318.52      4.09937e+6 
        5323.52      4.10056e+6 
        5328.52      4.10173e+6 
        5333.52      4.10289e+6 
        5338.51      4.10399e+6 
        5343.51      4.10509e+6 
        5348.51      4.10616e+6 
        5353.51      4.10719e+6 
        5358.51       4.1082e+6 
        5363.51      4.10923e+6 
        5368.51      4.11018e+6 
         5373.5       4.1109e+6 
         5378.5      4.11131e+6 
         5383.5      4.11172e+6 
         5388.5      4.11209e+6 
         5393.5      4.11244e+6 
         5398.5      4.11278e+6 
         5403.5       4.1131e+6 
        5408.49      4.11341e+6 
        5413.49      4.11373e+6 
        5418.49      4.11398e+6 
        5423.49      4.11426e+6 
        5428.49      4.11448e+6 
        5433.49      4.11473e+6 
        5438.49      4.11495e+6 
        5443.48      4.11514e+6 
        5448.48      4.11533e+6 
        5453.48      4.11549e+6 
        5458.48      4.11564e+6 
        5463.48      4.11577e+6 
        5468.48      4.11589e+6 
        5473.48      4.11633e+6 
        5478.48      4.11674e+6 
        5483.48      4.11715e+6 
        5488.47      4.11753e+6 
        5493.47      4.11791e+6 
        5498.47      4.11825e+6 
        5503.47      4.11857e+6 
        5508.47      4.11888e+6 
        5513.47      4.11916e+6 
        5518.47      4.11944e+6 
        5523.46       4.1197e+6 
        5528.46      4.11995e+6 
        5533.46      4.12017e+6 
        5538.46      4.12036e+6 
        5543.46      4.12054e+6 
        5548.46       4.1207e+6 
        5553.46      4.12086e+6 
        5558.45      4.12098e+6 
        5563.45      4.12111e+6 
        5568.45       4.1212e+6 
        5573.45      4.12127e+6 
        5578.45      4.12133e+6 
        5583.45      4.12136e+6 
        5588.45      4.12139e+6 
        5593.44      4.12139e+6 
        5598.44      4.12139e+6 
        5603.44      4.12136e+6 
        5608.44      4.12133e+6 
        5613.44      4.12127e+6 
        5618.44      4.12117e+6 
        5623.44      4.12108e+6 
        5628.44      4.12098e+6 
        5633.43      4.12086e+6 
        5638.43       4.1207e+6 
        5643.43      4.12054e+6 
        5648.43      4.12039e+6 
        5653.43       4.1202e+6 
        5658.43      4.12001e+6 
        5663.43      4.11979e+6 
        5668.43      4.11957e+6 
        5673.42      4.11932e+6 
        5673.98      4.11929e+6 
        5678.42      4.11904e+6 
        5682.86      4.11879e+6 
         5686.2       4.1186e+6 
        5687.31      4.11853e+6 
        5687.86       4.1185e+6 
        5688.42      4.11847e+6 
        5690.64      4.11831e+6 
        5693.42      4.11816e+6 
        5698.42      4.11781e+6 
        5703.41      4.11747e+6 
        5704.77      4.11737e+6 
        5708.41      4.11712e+6 
        5708.88      4.11709e+6 
        5712.06      4.11684e+6 
        5713.41      4.11674e+6 
        5715.23      4.11659e+6 
        5718.41      4.11633e+6 
        5723.41      4.11593e+6 
        5728.41      4.11552e+6 
        5733.41      4.11508e+6 
        5738.41      4.11464e+6 
         5743.4       4.1142e+6 
         5748.4      4.11373e+6 
         5753.4      4.11322e+6 
         5758.4      4.11272e+6 
         5763.4      4.11194e+6 
         5768.4       4.1114e+6 
         5773.4      4.11087e+6 
         5778.4       4.1103e+6 
        5783.39      4.10971e+6 
        5788.39      4.10914e+6 
        5793.39      4.10854e+6 
        5798.39      4.10792e+6 
        5803.39      4.10729e+6 
        5808.39      4.10666e+6 
        5813.39        4.106e+6 
        5818.39      4.10531e+6 
        5823.38      4.10465e+6 
        5828.38      4.10396e+6 
        5833.38      4.10323e+6 
        5838.38      4.10251e+6 
        5843.38      4.10179e+6 
        5848.38      4.10104e+6 
        5853.38      4.10028e+6 
        5858.37       4.0995e+6 
        5863.37      4.09871e+6 
        5868.37      4.09792e+6 
        5873.37      4.09714e+6 
        5878.37      4.09632e+6 
        5883.37      4.09547e+6 
        5888.37      4.09463e+6 
        5893.36      4.09378e+6 
        5898.36      4.09293e+6 
        5903.36      4.09205e+6 
        5908.36      4.09114e+6 
        5913.36      4.09026e+6 
        5918.36      4.08932e+6 
        5923.36      4.08841e+6 
        5928.35      4.08746e+6 
        5933.35      4.08652e+6 
        5938.35      4.08555e+6 
        5943.35      4.08457e+6 
        5948.35       4.0836e+6 
        5953.35      4.08259e+6 
        5958.35      4.08156e+6 
        5963.35      4.08052e+6 
        5968.34      4.07948e+6 
        5973.34      4.07842e+6 
        5978.34      4.07735e+6 
        5983.34      4.07628e+6 
        5988.34      4.07518e+6 
        5993.34      4.07408e+6 
        5998.34      4.07298e+6 
        6003.34      4.07185e+6 
        6008.33      4.07072e+6 
        6013.33      4.06959e+6 
        6018.33      4.06843e+6 
        6023.33      4.06726e+6 
        6028.33      4.06607e+6 
        6033.33      4.06488e+6 
        6038.32      4.06368e+6 
        6043.32      4.06249e+6 
        6048.32      4.06126e+6 
        6053.32      4.06004e+6 
        6058.32      4.05878e+6 
        6063.32      4.05752e+6 
        6068.32      4.05627e+6 
        6073.32      4.05501e+6 
        6078.31      4.05372e+6 
        6083.31      4.05243e+6 
        6088.31      4.05112e+6 
        6093.31       4.0498e+6 
        6098.31      4.04848e+6 
        6103.31      4.04713e+6 
        6108.31      4.04581e+6 
        6113.31      4.04445e+6 
         6118.3      4.04307e+6 
         6123.3      4.04169e+6 
         6128.3      4.04031e+6 
         6133.3      4.03893e+6 
         6138.3      4.03751e+6 
         6143.3       4.0361e+6 
         6148.3      4.03468e+6 
        6153.29      4.03324e+6 
        6158.29      4.03179e+6 
        6163.29      4.03032e+6 
        6168.29      4.02887e+6 
        6173.29       4.0274e+6 
        6178.29      4.02589e+6 
        6183.29      4.02438e+6 
        6188.28      4.02287e+6 
        6193.28      4.02136e+6 
        6198.28      4.01986e+6 
        6203.28      4.01832e+6 
        6208.28      4.01675e+6 
        6213.28      4.01521e+6 
        6218.28      4.01364e+6 
        6223.28      4.01207e+6 
        6228.27      4.01046e+6 
        6233.27      4.00889e+6 
        6238.27      4.00729e+6 
        6243.27      4.00566e+6 
        6244.38      4.00531e+6 
        6248.27      4.00402e+6 
        6252.16      4.00277e+6 
        6253.82      4.00223e+6 
        6256.04      4.00148e+6 
        6258.27      4.00076e+6 
        6262.16      3.99947e+6 
        6262.71      3.99928e+6 
        6263.27      3.99909e+6 
        6264.37      3.99871e+6 
        6264.91      3.99856e+6 
        6266.59      3.99799e+6 
        6268.26      3.99743e+6 
        6269.97      3.99686e+6 
        6271.61      3.99629e+6 
        6273.26      3.99576e+6 
        6274.85      3.99523e+6 
        6276.56      3.99463e+6 
        6278.26      3.99406e+6 
        6280.08      3.99344e+6 
        6281.67       3.9929e+6 
        6283.26      3.99237e+6 
        6284.63       3.9919e+6 
        6286.44      3.99127e+6 
        6288.26      3.99067e+6 
        6290.52      3.98989e+6 
        6291.89      3.98941e+6 
        6293.26      3.98894e+6 
        6293.73      3.98879e+6 
        6295.99        3.988e+6 
        6298.26      3.98722e+6 
        6302.31       3.9858e+6 
        6302.78      3.98561e+6 
        6303.25      3.98546e+6 
        6303.92      3.98524e+6 
         6304.2      3.98514e+6 
        6306.09      3.98445e+6 
        6308.25       3.9837e+6 
        6311.92      3.98241e+6 
        6312.59      3.98216e+6 
        6313.25      3.98194e+6 
        6314.58      3.98147e+6 
        6316.22      3.98087e+6 
        6317.23      3.98052e+6 
        6317.31      3.98049e+6 
        6318.25      3.98015e+6 
        6320.28      3.97942e+6 
        6323.25      3.97836e+6 
        6328.25      3.97657e+6 
        6333.25      3.97474e+6 
        6338.24      3.97289e+6 
        6343.24      3.97107e+6 
        6348.24      3.96918e+6 
        6353.24       3.9673e+6 
        6358.24      3.96541e+6 
        6363.24       3.9635e+6 
        6368.24      3.96158e+6 
        6373.23       3.9596e+6 
        6378.23      3.95765e+6 
        6383.23      3.95564e+6 
        6388.23      3.95363e+6 
        6393.23      3.95159e+6 
        6398.23      3.94952e+6 
        6403.23      3.94741e+6 
        6408.23      3.94527e+6 
        6413.22      3.94311e+6 
        6418.22      3.94088e+6 
        6423.22      3.93865e+6 
        6428.22      3.93632e+6 
        6433.22      3.93397e+6 
        6438.22      3.93155e+6 
        6443.22      3.92903e+6 
        6448.22      3.92646e+6 
        6453.21      3.92375e+6 
        6458.21      3.92099e+6 
        6463.21      3.91807e+6 
        6468.21      3.91499e+6 
        6473.21      3.91175e+6 
        6478.21      3.90827e+6 
         6483.2      3.90456e+6 
         6488.2      3.90051e+6 
         6493.2      3.89608e+6 
         6498.2      3.89115e+6 
         6503.2      3.88562e+6 
         6508.2      3.87933e+6 
         6513.2      3.87204e+6 
         6518.2       3.8635e+6 
        6523.19      3.85329e+6 
        6523.72       3.8521e+6 
        6528.19      3.84085e+6 
        6532.67      3.82725e+6 
         6536.1      3.81484e+6 
        6537.14      3.81066e+6 
        6537.38      3.80965e+6 
        6538.19      3.80623e+6 
        6540.29      3.79671e+6 
        6543.19      3.78188e+6 
        6546.46      3.76256e+6 
        6546.72      3.76086e+6 
        6548.19      3.75112e+6 
        6549.92      3.73881e+6 
        6553.11      3.71383e+6 
        6554.43      3.70281e+6 
        6556.31      3.68647e+6 
        6556.87      3.68144e+6 
         6557.9      3.67218e+6 
        6558.19      3.66963e+6 
         6559.5      3.65741e+6 
         6560.3      3.64946e+6 
         6561.1      3.64038e+6 
         6561.5      3.63479e+6 
         6561.9      3.62747e+6 
        6562.09      3.62238e+6 
        6562.29      3.61635e+6 
        6562.39      3.61296e+6 
        6562.49      3.60834e+6 
        6562.59      3.60155e+6 
        6562.69      3.59401e+6 
        6562.79      3.58965e+6 
        6562.89      3.59386e+6 
        6562.99      3.60143e+6 
        6563.09      3.60812e+6 
        6563.29        3.616e+6 
        6563.64      3.62577e+6 
        6563.69      3.62678e+6 
        6563.69      3.62684e+6 
        6563.69      3.62687e+6 
        6563.74      3.62791e+6 
        6563.84      3.62986e+6 
        6564.04      3.63319e+6 
        6564.29       3.6368e+6 
        6564.39      3.63806e+6 
        6564.44      3.63866e+6 
        6564.49      3.63928e+6 
        6564.69      3.64155e+6 
        6565.08      3.64572e+6 
        6565.64      3.65113e+6 
        6565.86      3.65317e+6 
        6566.09      3.65521e+6 
        6566.54      3.65914e+6 
        6566.69      3.66049e+6 
        6567.09      3.66385e+6 
        6567.44      3.66684e+6 
        6568.18      3.67306e+6 
        6569.28      3.68204e+6 
        6570.48      3.69169e+6 
        6571.48      3.69951e+6 
        6572.47      3.70711e+6 
        6573.27      3.71302e+6 
        6574.47      3.72156e+6 
        6575.67       3.7297e+6 
        6577.95      3.74402e+6 
        6578.06      3.74472e+6 
        6578.18      3.74538e+6 
        6578.41      3.74673e+6 
        6578.87      3.74937e+6 
        6579.79      3.75445e+6 
        6580.08      3.75599e+6 
        6581.63      3.76388e+6 
        6583.18      3.77114e+6 
        6584.38      3.77632e+6 
        6586.28      3.78386e+6 
        6587.91       3.7897e+6 
        6588.18      3.79058e+6 
        6588.44      3.79146e+6 
        6588.98      3.79319e+6 
        6590.04      3.79652e+6 
        6591.02      3.79938e+6 
        6592.17      3.80252e+6 
        6593.01      3.80469e+6 
        6593.31      3.80544e+6 
        6595.59      3.81072e+6 
        6598.17      3.81587e+6 
        6603.34      3.82404e+6 
        6613.66      3.83419e+6 
        6623.98      3.83915e+6 
         6634.3      3.84107e+6 
        6654.94      3.83978e+6 
        6680.98      3.83347e+6 
        6696.23      3.82856e+6 
        6711.48      3.82313e+6 
        6741.98      3.81135e+6 
        6781.19      3.79508e+6 
        6802.98      3.78565e+6 
        6824.78      3.77604e+6 
        6868.37      3.75656e+6 
        6955.56      3.71622e+6 
        6976.35      3.70636e+6 
        7042.75      3.67444e+6 
        7109.15      3.64183e+6 
        7175.54      3.60903e+6 
        7241.94       3.5757e+6 
        7308.33      3.54189e+6 
        7355.95      3.51742e+6 
        7374.73      3.50784e+6 
        7393.51       3.4981e+6 
        7431.08      3.47875e+6 
        7506.22       3.4397e+6 
        7581.35      3.40033e+6 
         7635.1        3.372e+6 
        7656.49      3.36069e+6 
        7677.88      3.34935e+6 
        7720.67      3.32688e+6 
        7806.23      3.28174e+6 
        7821.36      3.27373e+6 
         7891.8      3.23641e+6 
        7962.25      3.19899e+6 
        7982.84      3.18815e+6 
        8032.69      3.16182e+6 
        8082.55       3.1355e+6 
        8161.68      3.09391e+6 
        8182.26       3.0831e+6 
        8200.85      3.07333e+6 
        8202.85      3.07228e+6 
        8204.85      3.07123e+6 
        8208.85      3.06914e+6 
        8216.85      3.06497e+6 
        8232.84      3.05661e+6 
        8264.83      3.03992e+6 
        8289.72      3.02694e+6 
        8328.82      3.00656e+6 
        8343.44      2.99894e+6 
        8367.92      2.98621e+6 
        8371.47      2.98437e+6 
        8388.68      2.97547e+6 
        8392.39      2.97356e+6 
        8408.65      2.96516e+6 
        8413.32      2.96276e+6 
        8432.02      2.95311e+6 
        8437.95      2.95005e+6 
        8467.25      2.93495e+6 
        8473.98      2.93149e+6 
        8502.48      2.91683e+6 
        8516.58      2.90959e+6 
        8530.98       2.9022e+6 
        8545.38      2.89487e+6 
        8549.97      2.89254e+6 
        8574.18      2.88023e+6 
        8598.39      2.86795e+6 
         8628.6      2.85265e+6 
        8646.81      2.84344e+6 
        8652.39      2.84062e+6 
        8665.01      2.83424e+6 
        8685.59      2.82386e+6 
        8701.43      2.81588e+6 
        8750.47      2.79122e+6 
        8767.92      2.78247e+6 
        8815.35      2.75875e+6 
        8862.78      2.73536e+6 
        8900.38      2.71688e+6 
        8957.65      2.68885e+6 
        9014.91      2.66103e+6 
        9044.62      2.64663e+6 
        9072.17      2.63331e+6 
        9099.72      2.62003e+6 
        9154.81      2.59385e+6 
         9190.8      2.57683e+6 
         9209.9      2.56782e+6 
        9229.01      2.55883e+6 
        9267.22       2.5409e+6 
         9303.2       2.5241e+6 
        9343.64      2.50529e+6 
        9384.08      2.48657e+6 
        9464.96      2.44978e+6 
        9545.72      2.41339e+6 
        9545.84      2.41333e+6 
        9545.97      2.41328e+6 
        9546.21      2.41317e+6 
        9546.69      2.41296e+6 
        9546.87      2.41288e+6 
        9547.66      2.41252e+6 
        9549.59      2.41166e+6 
        9553.47      2.40993e+6 
        9561.21      2.40646e+6 
        9576.69      2.39954e+6 
        9607.66      2.38574e+6 
        9668.45      2.35882e+6 
        9729.24      2.33239e+6 
        9790.04      2.30616e+6 
        9850.83      2.28016e+6 
        9870.42      2.27182e+6 
        9911.62      2.25438e+6 
        9952.82      2.23702e+6 
        10021.1      2.20879e+6 
        10035.2      2.20297e+6 
        10049.4      2.19716e+6 
        10077.7       2.1856e+6 
        10134.2       2.1626e+6 
        10144.5      2.15846e+6 
        10190.8       2.1398e+6 
        10237.2      2.12126e+6 
        10329.9      2.08549e+6 
        10422.6      2.05019e+6 
        10515.3      2.01539e+6 
          10608      1.98108e+6 
        10700.7      1.94726e+6 
        10793.4      1.91394e+6 
        10834.1      1.89946e+6 
        10886.1       1.8811e+6 
        10938.1      1.86286e+6 
        10990.1      1.84491e+6 
          11042      1.82708e+6 
          11094      1.80939e+6 
          11146      1.79185e+6 
          11198      1.77448e+6 
          11239      1.76087e+6 
          11250      1.75726e+6 
        11260.9      1.75365e+6 
        11282.8      1.74675e+6 
        11326.6      1.73304e+6 
        11414.2      1.70589e+6 
        11501.8      1.67914e+6 
        11589.4      1.65276e+6 
          11677      1.62677e+6 
        11764.6      1.60117e+6 
        11852.2      1.57594e+6 
        11939.8       1.5511e+6 
        12027.4      1.52663e+6 
          12115      1.50255e+6 
        12120.6      1.50102e+6 
        12202.6      1.47884e+6 
        12284.6      1.45697e+6 
        12366.6      1.43652e+6 
        12448.7      1.41634e+6 
        12530.7      1.39642e+6 
        12612.7      1.37676e+6 
        12694.7      1.35732e+6 
        12735.4      1.34775e+6 
        12776.7      1.33802e+6 
        12818.1      1.32831e+6 
        12900.8      1.30974e+6 
        12983.5      1.29124e+6 
        13066.2      1.27293e+6 
        13148.9      1.25487e+6 
        13154.8      1.25359e+6 
        13231.6      1.23706e+6 
        13308.4      1.22075e+6 
        13385.1      1.20572e+6 
        13461.9      1.19086e+6 
        13538.7      1.17618e+6 
        13615.5      1.16167e+6 
        13692.3      1.14733e+6 
        13769.1      1.13315e+6 
        13845.9      1.11915e+6 
        13922.7      1.10531e+6 
        13999.5      1.09164e+6 
        14076.2      1.07814e+6 
          14153      1.06481e+6 
        14229.8      1.05164e+6 
        14281.2      1.04293e+6 
        14306.6      1.03863e+6 
        14332.1      1.03436e+6 
          14383      1.02623e+6 
        14410.1      1.02193e+6 
        14427.1      1.01924e+6 
        14433.9      1.01817e+6 
        14457.6      1.01443e+6 
        14505.2      1.00707e+6 
        14581.2          995382 
        14583.2          995074 
        14585.2          994773 
        14589.2          994188 
        14597.2          993026 
        14613.2          990701 
        14645.2          986064 
        14709.2          976844 
        14773.2          967692 
        14837.1          958613 
        14901.1          949606 
        14965.1          940671 
        15029.1          931812 
        15093.1          923022 
        15157.1          914307 
          15221          905661 
          15285          897094 
          15349          888599 
          15413          880177 
        15471.6          872530 
          15477          871830 
        15482.4          871129 
        15493.1          869709 
        15514.7          866882 
        15557.9          861246 
        15644.2          850077 
        15730.5          839041 
        15816.8          828140 
        15903.1          817364 
        15989.4          806720 
        16075.8          796208 
        16162.1          785832 
        16248.4          775584 
        16289.9          770705 
        16334.7          765468 
        16379.5          760265 
        16469.1          747611 
        16558.8          735208 
        16648.4          723056 
          16738          711147 
        16827.7          699472 
        16917.3          688031 
        17006.9          676815 
        17096.6          665820 
        17186.2          655041 
        17275.8          644473 
        17327.7          638453 
        17365.5          634112 
        17403.2          629805 
        17478.8          621291 
        17554.3          612912 
        17629.9          604675 
        17705.4          596570 
          17781          588596 
        17856.5          580752 
        17932.1          573036 
        18007.6          565289 
        18083.2          557787 
        18158.7          550398 
        18234.3          543109 
        18309.8          535912 
        18343.7          532701 
        18385.3          528783 
          18427          524878 
        18510.2          517072 
        18593.4          509145 
        18602.1          508303 
        18676.6          500896 
        18751.1          493541 
        18825.6          488304 
        18900.2          483045 
        18974.7          477472 
        19049.2          471754 
        19123.7          466008 
        19198.3          460287 
        19272.8          454620 
        19347.3          449015 
          19393          445613 
        19421.9          443483 
        19450.7          441362 
        19508.3          437159 
        19565.9          433084 
        19623.6          428962 
        19681.2          424888 
        19738.8          420860 
        19796.5          416880 
        19854.1          412947 
        19911.7          409057 
        19969.4          405212 
          20027          401414 
        20084.6          397657 
        20142.3          393943 
        20199.9          390274 
        20257.5          386642 
        20315.2          383054 
        20372.8          379508 
        20386.4          378675 
        20430.4          376002 
        20474.4          373353 
        20562.3          368126 
        20650.3          362986 
        20738.2          357937 
        20826.2          352971 
        20914.1          348092 
        21002.1          343291 
          21090          338576 
        21177.9          333939 
        21265.9          329377 
        21353.8          324894 
        21441.8          320483 
        21529.7          316148 
        21604.7          312509 
        21617.7          311885 
        21630.6          311263 
        21656.5          310023 
        21708.4          307563 
        21760.2          305126 
          21812          302713 
        21863.8          300323 
        21915.7          297956 
        21967.5          295612 
        22019.3          293291 
        22071.1          290992 
          22123          288716 
        22174.8          286461 
        22226.6          284228 
        22278.4          282016 
        22330.3          279825 
        22382.1          277655 
        22433.9          275506 
        22485.8          273378 
        22537.6          271269 
        22589.4          269180 
        22641.2          267112 
        22693.1          265062 
        22702.9          264674 
        22744.9          263033 
        22784.8          261481 
        22786.8          261403 
        22788.8          261326 
        22792.8          261172 
        22800.8          260863 
        22816.8          260247 
        22848.8          259020 
        22912.8          256588 
        22976.8          254183 
        23040.8          251807 
        23104.8          249458 
        23168.7          247136 
        23232.7          244840 
        23296.7          242571 
        23360.7          240327 
        23424.7          238109 
        23488.6          235916 
        23552.6          233748 
        23616.6          231604 
        23680.6          229485 
        23744.6          227389 
        23808.6          225317 
        23872.5          223269 
        23936.5          221243 
        24000.5          219239 
        24064.5          217259 
        24128.5          215300 
        24192.5          213363 
        24256.4          211447 
        24320.4          209552 
        24384.4          207678 
        24448.4          205826 
        24512.4          203993 
        24576.3          202180 
        24640.3          200387 
        24704.3          198614 
        24768.3          196860 
        24832.3          195126 
        24896.3          193409 
        24960.2          191712 
        25004.4          190550 
        25024.2          190033 
          25044          189517 
        25083.6          188492 
        25162.8          186461 
        25241.9          184457 
        25321.1          182480 
        25400.2          180528 
        25479.4          178603 
        25558.5          176703 
        25637.7          174827 
        25716.9          172977 
          25796          171150 
        25875.2          169347 
        25954.3          167568 
        26033.5          165811 
        26112.7          164078 
        26191.8          162366 
          26271          160677 
        26350.1          159010 
        26429.3          157363 
        26508.4          155738 
        26587.6          154133 
        26666.8          152549 
        26745.9          150985 
        26825.1          149441 
        26904.2          147916 
        26983.4          146410 
        27062.6          144923 
        27141.7          143455 
        27142.5          143439 
        27220.9          142005 
        27299.2          140588 
        27377.5          139190 
        27455.8          137808 
        27534.2          136444 
        27612.5          135096 
        27690.8          133765 
        27769.1          132449 
        27847.5          131150 
        27925.8          129866 
        28004.1          128598 
        28082.4          127345 
        28160.8          126108 
        28239.1          124885 
        28317.4          123677 
        28395.7          122483 
          28474          121303 
        28552.4          120138 
        28630.7          118986 
          28709          117848 
        28787.3          116723 
        28865.7          115612 
          28944          114514 
        29022.3          113428 
        29100.6          112356 
          29179          111296 
        29257.3          110248 
        29335.6          109212 
        29413.9          108189 
        29492.3          107177 
        29570.6          106177 
        29648.9          105189 
        29727.2          104212 
        29805.5          103246 
        29883.9          102291 
        29932.6          101702 
        29962.2          101347 
        29991.8          100993 
