# Koester WD models
# teff = 5000 K (value for the effective temperature for the model. Temperatures are given in K)
# logg = 8.75 log(cm/s2) (value for Log(G) for the model.)
#
# column 1: WAVELENGTH (ANGSTROM), Wavelength in Angstrom
# column 2: FLUX (ERG/CM2/S/A), Flux in erg/cm2/s/A
         899.23     0.000110669 
        900.218     0.000114819 
        901.207     0.000119113 
        902.133     0.000123272 
        902.195     0.000123558 
        903.184     0.000128158 
        904.235     0.000133223 
        905.286     0.000138476 
        906.338     0.000143923 
        907.389     0.000149569 
        907.639     0.000150943 
         908.44     0.000155421 
         908.45     0.000155478 
        909.241     0.000160024 
        910.032     0.000164693 
        911.193     0.000171781 
        911.613     0.000174417 
        912.034      0.00017709 
        912.465     0.000179874 
        912.875     0.000182553 
        913.037     0.000183625 
        913.241     0.000184982 
        913.284     0.000185269 
        913.478     0.000186571 
        913.531     0.000186928 
        913.755     0.000188438 
        913.822     0.000188894 
         914.08     0.000190658 
        914.165     0.000191243 
        914.499     0.000193557 
        914.575     0.000194087 
        915.071     0.000197573 
         915.54      0.00020093 
        915.609     0.000201421 
        915.643     0.000201668 
        915.677     0.000201914 
        915.741     0.000202378 
        915.813     0.000202902 
        916.085     0.000204891 
        916.429     0.000207433 
        916.858     0.000210637 
        917.118     0.000212606 
        917.196       0.0002132 
        917.378     0.000214592 
        917.899     0.000218617 
        917.952     0.000219031 
        918.287     0.000221665 
        918.602     0.000224161 
        919.251     0.000229404 
        920.215     0.000237394 
        921.882     0.000251827 
        921.999     0.000252871 
        922.143     0.000254162 
        922.405     0.000256518 
         922.81     0.000260213 
        923.621     0.000267754 
        925.001     0.000281063 
        925.242     0.000283451 
        925.484     0.000285858 
        925.564     0.000286662 
        925.966     0.000290731 
        926.164     0.000292754 
        926.369     0.000294853 
        927.173     0.000303262 
        927.276     0.000304345 
        928.182     0.000314122 
        928.917     0.000322258 
         928.98     0.000322965 
        929.089      0.00032419 
        929.261     0.000326138 
        929.317      0.00032676 
        929.543     0.000329339 
        929.655     0.000330621 
        929.769     0.000331934 
        929.827     0.000332604 
        929.883     0.000333251 
         929.91     0.000333565 
        929.939     0.000333901 
        929.954     0.000334074 
        929.968     0.000334237 
        929.982     0.000334401 
        929.996     0.000334561 
         930.01     0.000334724 
        930.024     0.000334887 
        930.038     0.000335051 
        930.052     0.000335211 
        930.081      0.00033555 
        930.137     0.000336204 
        930.201     0.000336952 
        930.247     0.000337489 
        930.249     0.000337511 
        930.251     0.000337536 
        930.301      0.00033812 
        930.326     0.000338403 
        930.329     0.000338437 
        930.402     0.000339295 
        930.478     0.000340194 
         930.63     0.000341991 
        930.931     0.000345575 
        931.229      0.00034916 
         931.49     0.000352311 
        931.534     0.000352848 
        931.838     0.000356574 
        932.447     0.000364133 
        933.265     0.000374538 
        933.403     0.000376319 
        933.432      0.00037668 
        933.542     0.000378106 
        933.652     0.000379539 
        933.872     0.000382417 
        933.973     0.000383746 
        934.073     0.000385068 
        934.312     0.000388241 
        934.316     0.000388295 
        934.652     0.000392787 
         935.23     0.000400666 
        935.688     0.000407018 
        936.144     0.000413449 
        936.372     0.000416691 
        936.601     0.000419956 
        936.714      0.00042158 
        936.829     0.000423242 
        936.887      0.00042408 
        936.944     0.000424907 
        936.973     0.000425328 
        937.001     0.000425736 
        937.015     0.000425937 
        937.029     0.000426141 
        937.043     0.000426346 
        937.058     0.000426565 
        937.072      0.00042677 
        937.086     0.000426974 
        937.101     0.000427191 
        937.115     0.000427395 
        937.143     0.000427803 
          937.2     0.000428639 
        937.314      0.00043031 
        937.493     0.000432946 
        937.542     0.000433672 
        937.593     0.000434426 
        937.694     0.000435912 
        937.788      0.00043731 
        937.894      0.00043889 
            938     0.000440473 
        938.212     0.000443643 
        938.359     0.000445839 
        938.556     0.000448783 
        938.636      0.00044998 
        938.914     0.000454142 
        939.231     0.000458924 
        939.271      0.00045953 
        939.986     0.000470472 
         940.74     0.000482278 
        941.452     0.000493582 
         942.25     0.000506594 
        943.048     0.000520022 
        943.978     0.000535629 
        944.643     0.000547897 
        945.308     0.000560686 
        946.115     0.000576881 
        946.233     0.000579313 
        946.637     0.000587748 
        947.158     0.000598935 
        947.621     0.000608819 
        948.083     0.000618485 
        948.314      0.00062327 
        948.546      0.00062808 
        948.661     0.000630489 
        948.777     0.000632924 
        948.835     0.000634146 
        948.893     0.000635371 
        948.922     0.000635984 
        948.951     0.000636597 
        948.966     0.000636914 
         948.98     0.000637212 
        948.994     0.000637508 
        949.009     0.000637825 
        949.023     0.000638123 
        949.037     0.000638419 
        949.052     0.000638739 
        949.066     0.000639035 
        949.095      0.00063965 
        949.153     0.000640885 
         949.23     0.000642528 
        949.258     0.000643125 
        949.269      0.00064336 
         949.28     0.000643596 
         949.33     0.000644664 
         949.36     0.000645308 
         949.43      0.00064681 
          949.5     0.000648315 
         949.64     0.000651334 
        949.795      0.00065467 
        949.879     0.000656495 
        949.921     0.000657407 
        949.963     0.000658318 
        950.047      0.00066014 
        950.131     0.000661959 
        950.467     0.000669128 
        950.718     0.000674355 
        950.888     0.000677865 
        951.728     0.000695351 
        952.738     0.000717753 
        953.502     0.000735802 
        953.748     0.000741812 
        954.758     0.000767274 
        956.014     0.000800261 
         957.27     0.000834489 
        957.764     0.000848095 
        958.148      0.00085883 
        958.526     0.000869605 
        959.289     0.000891678 
         960.43     0.000925051 
        961.192     0.000947011 
        962.712     0.000993051 
        963.468      0.00101696 
        964.231      0.00104165 
         965.75      0.00109234 
        966.767      0.00112747 
        968.032      0.00117261 
        968.668      0.00119588 
        968.979      0.00120742 
        969.297      0.00121932 
        969.927      0.00124326 
        970.401      0.00126197 
        970.874      0.00128207 
         971.11       0.0012933 
        971.348      0.00130695 
        971.467       0.0013141 
        971.585      0.00131894 
        971.644      0.00132093 
        971.703      0.00132601 
        971.732      0.00132943 
        971.762      0.00133209 
        971.778      0.00133291 
        971.792      0.00133351 
        971.806      0.00133409 
        971.821      0.00133473 
        971.827      0.00133498 
        971.833      0.00133523 
        971.836      0.00133536 
        971.839      0.00133548 
        971.851      0.00133599 
        971.866      0.00133663 
         971.88      0.00133722 
         971.91      0.00133841 
        971.969       0.0013376 
        972.037      0.00133738 
        972.087      0.00133987 
        972.137       0.0013425 
         972.15      0.00134304 
        972.199      0.00134503 
        972.237      0.00134589 
        972.324      0.00134765 
        972.499      0.00135085 
        972.798      0.00135905 
        973.047      0.00136743 
        973.097      0.00136925 
        973.248      0.00137495 
        973.396      0.00138068 
        973.746      0.00139471 
        974.444       0.0014238 
         975.64      0.00147601 
        976.759      0.00152691 
        976.836      0.00153047 
        978.032      0.00158685 
        979.305      0.00164902 
        979.778      0.00167266 
        980.578      0.00171337 
        981.851      0.00178018 
        983.923       0.0018944 
        985.373      0.00197843 
        985.996       0.0020156 
        986.414      0.00204096 
        986.618      0.00205345 
        987.863      0.00213091 
        989.312      0.00222478 
        990.541      0.00230766 
        990.761      0.00232283 
         992.21      0.00242515 
         993.88      0.00254841 
        995.549      0.00267767 
        995.989       0.0027128 
        997.218       0.0028132 
        997.574      0.00284296 
        997.806      0.00286252 
        998.447      0.00291714 
        999.319      0.00299317 
        999.435      0.00300341 
        1001.06      0.00315067 
        1002.69      0.00330477 
        1004.32      0.00346602 
        1005.84      0.00362251 
        1005.95      0.00363476 
        1007.58      0.00381122 
        1009.33      0.00400917 
        1011.07      0.00421737 
         1011.3       0.0042458 
        1012.82      0.00443571 
        1014.33       0.0046336 
        1015.38       0.0047756 
        1015.84      0.00483965 
        1017.36      0.00505429 
        1017.62      0.00509221 
        1019.33      0.00534737 
        1021.04      0.00561616 
        1022.47      0.00585508 
        1022.76      0.00590635 
        1023.04      0.00596023 
        1023.19      0.00598885 
        1023.62      0.00608275 
        1023.83      0.00613584 
        1024.04       0.0061977 
        1024.25       0.0062677 
        1024.39      0.00631891 
        1024.47      0.00634771 
        1024.54      0.00637467 
        1024.58      0.00639082 
        1024.69      0.00642402 
        1024.79      0.00644092 
        1024.85      0.00645095 
        1024.88      0.00645742 
        1024.89      0.00646555 
        1024.91      0.00647482 
        1024.95      0.00649072 
        1024.98      0.00650219 
        1024.99      0.00650561 
        1025.01      0.00650863 
        1025.03      0.00651155 
        1025.04      0.00651431 
        1025.06      0.00651723 
        1025.07      0.00652016 
        1025.09      0.00652292 
         1025.1      0.00652584 
        1025.13      0.00653153 
         1025.2      0.00653313 
        1025.27      0.00652839 
        1025.32      0.00653586 
        1025.37      0.00654786 
        1025.47      0.00656401 
        1025.57      0.00656618 
        1025.67      0.00656442 
        1025.87      0.00656021 
        1026.07      0.00656436 
        1026.47      0.00659559 
        1026.66      0.00661924 
        1026.87      0.00664573 
        1027.07      0.00667683 
        1027.47      0.00674384 
         1027.5       0.0067478 
        1028.28      0.00688951 
         1028.8      0.00698678 
        1029.07      0.00703896 
        1029.34      0.00709158 
        1029.88      0.00719846 
        1030.96      0.00741758 
        1033.08      0.00786548 
        1033.13      0.00787682 
        1033.19      0.00788816 
        1033.23      0.00789756 
        1033.29      0.00791091 
         1033.5      0.00795659 
        1033.91       0.0080487 
        1034.75      0.00823597 
        1036.27      0.00858779 
        1037.78      0.00895366 
        1039.17      0.00930119 
        1039.26      0.00932312 
         1039.3      0.00933411 
        1039.34      0.00934511 
         1039.5      0.00938632 
        1039.52       0.0093894 
        1039.86      0.00947862 
        1040.55      0.00965939 
        1041.92       0.0100306 
        1044.35       0.0107159 
        1046.77       0.0114444 
        1049.03       0.0121659 
        1049.19       0.0122186 
        1049.35       0.0122715 
        1049.67       0.0123774 
        1050.31       0.0125919 
        1051.59       0.0130311 
        1053.95       0.0138784 
        1054.15       0.0139525 
        1054.35        0.014027 
        1054.75        0.014177 
        1054.95       0.0142526 
        1055.55       0.0144815 
        1057.15       0.0151088 
        1059.36       0.0160124 
        1061.56       0.0169699 
        1063.16       0.0176992 
        1063.76       0.0179801 
        1064.36       0.0182651 
        1065.56       0.0188476 
        1066.56       0.0193461 
        1067.96       0.0200645 
        1069.36       0.0208075 
        1069.96       0.0211317 
        1072.16       0.0223605 
        1074.36        0.023655 
        1076.56       0.0250182 
        1078.16       0.0260546 
        1078.69       0.0264022 
        1078.76       0.0264534 
        1078.98       0.0265984 
        1079.36       0.0268579 
        1080.57       0.0276889 
        1080.71       0.0277918 
        1082.44       0.0290352 
        1084.17       0.0303294 
         1085.9        0.031677 
        1087.64       0.0330803 
        1089.32       0.0344975 
        1089.37       0.0345399 
        1089.42       0.0345836 
        1089.52       0.0346694 
        1089.72       0.0348415 
        1090.12        0.035188 
        1090.67         0.03567 
        1090.92       0.0358911 
        1092.52       0.0373359 
        1094.37       0.0390729 
        1096.22       0.0408841 
        1096.77       0.0414373 
        1098.07       0.0427722 
        1099.37       0.0441466 
        1099.57       0.0443624 
        1101.97       0.0470322 
        1104.37       0.0498483 
        1106.78       0.0528187 
        1108.98       0.0556825 
        1109.18       0.0559496 
        1109.38       0.0562182 
        1109.78       0.0567529 
        1109.98       0.0570221 
        1110.58       0.0578367 
        1112.18        0.060061 
        1114.38       0.0632478 
        1116.58       0.0665889 
        1118.18       0.0691194 
        1118.68       0.0699344 
        1118.78       0.0700908 
        1119.38       0.0710748 
        1120.08       0.0722318 
        1121.47       0.0745984 
        1123.78       0.0786787 
        1124.25       0.0795492 
        1124.73       0.0804326 
        1125.68       0.0822262 
        1125.79       0.0824319 
        1127.08       0.0849151 
        1127.59       0.0859238 
        1129.38       0.0895505 
        1131.69       0.0944149 
        1132.46         0.09609 
           1134       0.0995191 
        1135.54         0.10306 
        1137.85         0.10859 
        1138.62        0.110497 
        1139.39        0.112436 
        1140.93         0.11641 
        1143.63        0.123707 
        1143.95          0.1246 
        1144.01        0.124768 
        1144.39        0.125838 
        1145.15        0.128003 
        1146.67        0.132448 
        1149.39        0.140781 
        1149.83        0.142183 
        1152.11        0.149667 
        1154.39        0.157563 
        1156.67         0.16586 
        1158.51         0.17283 
        1158.95        0.174536 
        1159.39        0.176252 
        1159.67        0.177349 
        1160.27        0.179729 
        1162.03        0.186839 
        1164.39        0.196726 
        1166.76        0.206973 
        1168.84        0.216303 
        1169.12        0.217588 
        1169.39        0.218871 
        1169.96         0.22144 
        1171.08        0.226633 
        1172.24         0.23214 
        1173.32         0.23739 
         1174.4         0.24274 
        1176.56        0.253975 
        1178.04        0.262032 
        1178.72        0.265822 
         1179.4         0.26969 
        1180.58        0.276501 
        1180.76        0.277538 
        1180.94        0.278582 
        1181.29         0.28068 
        1181.69        0.283021 
        1182.01        0.284892 
        1183.43        0.293486 
        1185.17        0.304258 
        1187.89        0.321781 
        1188.65        0.326773 
         1189.4        0.331831 
        1190.91        0.342163 
        1193.44         0.36019 
        1193.92        0.363721 
         1194.4         0.36728 
        1195.19        0.373143 
        1195.37          0.3745 
        1197.29          0.3893 
         1199.4        0.406079 
        1201.51        0.423528 
        1202.84        0.434844 
        1203.62        0.441677 
         1204.4        0.448607 
        1205.97        0.462741 
        1208.81        0.489334 
        1209.11        0.492181 
         1209.4        0.495046 
        1209.67        0.497613 
           1210        0.500817 
        1210.33         0.50404 
        1210.98        0.510543 
        1211.89        0.519726 
        1212.29        0.523776 
        1212.69        0.527854 
         1213.1        0.532082 
        1213.28        0.533961 
        1213.49        0.536097 
        1213.88         0.54014 
        1214.17        0.543254 
        1214.47        0.546386 
        1214.62        0.547957 
        1214.76        0.549534 
        1214.84        0.550322 
        1214.91        0.551111 
        1214.95        0.551507 
        1214.98        0.551902 
           1215        0.552107 
        1215.02        0.552298 
        1215.04        0.552493 
        1215.06        0.552694 
        1215.08        0.552889 
         1215.1        0.553081 
        1215.11        0.553285 
        1215.13         0.55348 
        1215.17        0.553875 
        1215.24         0.55467 
        1215.39        0.556263 
        1215.64        0.558921 
        1215.69        0.559461 
        1215.74        0.560005 
         1215.8        0.560633 
        1215.84        0.561088 
        1216.04        0.563266 
        1216.06        0.563561 
        1216.28        0.565908 
        1216.76         0.57123 
        1217.46        0.578992 
        1218.32        0.588587 
        1218.86         0.59481 
        1218.98         0.59623 
        1219.41         0.60109 
        1219.83        0.605988 
         1220.1        0.609199 
        1220.67        0.615887 
        1222.36        0.636088 
        1224.62        0.663844 
        1226.88        0.692545 
        1228.86         0.71863 
        1229.13        0.722318 
        1229.41        0.726025 
        1229.74        0.730524 
        1229.96        0.733518 
        1230.18        0.736518 
        1230.62        0.742569 
        1231.49        0.754827 
        1231.69        0.757683 
        1233.24        0.779935 
        1234.79        0.802752 
        1236.38         0.82676 
        1237.89        0.850316 
        1239.41        0.874459 
        1240.47        0.891716 
        1242.44        0.924627 
        1244.41         0.95866 
        1247.29         1.01058 
        1248.35         1.03033 
        1248.65         1.03598 
        1249.41         1.05044 
        1251.53         1.09173 
        1254.41         1.15016 
        1255.17         1.16604 
        1257.29         1.21133 
        1259.41         1.25813 
        1261.53         1.30659 
        1262.89         1.33851 
        1263.65         1.35663 
        1264.41         1.37497 
        1265.93         1.41235 
        1268.53         1.47867 
        1268.97         1.49015 
        1269.41         1.50171 
        1269.69         1.50911 
         1270.3         1.52516 
        1272.06         1.57318 
        1274.41          1.6398 
        1276.78         1.70874 
        1278.86         1.77175 
        1279.14         1.78038 
        1279.42         1.78904 
        1279.98          1.8065 
         1281.1         1.84193 
        1282.26         1.87925 
        1283.34         1.91429 
        1283.74         1.92752 
        1284.42         1.95024 
        1286.58         2.02401 
        1286.92         2.03582 
        1289.42         2.12457 
        1291.92         2.21671 
        1294.42          2.3124 
        1296.92         2.41175 
        1299.42         2.51491 
        1301.92         2.62192 
        1304.42          2.7329 
        1306.92         2.84806 
        1309.42         2.96757 
        1311.92          3.0916 
        1314.42         3.22032 
        1316.92         3.35393 
        1319.42         3.49245 
        1321.92         3.63605 
        1324.42         3.78487 
        1326.92         3.93918 
        1329.42         4.09893 
        1331.92          4.2644 
        1334.42          4.4358 
        1336.92         4.61337 
        1339.42         4.79737 
        1341.92         4.98791 
        1344.42         5.18514 
        1346.92         5.38915 
        1349.42          5.6003 
        1351.92          5.8187 
        1354.42         6.04461 
        1356.92         6.27828 
        1359.42         6.52025 
        1361.92         6.77073 
        1364.42         7.02969 
        1365.19         7.11109 
        1369.42         7.57425 
        1373.65         8.06397 
        1376.35         8.39003 
        1377.88         8.58142 
        1379.42         8.77651 
        1380.57         8.92523 
         1382.5         9.17857 
        1384.42         9.43813 
        1387.12         9.81308 
        1388.27         9.97729 
        1389.03          10.087 
        1389.42         10.1439 
        1391.73         10.4843 
        1394.42         10.8961 
        1399.42         11.6997 
        1404.42         12.5547 
        1409.42          13.464 
        1414.42         14.4306 
        1419.42         15.4559 
        1424.42         16.5453 
        1429.42          17.703 
        1434.42         18.9356 
        1439.42         20.2445 
        1444.42         21.6314 
        1449.42         23.0999 
        1454.42         24.6529 
        1459.42         26.2966 
        1464.42         28.0347 
        1465.96         28.5884 
        1469.42         29.8689 
        1472.88         31.2016 
        1473.27         31.3532 
        1474.42         31.8127 
        1476.35         32.5915 
        1479.42         33.8752 
        1484.42         36.0576 
        1489.42         38.3566 
        1494.42         40.7842 
        1499.42          43.338 
        1504.42         46.0294 
        1509.42         48.8675 
        1514.42         51.8583 
        1519.42         55.0077 
        1524.42         58.3183 
        1529.42         61.7932 
        1534.42         65.4523 
        1539.42         69.3067 
        1544.42          73.359 
        1549.42         77.6193 
        1554.42         82.0992 
        1559.42         86.7868 
        1564.42         91.7109 
        1566.72         94.0521 
        1569.42           96.85 
        1570.19          97.663 
        1572.11         99.7138 
        1574.41         102.232 
         1574.8         102.658 
        1579.41         107.881 
        1584.41         113.806 
        1589.41         120.007 
        1594.41         126.499 
        1599.41         133.295 
        1604.41         140.411 
        1609.41         147.867 
        1614.41         155.665 
        1619.41         163.834 
        1624.41         172.399 
        1629.41         181.291 
        1634.41         190.514 
        1639.41         199.935 
        1644.41         209.446 
        1649.41         218.985 
        1654.41          228.68 
        1659.41         238.523 
        1664.41         248.509 
        1665.56         250.829 
         1669.4         258.723 
        1670.17         260.328 
        1673.25         266.877 
         1674.4         269.353 
        1676.33         273.539 
         1679.4          280.46 
         1684.4         291.995 
         1689.4         303.909 
         1694.4         316.362 
         1699.4         329.493 
         1704.4         343.483 
         1709.4         358.233 
         1714.4         373.771 
         1719.4          390.12 
         1724.4         407.191 
         1729.4         424.963 
         1734.4         443.502 
         1739.4          462.86 
         1744.4         483.029 
        1749.39         504.043 
        1754.39         525.893 
        1759.39          548.55 
        1764.39         572.009 
        1767.08          584.99 
        1767.85          588.75 
        1769.39         596.318 
         1771.7         607.816 
        1774.39         621.438 
        1775.55         627.357 
        1779.39         647.441 
        1784.39         674.349 
        1789.39         702.256 
        1794.39         731.215 
        1799.39         761.189 
        1804.39         792.184 
        1809.39         824.231 
        1814.38         857.378 
        1819.38         891.656 
           1824         924.301 
        1824.38         927.068 
        1829.38         963.662 
        1834.77         1004.43 
        1840.15         1046.64 
        1845.54          1090.3 
        1850.92         1135.51 
         1856.3         1182.31 
        1861.69         1230.73 
           1864         1252.01 
        1867.07          1280.8 
        1870.14         1310.14 
        1876.29         1370.64 
        1882.44          1433.5 
        1888.59         1498.78 
        1894.73         1566.58 
        1900.88         1636.96 
        1906.98         1709.43 
        1907.03            1710 
        1913.17         1785.72 
        1919.37         1864.97 
        1925.56         1946.87 
        1931.76         2031.92 
        1937.95         2121.31 
        1944.14          2212.6 
        1944.47         2217.54 
        1950.34         2308.94 
        1956.53         2406.77 
        1962.56         2505.18 
        1968.59         2606.94 
        1974.62         2712.07 
        1980.65         2820.62 
        1992.71         3048.33 
        2004.77         3290.98 
        2015.84         3527.57 
        2016.83         3549.34 
        2017.81         3571.17 
        2019.79         3615.28 
        2023.73         3705.48 
        2031.63         3890.89 
        2039.52         4082.19 
        2047.42         4281.05 
        2055.31          4487.8 
        2059.38         4597.41 
         2063.2         4702.56 
        2067.03         4809.62 
        2074.69         5030.26 
        2082.34         5259.03 
        2089.99         5496.12 
        2094.36         5634.95 
        2097.65         5741.54 
         2105.3         5995.42 
        2116.25         6374.32 
         2127.2         6772.33 
        2138.15         7192.99 
         2149.1          7630.9 
        2154.62         7859.35 
        2160.05         8089.16 
        2165.47         8324.37 
        2176.33         8811.54 
        2181.36         9045.34 
        2187.18         9321.26 
         2189.7         9442.87 
        2198.03         9854.11 
        2206.36         10279.6 
         2214.7         10719.4 
        2231.36         11633.6 
        2232.14         11677.6 
        2248.03         12603.5 
        2255.97         13082.4 
        2263.91         13578.3 
        2271.86           14096 
         2279.8         14622.2 
        2295.69         15717.1 
        2310.03         16764.1 
        2311.58         16881.5 
        2313.13         16999.6 
        2316.24         17235.2 
        2322.46         17713.9 
         2334.9         18708.9 
        2347.34         19764.8 
        2357.19         20634.4 
        2359.77         20866.8 
        2362.35         21104.2 
        2367.51         21592.8 
        2377.84         22597.9 
        2387.69         23592.2 
        2388.16         23640.6 
        2398.48         24746.3 
        2409.27         25965.2 
        2420.07         27237.2 
        2427.11         28116.6 
        2430.86         28603.6 
        2441.65         30041.4 
        2451.59         31423.2 
        2456.19         32081.3 
        2460.79         32790.4 
        2469.99         34245.2 
        2479.19         35759.2 
        2488.39         37335.6 
        2497.59         39003.5 
        2503.55         40124.7 
        2506.78         40742.1 
        2510.01         41364.7 
        2516.47         42615.7 
        2529.39         45137.5 
        2542.32           47849 
        2551.24         49794.6 
        2555.24         50686.1 
        2559.23         51590.6 
        2567.22         53498.2 
        2575.22         55475.2 
        2583.21         57524.4 
         2591.2         59653.8 
        2599.19         61870.2 
        2607.18           64190 
        2615.18         66604.3 
        2623.17         69121.3 
        2631.16         71766.9 
        2636.62         73637.7 
        2639.15         74523.6 
        2647.14         77403.2 
        2657.67           81454 
        2668.19         85409.9 
        2678.72         89554.2 
        2689.24           93873 
        2699.77           98346 
        2710.29          102955 
        2720.82          107718 
        2731.34          112683 
        2741.87          117808 
        2748.67          121188 
        2752.39          123056 
        2756.11          124940 
        2763.55          128868 
        2778.42          136979 
        2793.29          145421 
        2808.16          154142 
        2821.27          162091 
        2823.03          163185 
        2837.91          172560 
        2846.23          177942 
        2854.55          183414 
        2862.87          189346 
        2871.19          195465 
        2879.51          201743 
        2887.83          208157 
        2904.47          221429 
        2921.11          235278 
        2922.51          236472 
        2937.75          249717 
        2952.98          263567 
        2968.22          277372 
        2983.46          291593 
         2998.7          306278 
        3006.92          314398 
        3013.93          321438 
        3029.17          337131 
        3040.29          348930 
        3051.42          361004 
        3062.55          374827 
        3073.67          389074 
        3095.92          418884 
        3118.18          450219 
           3131          469033 
        3140.43          483212 
        3149.86          497688 
        3159.29          514049 
        3168.72          530904 
        3187.58          565681 
        3202.31          593796 
        3206.44          601829 
         3225.3          639339 
         3236.8          662948 
        3242.55          674968 
        3248.29          687170 
        3254.04          696648 
        3259.79          706205 
        3265.54          715837 
        3271.29          725541 
        3276.32          734093 
        3277.03          735321 
        3288.53          755104 
        3311.52          795608 
        3329.13          827552 
        3346.73          860127 
        3364.33          894433 
        3381.94          929406 
        3389.12          943851 
        3417.14      1.00122e+6 
        3445.17      1.06027e+6 
        3458.82       1.0899e+6 
        3473.19      1.12154e+6 
        3501.21      1.18446e+6 
         3543.6      1.28298e+6 
         3580.7        1.373e+6 
        3585.99      1.38603e+6 
        3591.28      1.39909e+6 
        3601.86       1.4256e+6 
        3607.07      1.43872e+6 
        3623.02      1.47915e+6 
        3635.88      1.51205e+6 
        3638.96      1.51996e+6 
        3642.04      1.52807e+6 
        3643.12      1.53092e+6 
        3645.12       1.5362e+6 
        3645.28      1.53662e+6 
        3647.12      1.54148e+6 
        3648.96      1.54635e+6 
        3651.32      1.55259e+6 
        3652.64      1.55608e+6 
        3653.96      1.55958e+6 
        3654.24      1.56033e+6 
         3656.6      1.56658e+6 
        3658.96      1.57285e+6 
         3663.4      1.58465e+6 
        3663.68      1.58539e+6 
        3663.96      1.58614e+6 
        3664.52      1.58763e+6 
        3665.64       1.5906e+6 
         3666.8      1.59369e+6 
        3667.88      1.59657e+6 
        3668.28      1.59764e+6 
        3668.95      1.59945e+6 
        3671.11      1.60521e+6 
        3673.95      1.61279e+6 
         3675.2      1.61613e+6 
        3678.95      1.62615e+6 
        3682.58      1.63588e+6 
         3682.7       1.6362e+6 
        3682.82      1.63652e+6 
        3683.06      1.63716e+6 
        3683.18      1.63747e+6 
        3683.54      1.63845e+6 
         3684.5      1.64102e+6 
        3684.82      1.64187e+6 
        3685.83      1.64457e+6 
        3686.83      1.64727e+6 
        3688.74      1.65239e+6 
        3688.85      1.65267e+6 
        3688.94      1.65292e+6 
        3688.95      1.65295e+6 
        3689.16      1.65351e+6 
        3689.38      1.65409e+6 
        3689.73      1.65504e+6 
        3689.82      1.65527e+6 
         3689.9       1.6555e+6 
        3690.07      1.65595e+6 
        3690.41      1.65687e+6 
        3690.62      1.65744e+6 
        3691.09      1.65869e+6 
        3691.47      1.65971e+6 
        3691.55      1.65994e+6 
         3691.7      1.66033e+6 
        3692.48      1.66244e+6 
         3693.5      1.66516e+6 
         3694.4      1.66758e+6 
         3695.3         1.67e+6 
        3695.81      1.67137e+6 
         3696.2      1.67242e+6 
        3696.53       1.6733e+6 
        3696.59      1.67347e+6 
        3696.65      1.67363e+6 
        3696.67      1.67368e+6 
        3696.76      1.67393e+6 
        3696.77      1.67396e+6 
        3696.87      1.67423e+6 
        3696.93      1.67439e+6 
        3696.99      1.67454e+6 
        3697.04      1.67469e+6 
         3697.1      1.67484e+6 
        3697.15      1.67499e+6 
        3697.21      1.67514e+6 
        3697.26      1.67529e+6 
        3697.32      1.67545e+6 
        3697.35      1.67551e+6 
        3697.41      1.67567e+6 
        3697.43      1.67575e+6 
        3697.46      1.67582e+6 
         3697.5      1.67592e+6 
        3697.53        1.676e+6 
        3697.58      1.67614e+6 
        3697.66      1.67635e+6 
        3697.82      1.67678e+6 
        3698.11      1.67756e+6 
        3698.43      1.67842e+6 
        3698.69      1.67912e+6 
        3698.89      1.67966e+6 
        3698.95      1.67982e+6 
        3699.01      1.67998e+6 
        3699.13      1.68031e+6 
        3699.37      1.68097e+6 
        3699.53       1.6814e+6 
        3699.86      1.68228e+6 
        3699.88      1.68233e+6 
        3700.19      1.68317e+6 
         3700.2      1.68319e+6 
         3700.5      1.68401e+6 
        3700.81      1.68483e+6 
        3700.84      1.68492e+6 
        3701.09      1.68559e+6 
        3701.42      1.68647e+6 
        3701.99      1.68802e+6 
        3702.44      1.68924e+6 
        3702.89      1.69045e+6 
        3703.12      1.69106e+6 
        3703.35      1.69167e+6 
        3703.46      1.69197e+6 
        3703.57      1.69227e+6 
        3703.63      1.69243e+6 
        3703.68      1.69258e+6 
        3703.74      1.69273e+6 
         3703.8      1.69288e+6 
        3703.85      1.69303e+6 
        3703.91      1.69318e+6 
        3703.97      1.69334e+6 
        3704.02      1.69349e+6 
        3704.09      1.69366e+6 
        3704.13      1.69379e+6 
        3704.18      1.69393e+6 
        3704.21      1.69399e+6 
        3704.22      1.69403e+6 
        3704.28      1.69419e+6 
        3704.31      1.69427e+6 
        3704.36       1.6944e+6 
        3704.41      1.69452e+6 
        3704.49      1.69475e+6 
        3704.57      1.69496e+6 
        3704.59      1.69502e+6 
        3704.69      1.69529e+6 
        3704.81      1.69561e+6 
        3705.05      1.69627e+6 
        3705.37      1.69713e+6 
        3705.54      1.69759e+6 
        3705.71      1.69805e+6 
        3706.05      1.69896e+6 
        3706.07      1.69902e+6 
        3706.73       1.7008e+6 
        3707.27      1.70224e+6 
        3707.39      1.70257e+6 
        3707.51      1.70291e+6 
        3707.61      1.70318e+6 
        3707.76      1.70358e+6 
        3707.91      1.70398e+6 
        3708.12      1.70454e+6 
        3708.21      1.70479e+6 
         3708.3      1.70503e+6 
        3708.49      1.70553e+6 
        3708.76      1.70628e+6 
        3708.85      1.70652e+6 
        3708.87      1.70657e+6 
        3708.95      1.70677e+6 
        3709.13      1.70726e+6 
        3709.21      1.70747e+6 
        3709.49      1.70824e+6 
        3710.11      1.70991e+6 
         3710.9      1.71205e+6 
        3711.01      1.71235e+6 
        3711.12      1.71264e+6 
        3711.21      1.71289e+6 
        3711.32      1.71319e+6 
        3711.34      1.71323e+6 
        3711.46      1.71357e+6 
        3711.52      1.71371e+6 
        3711.58      1.71387e+6 
         3711.6      1.71395e+6 
        3711.69      1.71418e+6 
        3711.75      1.71433e+6 
         3711.8      1.71448e+6 
        3711.86      1.71463e+6 
        3711.91      1.71479e+6 
        3711.97      1.71494e+6 
        3712.03      1.71509e+6 
        3712.08      1.71525e+6 
        3712.14       1.7154e+6 
         3712.2      1.71557e+6 
        3712.25       1.7157e+6 
         3712.3      1.71584e+6 
        3712.33       1.7159e+6 
        3712.33      1.71591e+6 
         3712.4      1.71611e+6 
        3712.48      1.71631e+6 
        3712.63      1.71672e+6 
        3712.93      1.71753e+6 
        3713.23      1.71833e+6 
        3713.53      1.71915e+6 
        3713.83      1.71997e+6 
        3714.24      1.72108e+6 
        3714.42      1.72156e+6 
        3714.44      1.72161e+6 
        3714.64      1.72215e+6 
        3715.03      1.72321e+6 
        3715.64      1.72486e+6 
        3716.76       1.7279e+6 
        3716.79      1.72797e+6 
        3716.86      1.72816e+6 
        3716.95      1.72841e+6 
        3717.14      1.72893e+6 
        3717.52      1.72995e+6 
        3718.19      1.73175e+6 
        3718.26      1.73194e+6 
        3718.33      1.73213e+6 
        3718.47      1.73251e+6 
        3718.56      1.73274e+6 
        3718.63      1.73294e+6 
        3718.73      1.73322e+6 
        3718.75      1.73326e+6 
        3718.94      1.73379e+6 
        3719.25      1.73463e+6 
        3719.47      1.73522e+6 
        3719.77      1.73603e+6 
        3720.07      1.73684e+6 
        3720.36      1.73753e+6 
        3720.52      1.73793e+6 
        3720.67      1.73828e+6 
        3720.98      1.73903e+6 
         3721.2      1.73954e+6 
        3721.43      1.74006e+6 
        3721.54      1.74032e+6 
        3721.66      1.74058e+6 
        3721.71      1.74071e+6 
        3721.77      1.74084e+6 
        3721.82      1.74096e+6 
        3721.88      1.74109e+6 
        3721.94      1.74122e+6 
        3721.99      1.74135e+6 
        3722.05      1.74148e+6 
        3722.11      1.74161e+6 
        3722.22      1.74187e+6 
         3722.4      1.74227e+6 
        3722.45      1.74238e+6 
         3722.5       1.7425e+6 
         3722.6      1.74273e+6 
         3722.7      1.74295e+6 
         3722.8      1.74318e+6 
         3722.9      1.74342e+6 
        3723.11      1.74389e+6 
        3723.23      1.74417e+6 
        3723.52      1.74483e+6 
        3723.81      1.74548e+6 
        3724.38       1.7468e+6 
        3725.45      1.74923e+6 
        3725.53      1.74942e+6 
        3725.62      1.74961e+6 
        3725.75      1.74992e+6 
        3725.78      1.74999e+6 
        3725.92      1.75029e+6 
        3725.93      1.75033e+6 
        3726.11      1.75075e+6 
        3726.48      1.75158e+6 
        3727.04      1.75286e+6 
        3727.37       1.7536e+6 
        3728.15       1.7554e+6 
        3728.64      1.75651e+6 
        3728.94      1.75719e+6 
        3729.01      1.75735e+6 
        3729.24      1.75788e+6 
        3729.84      1.75925e+6 
        3730.68      1.76116e+6 
        3732.19      1.76462e+6 
        3732.34      1.76497e+6 
        3732.49      1.76531e+6 
        3732.79      1.76599e+6 
        3733.35      1.76727e+6 
        3733.38      1.76734e+6 
        3733.39      1.76736e+6 
         3733.4      1.76738e+6 
        3733.45       1.7675e+6 
        3733.55      1.76773e+6 
        3733.65      1.76795e+6 
        3733.75      1.76818e+6 
        3733.86      1.76842e+6 
           3734      1.76876e+6 
        3734.04      1.76885e+6 
        3734.06       1.7689e+6 
        3734.08      1.76894e+6 
        3734.13      1.76905e+6 
        3734.14      1.76907e+6 
        3734.16      1.76913e+6 
         3734.2       1.7692e+6 
        3734.25      1.76933e+6 
        3734.31      1.76946e+6 
        3734.37      1.76959e+6 
        3734.43      1.76972e+6 
        3734.48      1.76985e+6 
        3734.54      1.76998e+6 
        3734.65      1.77024e+6 
        3734.83      1.77064e+6 
        3734.88      1.77076e+6 
        3734.93      1.77087e+6 
        3735.03       1.7711e+6 
        3735.12      1.77132e+6 
        3735.17      1.77143e+6 
        3735.23      1.77156e+6 
        3735.33       1.7718e+6 
        3735.39      1.77193e+6 
        3735.49      1.77216e+6 
        3735.82       1.7729e+6 
           3736      1.77332e+6 
        3736.24      1.77387e+6 
        3736.49      1.77443e+6 
        3736.97      1.77554e+6 
        3737.83      1.77749e+6 
        3737.94      1.77776e+6 
        3738.06      1.77803e+6 
        3738.29      1.77856e+6 
        3738.59      1.77923e+6 
        3738.76      1.77963e+6 
        3738.94      1.78003e+6 
        3739.29      1.78083e+6 
         3739.5      1.78131e+6 
        3739.99      1.78243e+6 
        3740.48      1.78355e+6 
        3741.21      1.78524e+6 
        3741.45      1.78578e+6 
        3741.69      1.78634e+6 
        3742.09      1.78725e+6 
        3742.18      1.78744e+6 
        3742.26      1.78763e+6 
        3742.43      1.78802e+6 
        3742.67      1.78857e+6 
        3742.73      1.78871e+6 
        3742.76      1.78878e+6 
         3742.8      1.78885e+6 
        3742.86      1.78901e+6 
        3742.92      1.78914e+6 
        3743.17      1.78971e+6 
        3743.66      1.79084e+6 
        3744.62      1.79303e+6 
        3744.65      1.79311e+6 
        3746.45       1.7972e+6 
        3747.61      1.79986e+6 
        3748.27      1.80138e+6 
        3748.84       1.8027e+6 
         3748.9      1.80283e+6 
        3748.93       1.8029e+6 
        3748.96      1.80297e+6 
        3748.99      1.80302e+6 
        3749.08      1.80325e+6 
        3749.12      1.80332e+6 
        3749.18      1.80347e+6 
        3749.38      1.80392e+6 
        3749.41      1.80399e+6 
        3749.64      1.80451e+6 
        3749.75      1.80478e+6 
        3749.87      1.80504e+6 
        3749.92      1.80517e+6 
        3749.98       1.8053e+6 
        3750.04      1.80543e+6 
        3750.09      1.80556e+6 
        3750.15      1.80569e+6 
        3750.21      1.80582e+6 
        3750.27      1.80595e+6 
        3750.32      1.80608e+6 
        3750.44      1.80634e+6 
        3750.62      1.80675e+6 
        3750.66      1.80686e+6 
        3750.72      1.80698e+6 
        3750.82      1.80721e+6 
        3750.91      1.80742e+6 
        3751.02      1.80767e+6 
        3751.12      1.80791e+6 
        3751.33      1.80839e+6 
        3751.48      1.80873e+6 
        3751.76      1.80937e+6 
        3752.03         1.81e+6 
        3752.59      1.81127e+6 
        3753.53      1.81343e+6 
         3753.7       1.8138e+6 
        3753.78        1.814e+6 
        3753.86      1.81418e+6 
        3754.18      1.81492e+6 
        3754.27      1.81512e+6 
        3754.84      1.81642e+6 
        3755.89      1.81883e+6 
        3756.09      1.81928e+6 
        3757.47      1.82245e+6 
        3757.51      1.82254e+6 
        3757.55      1.82262e+6 
        3758.93      1.82579e+6 
        3760.39      1.82914e+6 
        3761.66      1.83204e+6 
        3762.72      1.83447e+6 
        3763.23      1.83565e+6 
        3764.81      1.83926e+6 
        3765.07      1.83985e+6 
         3766.9      1.84406e+6 
        3768.55      1.84783e+6 
        3768.74      1.84827e+6 
        3768.93      1.84871e+6 
        3768.97      1.84881e+6 
         3769.2      1.84932e+6 
        3769.31      1.84959e+6 
        3769.66      1.85038e+6 
        3769.89       1.8509e+6 
        3770.11      1.85143e+6 
        3770.23      1.85169e+6 
        3770.34      1.85195e+6 
         3770.4      1.85209e+6 
        3770.46      1.85221e+6 
        3770.51      1.85235e+6 
        3770.57      1.85248e+6 
        3770.63      1.85261e+6 
        3770.69      1.85274e+6 
        3770.74      1.85287e+6 
         3770.8        1.853e+6 
        3770.87      1.85315e+6 
        3770.92      1.85327e+6 
        3770.97      1.85338e+6 
        3770.99      1.85343e+6 
           3771      1.85346e+6 
        3771.07      1.85361e+6 
        3771.15      1.85379e+6 
         3771.3      1.85416e+6 
         3771.6      1.85485e+6 
        3771.89       1.8555e+6 
        3771.95      1.85564e+6 
        3772.21      1.85623e+6 
        3772.52      1.85695e+6 
        3773.15       1.8584e+6 
        3774.36      1.86116e+6 
         3775.5      1.86378e+6 
        3776.76      1.86668e+6 
        3777.13      1.86752e+6 
        3778.03      1.86958e+6 
         3778.4      1.87044e+6 
        3778.93      1.87165e+6 
        3780.73      1.87578e+6 
        3781.84      1.87835e+6 
        3783.05      1.88112e+6 
        3783.16      1.88136e+6 
        3784.26       1.8839e+6 
        3785.37      1.88644e+6 
        3786.22      1.88841e+6 
         3787.4      1.89111e+6 
        3787.57       1.8915e+6 
        3788.92       1.8946e+6 
        3790.45       1.8981e+6 
        3792.84       1.9036e+6 
        3793.49       1.9051e+6 
        3794.14      1.90659e+6 
         3794.9      1.90832e+6 
        3795.07      1.90871e+6 
        3795.44      1.90958e+6 
        3795.99      1.91084e+6 
        3796.45       1.9119e+6 
        3796.92      1.91296e+6 
        3797.15      1.91349e+6 
        3797.38      1.91402e+6 
        3797.49      1.91429e+6 
        3797.61      1.91455e+6 
        3797.67      1.91468e+6 
        3797.72      1.91481e+6 
        3797.78      1.91495e+6 
        3797.84      1.91508e+6 
         3797.9      1.91521e+6 
        3797.96      1.91535e+6 
        3798.01      1.91548e+6 
        3798.07      1.91561e+6 
        3798.19      1.91588e+6 
        3798.37       1.9163e+6 
        3798.42      1.91641e+6 
        3798.47      1.91653e+6 
        3798.57      1.91675e+6 
        3798.66      1.91696e+6 
        3798.75      1.91718e+6 
        3798.77      1.91721e+6 
        3798.84      1.91738e+6 
        3798.88      1.91747e+6 
        3798.92      1.91757e+6 
        3799.05      1.91785e+6 
        3799.09      1.91795e+6 
        3799.43      1.91873e+6 
        3799.47      1.91883e+6 
         3799.8       1.9196e+6 
        3800.56      1.92134e+6 
        3801.65      1.92384e+6 
        3802.32      1.92538e+6 
        3803.83      1.92885e+6 
        3805.35      1.93233e+6 
        3807.84      1.93805e+6 
        3808.38      1.93929e+6 
        3808.92      1.94053e+6 
           3810      1.94302e+6 
        3811.59      1.94666e+6 
        3812.16      1.94799e+6 
        3812.74      1.94932e+6 
         3813.9      1.95197e+6 
        3815.78      1.95629e+6 
        3816.09      1.95701e+6 
        3816.21      1.95728e+6 
        3816.64      1.95827e+6 
        3817.44      1.96017e+6 
         3817.5      1.96032e+6 
        3818.92      1.96366e+6 
        3820.39      1.96722e+6 
        3822.57      1.97245e+6 
        3823.35      1.97432e+6 
        3823.51      1.97472e+6 
        3824.13       1.9762e+6 
        3825.68      1.97996e+6 
         3826.8      1.98265e+6 
        3827.86      1.98519e+6 
        3828.91      1.98773e+6 
        3830.45      1.99144e+6 
        3831.02      1.99281e+6 
        3831.59      1.99418e+6 
           3832      1.99516e+6 
        3832.53      1.99642e+6 
        3832.73      1.99691e+6 
        3833.46      1.99867e+6 
        3833.93      1.99979e+6 
        3834.39      2.00091e+6 
        3834.63      2.00148e+6 
        3834.86      2.00204e+6 
        3834.97      2.00232e+6 
        3835.09       2.0026e+6 
        3835.15      2.00274e+6 
        3835.21      2.00288e+6 
        3835.27      2.00301e+6 
        3835.33      2.00315e+6 
        3835.38      2.00329e+6 
        3835.44      2.00343e+6 
         3835.5      2.00358e+6 
        3835.56      2.00372e+6 
        3835.63      2.00388e+6 
        3835.68        2.004e+6 
        3835.73      2.00412e+6 
        3835.74      2.00416e+6 
        3835.77      2.00424e+6 
        3835.83      2.00436e+6 
        3835.91      2.00456e+6 
        3836.07      2.00496e+6 
        3836.38      2.00569e+6 
        3836.65      2.00634e+6 
        3836.98      2.00714e+6 
        3837.03      2.00726e+6 
        3837.31      2.00793e+6 
        3837.97      2.00953e+6 
        3838.65      2.01116e+6 
        3838.91      2.01179e+6 
        3839.18      2.01243e+6 
         3839.7      2.01369e+6 
        3840.76      2.01623e+6 
        3842.75      2.02103e+6 
        3842.83      2.02122e+6 
        3842.87      2.02131e+6 
        3842.91      2.02141e+6 
        3843.07      2.02178e+6 
        3843.38      2.02253e+6 
           3844      2.02403e+6 
        3844.59      2.02545e+6 
        3845.25      2.02703e+6 
        3845.55      2.02775e+6 
        3845.91      2.02862e+6 
        3847.23       2.0318e+6 
        3847.44      2.03231e+6 
        3848.91      2.03584e+6 
        3850.38      2.03936e+6 
        3851.98      2.04322e+6 
        3853.31      2.04642e+6 
        3854.64      2.04962e+6 
         3855.7      2.05217e+6 
         3857.3      2.05602e+6 
        3858.91      2.05988e+6 
        3862.01      2.06733e+6 
        3862.11      2.06758e+6 
        3862.22      2.06783e+6 
        3862.43      2.06834e+6 
        3862.85      2.06935e+6 
        3863.68      2.07136e+6 
        3865.17      2.07493e+6 
        3865.36       2.0754e+6 
        3865.56      2.07586e+6 
        3865.95       2.0768e+6 
        3866.73      2.07868e+6 
        3867.68      2.08095e+6 
        3868.29      2.08242e+6 
         3868.9      2.08389e+6 
        3870.13      2.08684e+6 
        3871.32      2.08971e+6 
        3872.59      2.09274e+6 
        3873.85      2.09577e+6 
        3876.32      2.10171e+6 
        3876.37      2.10181e+6 
        3876.37      2.10182e+6 
        3876.37      2.10183e+6 
        3876.42      2.10195e+6 
        3876.52      2.10219e+6 
        3876.72      2.10267e+6 
        3876.95       2.1032e+6 
        3877.12      2.10363e+6 
        3877.92      2.10555e+6 
         3878.9      2.10789e+6 
        3880.29      2.11122e+6 
        3880.85      2.11257e+6 
        3881.42      2.11392e+6 
        3882.55      2.11663e+6 
         3884.4      2.12107e+6 
         3884.8      2.12203e+6 
        3884.92      2.12232e+6 
         3885.2        2.123e+6 
        3886.01      2.12493e+6 
        3886.15      2.12527e+6 
         3887.1      2.12753e+6 
        3887.57      2.12866e+6 
        3888.04      2.12979e+6 
        3888.28      2.13036e+6 
        3888.52      2.13092e+6 
        3888.63       2.1312e+6 
        3888.75      2.13148e+6 
        3888.84       2.1317e+6 
        3888.87      2.13175e+6 
        3888.87      2.13177e+6 
         3888.9      2.13183e+6 
        3888.93       2.1319e+6 
        3888.99      2.13204e+6 
        3889.05      2.13218e+6 
        3889.11      2.13232e+6 
        3889.17      2.13247e+6 
        3889.22      2.13261e+6 
        3889.29      2.13278e+6 
        3889.34       2.1329e+6 
        3889.39      2.13302e+6 
        3889.41      2.13306e+6 
        3889.45      2.13316e+6 
        3889.49      2.13326e+6 
        3889.58      2.13347e+6 
        3889.75      2.13388e+6 
        3890.05      2.13461e+6 
        3890.32      2.13523e+6 
        3890.47      2.13562e+6 
        3890.66      2.13605e+6 
           3891      2.13687e+6 
        3891.68      2.13851e+6 
        3892.89       2.1414e+6 
        3893.94      2.14392e+6 
        3894.46      2.14515e+6 
        3895.31      2.14719e+6 
        3896.22      2.14936e+6 
        3896.68      2.15046e+6 
        3898.89      2.15576e+6 
         3899.6      2.15746e+6 
        3901.57      2.16216e+6 
        3903.89      2.16771e+6 
        3904.25      2.16856e+6 
        3908.89      2.17964e+6 
        3913.89      2.19157e+6 
        3918.89      2.20441e+6 
        3923.89      2.21741e+6 
        3928.22      2.22864e+6 
        3928.35      2.22899e+6 
        3928.89      2.23038e+6 
        3929.56      2.23212e+6 
         3930.9      2.23561e+6 
        3933.45      2.24222e+6 
        3935.81      2.24832e+6 
        3937.35       2.2523e+6 
        3938.89      2.25628e+6 
        3940.04      2.25926e+6 
        3941.96      2.26423e+6 
        3943.88      2.26921e+6 
        3946.58      2.27617e+6 
        3947.73      2.27914e+6 
        3948.88      2.28212e+6 
        3950.65      2.28669e+6 
        3951.01      2.28762e+6 
        3951.19      2.28806e+6 
        3951.72      2.28944e+6 
        3952.78      2.29218e+6 
        3954.55      2.29674e+6 
        3957.31      2.30383e+6 
        3958.09      2.30585e+6 
        3958.62      2.30722e+6 
        3958.88      2.30788e+6 
        3960.45      2.31192e+6 
        3962.28      2.31662e+6 
        3965.74      2.32548e+6 
        3965.94      2.32601e+6 
        3966.15      2.32653e+6 
        3966.56      2.32758e+6 
        3966.68      2.32789e+6 
        3967.28      2.32943e+6 
        3967.38      2.32968e+6 
        3968.08      2.33148e+6 
        3968.71      2.33309e+6 
        3968.88      2.33352e+6 
        3969.05      2.33395e+6 
        3969.23      2.33443e+6 
        3969.29      2.33457e+6 
        3969.38      2.33481e+6 
        3969.53      2.33518e+6 
        3969.65      2.33549e+6 
        3969.77      2.33579e+6 
        3969.83      2.33594e+6 
        3969.89      2.33609e+6 
        3969.95      2.33624e+6 
        3970.01      2.33639e+6 
        3970.07      2.33654e+6 
        3970.13       2.3367e+6 
        3970.19      2.33686e+6 
        3970.25      2.33702e+6 
        3970.32      2.33721e+6 
        3970.37      2.33734e+6 
        3970.42      2.33747e+6 
        3970.43      2.33749e+6 
        3970.49      2.33766e+6 
        3970.52      2.33773e+6 
        3970.61      2.33796e+6 
         3970.8      2.33843e+6 
         3971.1       2.3392e+6 
        3971.33      2.33981e+6 
        3971.59      2.34048e+6 
         3971.7      2.34075e+6 
        3972.06      2.34169e+6 
        3972.79      2.34356e+6 
        3973.99      2.34663e+6 
        3974.94      2.34904e+6 
         3976.4      2.35278e+6 
        3976.84      2.35392e+6 
        3977.86      2.35651e+6 
        3978.87      2.35911e+6 
        3979.58       2.3609e+6 
         3980.9      2.36429e+6 
        3982.23      2.36767e+6 
        3984.18      2.37264e+6 
        3984.88      2.37443e+6 
        3985.12      2.37503e+6 
        3985.59      2.37622e+6 
        3986.99       2.3798e+6 
        3988.87      2.38457e+6 
        3991.38      2.39093e+6 
        3992.62      2.39409e+6 
        3993.85      2.39722e+6 
        3993.87      2.39726e+6 
        3996.36      2.40357e+6 
        3998.87      2.40992e+6 
        4003.87      2.42256e+6 
        4008.87      2.43518e+6 
        4013.86      2.44798e+6 
        4018.86      2.46103e+6 
        4023.86      2.47405e+6 
        4025.34       2.4779e+6 
        4028.86      2.48704e+6 
        4032.38      2.49617e+6 
        4032.95      2.49764e+6 
        4033.86          2.5e+6 
         4035.9      2.50529e+6 
        4038.86      2.51293e+6 
        4043.86      2.52583e+6 
        4048.86      2.53869e+6 
        4053.86      2.55151e+6 
        4058.85       2.5643e+6 
        4063.85      2.57708e+6 
        4068.85      2.58984e+6 
        4073.85      2.60257e+6 
        4075.42      2.60656e+6 
        4078.85      2.61526e+6 
        4082.28      2.62393e+6 
        4082.56      2.62465e+6 
           4084       2.6283e+6 
         4085.7      2.63259e+6 
        4088.84      2.64052e+6 
         4089.7      2.64266e+6 
        4093.69      2.65269e+6 
        4096.52      2.65979e+6 
        4097.68       2.6627e+6 
        4098.01      2.66353e+6 
        4098.68       2.6652e+6 
        4098.84      2.66561e+6 
        4099.68      2.66768e+6 
        4100.17      2.66893e+6 
        4100.67      2.67017e+6 
        4100.92      2.67078e+6 
        4101.17      2.67139e+6 
         4101.3       2.6717e+6 
        4101.42        2.672e+6 
        4101.48      2.67214e+6 
        4101.55      2.67229e+6 
        4101.61      2.67242e+6 
        4101.67      2.67256e+6 
        4101.73      2.67271e+6 
         4101.8      2.67288e+6 
        4101.86      2.67305e+6 
        4101.92      2.67323e+6 
        4102.05      2.67356e+6 
         4102.3      2.67421e+6 
        4102.74      2.67535e+6 
        4102.79      2.67547e+6 
        4102.85       2.6756e+6 
        4102.94      2.67585e+6 
        4103.15      2.67636e+6 
         4103.3      2.67674e+6 
        4103.55      2.67736e+6 
        4103.79      2.67799e+6 
        4104.29      2.67924e+6 
        4104.78      2.68048e+6 
        4105.29      2.68174e+6 
        4105.79        2.683e+6 
        4106.79      2.68551e+6 
        4108.68      2.69022e+6 
        4108.76      2.69043e+6 
         4108.8      2.69053e+6 
        4108.84      2.69063e+6 
        4108.86      2.69068e+6 
           4109      2.69105e+6 
        4109.32       2.6919e+6 
        4109.78      2.69313e+6 
         4110.7      2.69558e+6 
        4111.32      2.69722e+6 
        4112.55      2.70048e+6 
        4113.77      2.70375e+6 
        4114.69      2.70618e+6 
        4116.23      2.71025e+6 
        4116.69      2.71148e+6 
        4117.77      2.71432e+6 
        4118.13      2.71527e+6 
        4118.84      2.71715e+6 
        4120.98      2.72281e+6 
        4123.84      2.73034e+6 
        4126.14       2.7364e+6 
        4128.84      2.74347e+6 
         4129.6      2.74549e+6 
        4131.53      2.75052e+6 
        4133.83      2.75655e+6 
        4134.22      2.75756e+6 
        4138.83      2.76959e+6 
        4143.83      2.78264e+6 
        4148.83      2.79564e+6 
        4153.83      2.80858e+6 
        4158.83      2.82145e+6 
        4163.83      2.83427e+6 
        4168.82      2.84702e+6 
        4173.82      2.85971e+6 
        4178.82      2.87233e+6 
        4183.82      2.88489e+6 
        4188.82      2.89739e+6 
        4193.82      2.90982e+6 
        4198.82      2.92218e+6 
        4203.81      2.93447e+6 
        4208.81      2.94687e+6 
        4213.81      2.95934e+6 
        4216.52      2.96606e+6 
        4217.24      2.96783e+6 
        4218.81      2.97172e+6 
         4221.1      2.97736e+6 
        4223.81      2.98403e+6 
        4224.95      2.98683e+6 
        4228.81      2.99626e+6 
        4233.81      3.00842e+6 
        4238.81       3.0205e+6 
        4243.81       3.0325e+6 
         4248.8      3.04443e+6 
         4253.8      3.05628e+6 
         4258.8      3.06804e+6 
         4263.8      3.07973e+6 
         4268.8      3.09134e+6 
         4273.8      3.10287e+6 
         4278.8      3.11431e+6 
        4283.79      3.12568e+6 
        4288.79      3.13696e+6 
        4293.79      3.14816e+6 
        4298.79      3.15925e+6 
        4303.79      3.17021e+6 
        4308.79      3.18071e+6 
        4313.79       3.1911e+6 
        4314.07       3.1917e+6 
        4318.78      3.20144e+6 
        4320.85      3.20568e+6 
         4323.5      3.21112e+6 
        4326.14      3.21649e+6 
        4326.48      3.21718e+6 
        4328.78      3.22186e+6 
        4330.23      3.22481e+6 
        4331.09      3.22654e+6 
        4331.15      3.22664e+6 
        4331.95      3.22827e+6 
        4333.66      3.23169e+6 
        4334.06      3.23251e+6 
        4336.17      3.23675e+6 
        4337.79      3.23996e+6 
        4338.22       3.2408e+6 
        4338.28      3.24093e+6 
        4338.78       3.2419e+6 
        4338.81      3.24197e+6 
        4339.34        3.243e+6 
         4339.6      3.24351e+6 
        4339.87      3.24401e+6 
           4340      3.24423e+6 
        4340.13      3.24445e+6 
         4340.2      3.24457e+6 
        4340.26      3.24467e+6 
        4340.33      3.24473e+6 
         4340.4      3.24479e+6 
        4340.46      3.24489e+6 
        4340.53      3.24508e+6 
        4340.59      3.24527e+6 
        4340.66      3.24545e+6 
        4340.79       3.2458e+6 
        4341.01      3.24627e+6 
        4341.06       3.2464e+6 
         4341.1      3.24649e+6 
         4341.2      3.24671e+6 
        4341.23      3.24677e+6 
        4341.24       3.2468e+6 
         4341.4      3.24715e+6 
        4341.58      3.24753e+6 
        4341.94      3.24828e+6 
        4342.64      3.24973e+6 
        4343.33      3.25114e+6 
        4343.57      3.25164e+6 
        4344.04      3.25262e+6 
        4344.75      3.25406e+6 
        4346.17      3.25695e+6 
        4348.58      3.26182e+6 
        4348.78      3.26223e+6 
        4348.98      3.26264e+6 
        4349.37      3.26346e+6 
        4350.17      3.26506e+6 
        4350.32      3.26534e+6 
        4351.76      3.26826e+6 
         4353.2      3.27115e+6 
        4354.73      3.27423e+6 
        4356.08      3.27693e+6 
        4356.08      3.27693e+6 
        4357.43       3.2796e+6 
        4358.77       3.2823e+6 
        4359.17      3.28309e+6 
        4361.47      3.28758e+6 
        4363.77      3.29214e+6 
        4367.98      3.30043e+6 
        4368.38      3.30119e+6 
        4368.52       3.3015e+6 
        4368.77      3.30197e+6 
        4369.56      3.30351e+6 
        4371.15      3.30662e+6 
        4373.77      3.31174e+6 
        4378.77      3.32139e+6 
        4383.77        3.331e+6 
        4388.77      3.34049e+6 
        4393.77      3.34994e+6 
        4398.76      3.35927e+6 
        4403.76      3.36697e+6 
        4408.76      3.37401e+6 
        4413.76      3.38095e+6 
        4418.76      3.38789e+6 
        4423.76      3.39477e+6 
        4428.76      3.40165e+6 
        4433.75      3.40844e+6 
        4438.75      3.41523e+6 
        4443.75      3.42198e+6 
        4448.75      3.42867e+6 
        4453.75      3.43533e+6 
        4458.75      3.44196e+6 
        4463.75      3.44856e+6 
        4468.74      3.45509e+6 
        4473.74      3.46163e+6 
        4478.74       3.4681e+6 
        4483.74      3.47454e+6 
        4488.74      3.48095e+6 
        4493.74      3.48732e+6 
        4498.74      3.49468e+6 
        4503.74      3.50445e+6 
        4508.73      3.51409e+6 
        4513.73      3.52364e+6 
        4514.12      3.52436e+6 
        4518.73       3.5331e+6 
        4523.35      3.54171e+6 
        4527.19      3.54881e+6 
        4527.96      3.55022e+6 
        4528.73      3.55163e+6 
        4530.27      3.55446e+6 
        4532.97      3.55939e+6 
        4533.29      3.55996e+6 
        4533.35      3.56008e+6 
        4533.73      3.56078e+6 
        4534.49      3.56213e+6 
        4536.01      3.56489e+6 
        4538.73      3.56979e+6 
        4543.73      3.57868e+6 
        4548.72      3.58751e+6 
        4553.72      3.59618e+6 
        4558.72      3.60479e+6 
        4563.72       3.6133e+6 
        4568.72      3.62169e+6 
        4573.72      3.62998e+6 
        4578.72      3.63818e+6 
        4583.72      3.64626e+6 
        4588.71      3.65427e+6 
        4593.71      3.66215e+6 
        4596.53      3.66599e+6 
        4596.98      3.66662e+6 
        4598.71      3.66897e+6 
        4600.89      3.67186e+6 
        4603.71      3.67557e+6 
         4604.8      3.67698e+6 
        4608.71       3.6821e+6 
        4613.71      3.68858e+6 
         4618.7      3.69498e+6 
         4623.7      3.70133e+6 
         4628.7      3.70761e+6 
         4633.7      3.71383e+6 
         4638.7      3.71999e+6 
         4643.7      3.72612e+6 
         4648.7      3.73215e+6 
         4653.7      3.73815e+6 
        4658.69      3.74409e+6 
        4663.69      3.74996e+6 
        4668.69      3.75577e+6 
        4673.69      3.76152e+6 
        4678.69      3.76721e+6 
        4683.69      3.77286e+6 
        4688.69      3.77846e+6 
        4693.69      3.78383e+6 
        4698.68      3.78895e+6 
        4703.68      3.79404e+6 
        4708.68      3.79907e+6 
        4713.68      3.80406e+6 
         4715.6      3.80595e+6 
        4718.68      3.80899e+6 
        4720.98      3.81125e+6 
        4721.76      3.81201e+6 
        4723.68      3.81386e+6 
        4724.83      3.81499e+6 
        4728.68       3.8187e+6 
        4733.68      3.82348e+6 
        4738.67      3.82822e+6 
        4743.67       3.8329e+6 
        4748.67      3.83752e+6 
        4753.67       3.8421e+6 
        4758.67       3.8466e+6 
        4763.67      3.85106e+6 
        4768.67      3.85546e+6 
        4773.66      3.85982e+6 
        4778.66       3.8641e+6 
        4783.66      3.86831e+6 
        4788.66      3.87245e+6 
        4793.66      3.87644e+6 
        4798.66      3.88037e+6 
        4803.66       3.8842e+6 
        4808.65      3.88797e+6 
        4813.65      3.89165e+6 
        4818.65      3.89526e+6 
        4823.65      3.89878e+6 
        4828.65       3.9022e+6 
        4833.65      3.90553e+6 
        4834.97      3.90641e+6 
        4838.65       3.9088e+6 
        4839.16      3.90912e+6 
        4842.32      3.91116e+6 
        4845.48      3.91317e+6 
         4845.5      3.91317e+6 
        4847.05      3.91414e+6 
        4848.64      3.91515e+6 
        4851.78      3.91709e+6 
        4854.39      3.91873e+6 
        4856.52      3.92005e+6 
         4858.4      3.92118e+6 
        4858.64       3.9213e+6 
        4858.66      3.92134e+6 
        4858.88      3.92146e+6 
        4859.36      3.92171e+6 
        4859.47      3.92178e+6 
        4860.06      3.92206e+6 
        4860.36      3.92218e+6 
        4860.66      3.92228e+6 
        4860.81      3.92228e+6 
        4860.95      3.92225e+6 
        4861.03      3.92218e+6 
         4861.1      3.92209e+6 
        4861.18      3.92193e+6 
        4861.25      3.92181e+6 
        4861.32      3.92174e+6 
         4861.4       3.9219e+6 
        4861.47      3.92218e+6 
        4861.54      3.92244e+6 
        4861.64      3.92269e+6 
        4861.69      3.92278e+6 
        4861.69      3.92278e+6 
        4861.69      3.92278e+6 
        4861.69      3.92281e+6 
        4861.74      3.92288e+6 
        4861.84      3.92306e+6 
        4861.98      3.92325e+6 
        4861.99      3.92325e+6 
        4862.28      3.92363e+6 
        4862.58      3.92394e+6 
         4862.6      3.92394e+6 
        4863.18      3.92454e+6 
        4863.73      3.92504e+6 
        4863.76      3.92507e+6 
        4864.93      3.92614e+6 
        4866.13      3.92718e+6 
        4868.41      3.92919e+6 
        4868.53      3.92928e+6 
        4868.64      3.92938e+6 
        4868.86      3.92957e+6 
        4869.32      3.92998e+6 
        4869.58       3.9302e+6 
        4870.22      3.93076e+6 
        4870.86      3.93129e+6 
        4872.13      3.93239e+6 
        4874.62      3.93456e+6 
        4874.69      3.93459e+6 
        4874.75      3.93466e+6 
        4874.87      3.93478e+6 
        4875.12      3.93497e+6 
        4875.61      3.93541e+6 
        4876.61      3.93626e+6 
        4878.45      3.93786e+6 
        4878.54      3.93792e+6 
        4878.59      3.93795e+6 
        4878.64      3.93802e+6 
        4878.82      3.93817e+6 
        4879.19      3.93849e+6 
        4879.53      3.93877e+6 
        4879.92      3.93912e+6 
        4880.32      3.93946e+6 
        4880.94      3.93997e+6 
        4881.12      3.94012e+6 
        4882.71      3.94147e+6 
        4884.48      3.94298e+6 
         4887.4       3.9454e+6 
        4888.02      3.94593e+6 
        4888.63      3.94644e+6 
        4889.87      3.94744e+6 
        4891.06      3.94842e+6 
        4892.35      3.94948e+6 
        4893.63      3.95052e+6 
        4893.78      3.95062e+6 
         4896.2      3.95256e+6 
        4898.63      3.95451e+6 
        4903.34      3.95819e+6 
        4903.48      3.95828e+6 
        4903.63      3.95841e+6 
        4903.92      3.95863e+6 
         4904.5      3.95907e+6 
        4905.66      3.95995e+6 
        4907.33      3.96123e+6 
        4907.98      3.96174e+6 
        4908.63      3.96221e+6 
        4909.93      3.96321e+6 
        4911.43      3.96431e+6 
        4912.53      3.96516e+6 
        4913.01      3.96551e+6 
        4913.63      3.96595e+6 
        4915.55      3.96739e+6 
        4915.82      3.96758e+6 
        4918.24      3.96934e+6 
        4918.63      3.96962e+6 
         4921.7      3.97185e+6 
        4923.62       3.9732e+6 
        4925.16       3.9743e+6 
        4928.62      3.97672e+6 
        4933.62      3.98018e+6 
        4938.62       3.9836e+6 
        4943.62      3.98693e+6 
        4948.62       3.9902e+6 
        4953.62      3.99344e+6 
        4958.61      3.99664e+6 
        4963.61      3.99975e+6 
        4968.61      4.00286e+6 
        4973.61      4.00591e+6 
        4978.61      4.00889e+6 
        4983.61      4.01185e+6 
        4988.61      4.01467e+6 
        4993.61      4.01744e+6 
         4998.6       4.0202e+6 
         5003.6       4.0229e+6 
         5008.6      4.02557e+6 
         5013.6      4.02821e+6 
         5018.6      4.03082e+6 
         5023.6       4.0334e+6 
         5028.6      4.03594e+6 
         5033.6      4.03845e+6 
        5038.59      4.04094e+6 
        5043.59      4.04339e+6 
        5048.59      4.04584e+6 
        5053.59      4.04822e+6 
        5058.59      4.05058e+6 
        5063.59      4.05291e+6 
        5068.59      4.05523e+6 
        5073.58      4.05749e+6 
        5078.58      4.05972e+6 
        5083.58       4.0618e+6 
        5088.58      4.06378e+6 
        5093.58      4.06575e+6 
        5098.58      4.06767e+6 
        5103.58      4.06959e+6 
        5108.57      4.07147e+6 
        5113.57      4.07333e+6 
        5118.57      4.07515e+6 
        5123.57      4.07697e+6 
        5128.57      4.07876e+6 
        5133.57      4.08055e+6 
        5138.57      4.08228e+6 
        5143.57      4.08401e+6 
        5148.56       4.0857e+6 
        5153.56      4.08737e+6 
        5158.56      4.08903e+6 
        5163.56      4.09067e+6 
        5168.56      4.09227e+6 
        5173.56      4.09387e+6 
        5178.56      4.09538e+6 
        5183.56       4.0967e+6 
        5188.55      4.09799e+6 
        5193.55      4.09928e+6 
        5198.55      4.10056e+6 
        5203.55      4.10179e+6 
        5208.55      4.10301e+6 
        5213.55      4.10424e+6 
        5218.55       4.1054e+6 
        5223.54       4.1066e+6 
        5228.54      4.10773e+6 
        5233.54      4.10886e+6 
        5238.54      4.10999e+6 
        5243.54      4.11106e+6 
        5248.54      4.11216e+6 
        5253.54      4.11319e+6 
        5258.53      4.11423e+6 
        5263.53      4.11527e+6 
        5268.53      4.11624e+6 
        5273.53      4.11725e+6 
        5278.53      4.11888e+6 
        5283.53      4.12061e+6 
        5288.53      4.12234e+6 
        5293.52      4.12397e+6 
        5298.52       4.1256e+6 
        5303.52       4.1272e+6 
        5308.52      4.12878e+6 
        5313.52      4.13028e+6 
        5318.52      4.13179e+6 
        5323.52      4.13324e+6 
        5328.52      4.13465e+6 
        5333.52      4.13606e+6 
        5338.51      4.13741e+6 
        5343.51      4.13873e+6 
        5348.51      4.14002e+6 
        5353.51      4.14131e+6 
        5358.51      4.14254e+6 
        5363.51      4.14382e+6 
        5368.51      4.14499e+6 
         5373.5      4.14583e+6 
         5378.5      4.14621e+6 
         5383.5      4.14656e+6 
         5388.5       4.1469e+6 
         5393.5      4.14725e+6 
         5398.5      4.14753e+6 
         5403.5      4.14784e+6 
        5408.49      4.14813e+6 
        5413.49      4.14838e+6 
        5418.49      4.14863e+6 
        5423.49      4.14885e+6 
        5428.49      4.14907e+6 
        5433.49      4.14926e+6 
        5438.49      4.14945e+6 
        5443.48       4.1496e+6 
        5448.48      4.14976e+6 
        5453.48      4.14989e+6 
        5458.48      4.14998e+6 
        5463.48      4.15011e+6 
        5468.48      4.15017e+6 
        5473.48      4.15074e+6 
        5478.48      4.15127e+6 
        5483.48       4.1518e+6 
        5488.47      4.15231e+6 
        5493.47      4.15278e+6 
        5498.47      4.15325e+6 
        5503.47      4.15369e+6 
        5508.47       4.1541e+6 
        5513.47       4.1545e+6 
        5518.47      4.15488e+6 
        5523.46      4.15526e+6 
        5528.46       4.1556e+6 
        5533.46      4.15592e+6 
        5538.46       4.1562e+6 
        5543.46      4.15652e+6 
        5548.46      4.15677e+6 
        5553.46      4.15702e+6 
        5558.45      4.15724e+6 
        5563.45      4.15746e+6 
        5568.45      4.15765e+6 
        5573.45       4.1578e+6 
        5578.45      4.15793e+6 
        5583.45      4.15805e+6 
        5588.45      4.15815e+6 
        5593.44      4.15824e+6 
        5598.44      4.15831e+6 
        5603.44      4.15837e+6 
        5608.44       4.1584e+6 
        5613.44       4.1584e+6 
        5618.44       4.1584e+6 
        5623.44       4.1584e+6 
        5628.44      4.15837e+6 
        5633.43      4.15831e+6 
        5638.43      4.15824e+6 
        5643.43      4.15815e+6 
        5648.43      4.15805e+6 
        5653.43      4.15793e+6 
        5658.43      4.15777e+6 
        5663.43      4.15762e+6 
        5668.43      4.15749e+6 
        5673.42       4.1573e+6 
        5673.98      4.15727e+6 
        5678.42      4.15708e+6 
        5682.86      4.15686e+6 
         5686.2       4.1567e+6 
        5687.31      4.15667e+6 
        5687.86      4.15664e+6 
        5688.42      4.15661e+6 
        5690.64      4.15648e+6 
        5693.42      4.15636e+6 
        5698.42      4.15608e+6 
        5703.41      4.15576e+6 
        5704.77       4.1557e+6 
        5708.41      4.15548e+6 
        5708.88      4.15545e+6 
        5712.06      4.15523e+6 
        5713.41      4.15513e+6 
        5715.23      4.15501e+6 
        5718.41      4.15482e+6 
        5723.41      4.15444e+6 
        5728.41       4.1541e+6 
        5733.41      4.15369e+6 
        5738.41      4.15331e+6 
         5743.4      4.15287e+6 
         5748.4      4.15246e+6 
         5753.4      4.15202e+6 
         5758.4      4.15155e+6 
         5763.4      4.15045e+6 
         5768.4      4.14995e+6 
         5773.4      4.14942e+6 
         5778.4      4.14891e+6 
        5783.39      4.14838e+6 
        5788.39      4.14781e+6 
        5793.39      4.14725e+6 
        5798.39      4.14665e+6 
        5803.39      4.14605e+6 
        5808.39      4.14546e+6 
        5813.39      4.14483e+6 
        5818.39      4.14417e+6 
        5823.38      4.14351e+6 
        5828.38      4.14285e+6 
        5833.38      4.14216e+6 
        5838.38      4.14147e+6 
        5843.38      4.14078e+6 
        5848.38      4.14005e+6 
        5853.38       4.1393e+6 
        5858.37      4.13855e+6 
        5863.37      4.13779e+6 
        5868.37      4.13704e+6 
        5873.37      4.13625e+6 
        5878.37      4.13547e+6 
        5883.37      4.13465e+6 
        5888.37      4.13383e+6 
        5893.36      4.13299e+6 
        5898.36      4.13214e+6 
        5903.36      4.13129e+6 
        5908.36      4.13041e+6 
        5913.36       4.1295e+6 
        5918.36      4.12862e+6 
        5923.36      4.12771e+6 
        5928.35      4.12676e+6 
        5933.35      4.12582e+6 
        5938.35      4.12488e+6 
        5943.35      4.12391e+6 
        5948.35      4.12293e+6 
        5953.35      4.12196e+6 
        5958.35      4.12092e+6 
        5963.35      4.11988e+6 
        5968.34      4.11885e+6 
        5973.34      4.11778e+6 
        5978.34      4.11671e+6 
        5983.34      4.11564e+6 
        5988.34      4.11454e+6 
        5993.34      4.11344e+6 
        5998.34      4.11231e+6 
        6003.34      4.11121e+6 
        6008.33      4.11005e+6 
        6013.33      4.10892e+6 
        6018.33      4.10776e+6 
        6023.33      4.10656e+6 
        6028.33       4.1054e+6 
        6033.33      4.10418e+6 
        6038.32      4.10298e+6 
        6043.32      4.10176e+6 
        6048.32      4.10053e+6 
        6053.32      4.09931e+6 
        6058.32      4.09805e+6 
        6063.32      4.09676e+6 
        6068.32      4.09551e+6 
        6073.32      4.09419e+6 
        6078.31       4.0929e+6 
        6083.31      4.09158e+6 
        6088.31      4.09026e+6 
        6093.31      4.08894e+6 
        6098.31      4.08759e+6 
        6103.31      4.08624e+6 
        6108.31      4.08486e+6 
        6113.31       4.0835e+6 
         6118.3      4.08209e+6 
         6123.3      4.08071e+6 
         6128.3       4.0793e+6 
         6133.3      4.07788e+6 
         6138.3      4.07644e+6 
         6143.3      4.07499e+6 
         6148.3      4.07355e+6 
        6153.29      4.07207e+6 
        6158.29      4.07059e+6 
        6163.29      4.06912e+6 
        6168.29      4.06761e+6 
        6173.29       4.0661e+6 
        6178.29      4.06456e+6 
        6183.29      4.06302e+6 
        6188.28      4.06148e+6 
        6193.28      4.05991e+6 
        6198.28      4.05837e+6 
        6203.28      4.05677e+6 
        6208.28       4.0552e+6 
        6213.28       4.0536e+6 
        6218.28      4.05196e+6 
        6223.28      4.05036e+6 
        6228.27      4.04873e+6 
        6233.27      4.04706e+6 
        6238.27       4.0454e+6 
        6243.27      4.04373e+6 
        6244.38      4.04336e+6 
        6248.27      4.04207e+6 
        6252.16      4.04075e+6 
        6253.82      4.04018e+6 
        6256.04      4.03943e+6 
        6258.27      4.03867e+6 
        6262.16      4.03732e+6 
        6262.71      4.03714e+6 
        6263.27      4.03695e+6 
        6264.37      4.03657e+6 
        6264.91      4.03638e+6 
        6266.59      4.03578e+6 
        6268.26      4.03522e+6 
        6269.97      4.03462e+6 
        6271.61      4.03406e+6 
        6273.26      4.03346e+6 
        6274.85      4.03289e+6 
        6276.56       4.0323e+6 
        6278.26       4.0317e+6 
        6280.08      4.03107e+6 
        6281.67      4.03051e+6 
        6283.26      4.02994e+6 
        6284.63      4.02947e+6 
        6286.44      4.02881e+6 
        6288.26      4.02815e+6 
        6290.52      4.02733e+6 
        6291.89      4.02686e+6 
        6293.26      4.02636e+6 
        6293.73       4.0262e+6 
        6295.99      4.02539e+6 
        6298.26      4.02457e+6 
        6302.31      4.02306e+6 
        6302.78       4.0229e+6 
        6303.25      4.02275e+6 
        6303.92       4.0225e+6 
         6304.2      4.02237e+6 
        6306.09      4.02168e+6 
        6308.25      4.02089e+6 
        6311.92      4.01954e+6 
        6312.59      4.01929e+6 
        6313.25      4.01904e+6 
        6314.58      4.01854e+6 
        6316.22      4.01794e+6 
        6317.23      4.01756e+6 
        6317.31      4.01753e+6 
        6318.25      4.01719e+6 
        6320.28       4.0164e+6 
        6323.25       4.0153e+6 
        6328.25      4.01338e+6 
        6333.25      4.01147e+6 
        6338.24      4.00955e+6 
        6343.24      4.00757e+6 
        6348.24      4.00562e+6 
        6353.24      4.00361e+6 
        6358.24       4.0016e+6 
        6363.24      3.99959e+6 
        6368.24      3.99755e+6 
        6373.23      3.99545e+6 
        6378.23      3.99337e+6 
        6383.23      3.99124e+6 
        6388.23       3.9891e+6 
        6393.23       3.9869e+6 
        6398.23       3.9847e+6 
        6403.23      3.98247e+6 
        6408.23      3.98021e+6 
        6413.22      3.97788e+6 
        6418.22      3.97556e+6 
        6423.22      3.97317e+6 
        6428.22      3.97075e+6 
        6433.22      3.96827e+6 
        6438.22      3.96576e+6 
        6443.22      3.96321e+6 
        6448.22      3.96057e+6 
        6453.21       3.9579e+6 
        6458.21      3.95517e+6 
        6463.21      3.95234e+6 
        6468.21      3.94945e+6 
        6473.21       3.9465e+6 
        6478.21      3.94348e+6 
         6483.2      3.94034e+6 
         6488.2      3.93714e+6 
         6493.2      3.93381e+6 
         6498.2      3.93042e+6 
         6503.2       3.9269e+6 
         6508.2      3.92328e+6 
         6513.2      3.91955e+6 
         6518.2      3.91571e+6 
        6523.19      3.91179e+6 
        6523.72      3.91138e+6 
        6528.19       3.9078e+6 
        6532.67      3.90415e+6 
         6536.1      3.90132e+6 
        6537.14      3.90048e+6 
        6537.38      3.90026e+6 
        6538.19       3.8996e+6 
        6540.29      3.89787e+6 
        6543.19      3.89545e+6 
        6546.46      3.89275e+6 
        6546.72      3.89253e+6 
        6548.19      3.89133e+6 
        6549.92      3.88989e+6 
        6553.11      3.88725e+6 
        6554.43      3.88615e+6 
        6556.31      3.88452e+6 
        6556.87      3.88405e+6 
         6557.9       3.8831e+6 
        6558.19      3.88282e+6 
         6559.5      3.88153e+6 
         6560.3      3.88062e+6 
         6561.1      3.87952e+6 
         6561.5      3.87883e+6 
         6561.9      3.87792e+6 
        6562.09      3.87729e+6 
        6562.29      3.87641e+6 
        6562.39      3.87578e+6 
        6562.49       3.8749e+6 
        6562.59      3.87365e+6 
        6562.69      3.87255e+6 
        6562.79      3.87192e+6 
        6562.89      3.87245e+6 
        6562.99      3.87349e+6 
        6563.09      3.87468e+6 
        6563.29        3.876e+6 
        6563.64       3.8771e+6 
        6563.69       3.8772e+6 
        6563.69       3.8772e+6 
        6563.69       3.8772e+6 
        6563.74      3.87729e+6 
        6563.84      3.87748e+6 
        6564.04      3.87776e+6 
        6564.29      3.87801e+6 
        6564.39      3.87811e+6 
        6564.44      3.87814e+6 
        6564.49       3.8782e+6 
        6564.69      3.87833e+6 
        6565.08      3.87855e+6 
        6565.64      3.87877e+6 
        6565.86      3.87886e+6 
        6566.09      3.87892e+6 
        6566.54      3.87902e+6 
        6566.69      3.87905e+6 
        6567.09      3.87914e+6 
        6567.44      3.87918e+6 
        6568.18       3.8793e+6 
        6569.28       3.8794e+6 
        6570.48      3.87949e+6 
        6571.48      3.87952e+6 
        6572.47      3.87958e+6 
        6573.27      3.87962e+6 
        6574.47      3.87965e+6 
        6575.67      3.87968e+6 
        6577.95      3.87974e+6 
        6578.06      3.87974e+6 
        6578.18      3.87977e+6 
        6578.41      3.87977e+6 
        6578.87      3.87977e+6 
        6579.79       3.8798e+6 
        6580.08       3.8798e+6 
        6581.63      3.87987e+6 
        6583.18       3.8799e+6 
        6584.38      3.87993e+6 
        6586.28      3.87999e+6 
        6587.91      3.88002e+6 
        6588.18      3.88006e+6 
        6588.44      3.88006e+6 
        6588.98      3.88006e+6 
        6590.04      3.88009e+6 
        6591.02      3.88012e+6 
        6592.17      3.88012e+6 
        6593.01      3.88015e+6 
        6593.31      3.88015e+6 
        6595.59      3.88018e+6 
        6598.17      3.88018e+6 
        6603.34      3.88015e+6 
        6613.66      3.87977e+6 
         6634.3      3.87754e+6 
        6639.69      3.87666e+6 
        6675.58      3.86827e+6 
        6711.48      3.85674e+6 
        6741.75      3.84559e+6 
        6783.26      3.82885e+6 
        6824.78      3.81107e+6 
        6907.81      3.77371e+6 
        6990.84      3.73447e+6 
         7038.6      3.71129e+6 
        7073.87      3.69388e+6 
        7109.15      3.67632e+6 
        7179.69      3.64104e+6 
        7250.24      3.60513e+6 
        7320.78      3.56869e+6 
        7389.14      3.53329e+6 
        7391.33      3.53212e+6 
        7393.51      3.53096e+6 
        7397.89      3.52867e+6 
        7406.65      3.52411e+6 
        7424.15      3.51494e+6 
        7459.17      3.49656e+6 
         7529.2      3.45952e+6 
        7599.23      3.42223e+6 
        7660.63      3.38931e+6 
        7669.25      3.38466e+6 
        7677.88      3.38004e+6 
        7695.14      3.37083e+6 
        7729.65      3.35242e+6 
        7798.67      3.31551e+6 
        7867.69      3.27844e+6 
        7911.17      3.25507e+6 
        7936.71      3.24131e+6 
        7962.25      3.22755e+6 
        8013.32      3.20021e+6 
        8046.24      3.18259e+6 
         8064.4      3.17288e+6 
        8082.55      3.16318e+6 
        8118.86      3.14382e+6 
        8180.09      3.11119e+6 
        8191.47      3.10513e+6 
        8200.85      3.10014e+6 
        8202.85      3.09907e+6 
        8204.85      3.09801e+6 
        8208.85       3.0959e+6 
        8216.85      3.09166e+6 
        8232.84      3.08319e+6 
        8264.83      3.06632e+6 
        8289.72      3.05317e+6 
        8328.82      3.03251e+6 
        8343.44      3.02479e+6 
        8367.92      3.01189e+6 
        8371.47      3.01003e+6 
        8388.68      3.00101e+6 
        8392.39      2.99907e+6 
        8408.65      2.99056e+6 
        8413.32      2.98812e+6 
        8432.02      2.97834e+6 
        8437.95      2.97524e+6 
        8467.25      2.95994e+6 
        8473.98      2.95644e+6 
        8502.48      2.94158e+6 
        8516.58      2.93424e+6 
        8530.98      2.92675e+6 
        8545.38      2.91933e+6 
        8549.97      2.91696e+6 
        8574.18      2.90449e+6 
        8598.39      2.89205e+6 
         8628.6      2.87654e+6 
        8646.81      2.86721e+6 
        8652.39      2.86435e+6 
        8665.01      2.85788e+6 
        8685.59      2.84737e+6 
        8701.43      2.83928e+6 
        8750.47      2.81431e+6 
        8767.92      2.80545e+6 
        8815.35      2.78142e+6 
        8862.78      2.75772e+6 
        8900.38        2.739e+6 
        8957.65      2.71061e+6 
        9014.91      2.68238e+6 
        9044.62       2.6678e+6 
        9072.17      2.65431e+6 
        9099.72      2.64087e+6 
        9154.81      2.61436e+6 
         9190.8      2.59712e+6 
         9209.9        2.588e+6 
        9229.01       2.5789e+6 
        9267.22      2.56075e+6 
         9303.2      2.54374e+6 
        9343.64       2.5247e+6 
        9384.08      2.50576e+6 
        9464.96      2.46851e+6 
        9545.72      2.43168e+6 
        9545.84      2.43163e+6 
        9545.97      2.43157e+6 
        9546.21      2.43147e+6 
        9546.69      2.43125e+6 
        9546.87      2.43117e+6 
        9547.66      2.43081e+6 
        9549.59      2.42993e+6 
        9553.47      2.42817e+6 
        9561.21      2.42467e+6 
        9576.69      2.41767e+6 
        9607.66       2.4037e+6 
        9668.45      2.37646e+6 
        9729.24       2.3497e+6 
        9790.04      2.32317e+6 
        9850.83      2.29685e+6 
        9870.42      2.28842e+6 
        9911.62      2.27077e+6 
        9952.82      2.25322e+6 
        10021.1      2.22465e+6 
        10035.2      2.21877e+6 
        10049.4      2.21289e+6 
        10077.7      2.20119e+6 
        10134.2      2.17792e+6 
        10144.5      2.17373e+6 
        10190.8      2.15485e+6 
        10237.2       2.1361e+6 
        10329.9      2.09989e+6 
        10422.6      2.06417e+6 
        10515.3      2.02895e+6 
          10608      1.99424e+6 
        10700.7      1.96004e+6 
        10793.4      1.92635e+6 
        10834.1      1.91171e+6 
        10886.1      1.89317e+6 
        10938.1       1.8748e+6 
        10990.1      1.85659e+6 
          11042      1.83854e+6 
          11094      1.82065e+6 
          11146      1.80293e+6 
          11198      1.78537e+6 
          11239      1.77162e+6 
          11250      1.76796e+6 
        11260.9      1.76432e+6 
        11282.8      1.75734e+6 
        11326.6      1.74346e+6 
        11414.2      1.71599e+6 
        11501.8      1.68892e+6 
        11589.4      1.66224e+6 
          11677      1.63595e+6 
        11764.6      1.61006e+6 
        11852.2      1.58456e+6 
        11939.8      1.55945e+6 
        12027.4      1.53472e+6 
          12115      1.51038e+6 
        12120.6      1.50884e+6 
        12202.6      1.48642e+6 
        12284.6      1.46433e+6 
        12366.6      1.44362e+6 
        12448.7      1.42319e+6 
        12530.7      1.40304e+6 
        12612.7      1.38315e+6 
        12694.7      1.36354e+6 
        12735.4      1.35391e+6 
        12776.7      1.34419e+6 
        12818.1      1.33454e+6 
        12900.8      1.31546e+6 
        12983.5      1.29666e+6 
        13066.2      1.27812e+6 
        13148.9      1.25984e+6 
        13154.8      1.25855e+6 
        13231.6      1.24184e+6 
        13308.4      1.22535e+6 
        13385.1       1.2101e+6 
        13461.9      1.19503e+6 
        13538.7      1.18014e+6 
        13615.5      1.16542e+6 
        13692.3      1.15089e+6 
        13769.1      1.13652e+6 
        13845.9      1.12232e+6 
        13922.7      1.10831e+6 
        13999.5      1.09446e+6 
        14076.2      1.08078e+6 
          14153      1.06728e+6 
        14229.8      1.05394e+6 
        14281.2      1.04512e+6 
        14306.6      1.04077e+6 
        14332.1      1.03644e+6 
          14383       1.0282e+6 
        14410.1      1.02382e+6 
        14427.1       1.0211e+6 
        14433.9      1.02001e+6 
        14457.6      1.01621e+6 
        14505.2      1.00873e+6 
        14581.2          996862 
        14583.2          996554 
        14585.2          996243 
        14589.2          995649 
        14597.2          994465 
        14613.2          992096 
        14645.2          987368 
        14709.2          977975 
        14773.2          968657 
        14837.1          959411 
        14901.1          950244 
        14965.1          941149 
        15029.1          932133 
        15093.1          923192 
        15157.1          914326 
          15221          905536 
          15285          896827 
          15349          888191 
          15413          879633 
        15471.6          871864 
          15477          871151 
        15482.4          870438 
        15493.1          868999 
        15514.7          866128 
        15557.9          860410 
        15644.2          849081 
        15730.5          837891 
        15816.8          826839 
        15903.1          815919 
        15989.4          805140 
        16075.8          794499 
        16162.1          783997 
        16248.4          773627 
        16289.9          768688 
        16334.7          763391 
        16379.5          758129 
        16469.1          745547 
        16558.8          733216 
        16648.4          721134 
          16738          709287 
        16827.7          697675 
        16917.3          686297 
        17006.9          675138 
        17096.6          664199 
        17186.2          653476 
        17275.8          642961 
        17327.7          636970 
        17365.5          632651 
        17403.2          628366 
        17478.8          619893 
        17554.3          611555 
        17629.9          603355 
        17705.4          595291 
          17781          587355 
        17856.5          579548 
        17932.1          571864 
        18007.6          564142 
        18083.2          556687 
        18158.7          549348 
        18234.3          542123 
        18309.8          535007 
        18343.7          531847 
        18385.3          528004 
          18427          524190 
        18510.2          516666 
        18593.4          509271 
        18602.1          508504 
        18676.6          502011 
        18751.1          495621 
        18825.6          489388 
        18900.2          483259 
        18974.7          477224 
        19049.2          471283 
        19123.7          465430 
        19198.3          459659 
        19272.8          453970 
        19347.3          448365 
          19393          444966 
        19421.9          442839 
        19450.7          440725 
        19508.3          436534 
        19565.9          432484 
        19623.6          428375 
        19681.2          424316 
        19738.8          420304 
        19796.5          416336 
        19854.1          412416 
        19911.7          408539 
        19969.4          404709 
          20027          400921 
        20084.6          397176 
        20142.3          393475 
        20199.9          389818 
        20257.5          386199 
        20315.2          382624 
        20372.8          379087 
        20386.4          378254 
        20430.4          375590 
        20474.4          372951 
        20562.3          367739 
        20650.3          362615 
        20738.2          357579 
        20826.2          352628 
        20914.1          347762 
        21002.1          342977 
          21090          338274 
        21177.9          333650 
        21265.9          329101 
        21353.8          324630 
        21441.8          320232 
        21529.7          315906 
        21604.7          312277 
        21617.7          311654 
        21630.6          311034 
        21656.5          309797 
        21708.4          307343 
        21760.2          304912 
          21812          302505 
        21863.8          300121 
        21915.7          297760 
        21967.5          295422 
        22019.3          293107 
        22071.1          290813 
          22123          288542 
        22174.8          286292 
        22226.6          284064 
        22278.4          281857 
        22330.3          279671 
        22382.1          277507 
        22433.9          275362 
        22485.8          273238 
        22537.6          271134 
        22589.4          269050 
        22641.2          266986 
        22693.1          264941 
        22702.9          264554 
        22744.9          262915 
        22784.8          261367 
        22786.8          261289 
        22788.8          261212 
        22792.8          261058 
        22800.8          260750 
        22816.8          260135 
        22848.8          258911 
        22912.8          256484 
        22976.8          254084 
        23040.8          251713 
        23104.8          249368 
        23168.7          247050 
        23232.7          244759 
        23296.7          242494 
        23360.7          240255 
        23424.7          238040 
        23488.6          235852 
        23552.6          233687 
        23616.6          231548 
        23680.6          229432 
        23744.6          227340 
        23808.6          225272 
        23872.5          223226 
        23936.5          221204 
        24000.5          219204 
        24064.5          217226 
        24128.5          215271 
        24192.5          213337 
        24256.4          211424 
        24320.4          209533 
        24384.4          207662 
        24448.4          205811 
        24512.4          203982 
        24576.3          202172 
        24640.3          200381 
        24704.3          198611 
        24768.3          196859 
        24832.3          195127 
        24896.3          193413 
        24960.2          191719 
        25004.4          190558 
        25024.2          190042 
          25044          189527 
        25083.6          188502 
        25162.8          186474 
        25241.9          184473 
        25321.1          182498 
        25400.2          180549 
        25479.4          178626 
        25558.5          176728 
        25637.7          174855 
        25716.9          173006 
          25796          171182 
        25875.2          169381 
        25954.3          167603 
        26033.5          165849 
        26112.7          164117 
        26191.8          162407 
          26271          160719 
        26350.1          159053 
        26429.3          157409 
        26508.4          155785 
        26587.6          154182 
        26666.8          152599 
        26745.9          151036 
        26825.1          149493 
        26904.2          147970 
        26983.4          146465 
        27062.6          144980 
        27141.7          143513 
        27142.5          143498 
        27220.9          142064 
        27299.2          140648 
        27377.5          139251 
        27455.8          137871 
        27534.2          136507 
        27612.5          135160 
        27690.8          133830 
        27769.1          132515 
        27847.5          131217 
        27925.8          129934 
        28004.1          128667 
        28082.4          127415 
        28160.8          126178 
        28239.1          124956 
        28317.4          123748 
        28395.7          122555 
          28474          121376 
        28552.4          120211 
        28630.7          119060 
          28709          117922 
        28787.3          116798 
        28865.7          115687 
          28944          114590 
        29022.3          113504 
        29100.6          112432 
          29179          111373 
        29257.3          110325 
        29335.6          109290 
        29413.9          108267 
        29492.3          107256 
        29570.6          106256 
        29648.9          105268 
        29727.2          104291 
        29805.5          103325 
        29883.9          102371 
        29932.6          101782 
        29962.2          101427 
        29991.8          101073 
