# Koester WD models
# teff = 5250 K (value for the effective temperature for the model. Temperatures are given in K)
# logg = 8.5 log(cm/s2) (value for Log(G) for the model.)
#
# column 1: WAVELENGTH (ANGSTROM), Wavelength in Angstrom
# column 2: FLUX (ERG/CM2/S/A), Flux in erg/cm2/s/A
         899.23     0.000729201 
         900.63     0.000765974 
        902.031     0.000804464 
        902.627     0.000821407 
        903.431     0.000844752 
        904.235     0.000868716 
        905.843     0.000918558 
        907.451     0.000971051 
        908.875      0.00101991 
        909.059      0.00102632 
         909.18      0.00103062 
        909.241      0.00103278 
        909.606       0.0010458 
        909.733      0.00105038 
        910.032       0.0010612 
        910.783      0.00108889 
        910.884      0.00109262 
        912.034      0.00113643 
        913.037      0.00117596 
        913.241      0.00118417 
        913.284       0.0011859 
        913.478      0.00119376 
        913.531      0.00119592 
        913.755      0.00120503 
        913.822      0.00120778 
         914.08      0.00121843 
        914.165      0.00122195 
        914.499       0.0012359 
        914.575       0.0012391 
        915.071      0.00126009 
         915.54      0.00128029 
        915.609      0.00128324 
        915.643      0.00128472 
        915.677       0.0012862 
        915.741      0.00128899 
        915.813      0.00129214 
        916.085      0.00130409 
        916.429      0.00131936 
        916.858      0.00133858 
        917.118      0.00135038 
        917.196      0.00135394 
        917.378      0.00136228 
        917.899      0.00138638 
        917.952      0.00138886 
        918.287      0.00140462 
        918.602      0.00141954 
        919.251      0.00145085 
        920.215      0.00149849 
        921.882      0.00158431 
        921.999      0.00159051 
        922.143      0.00159818 
        922.405      0.00161215 
         922.81      0.00163406 
        923.621      0.00167865 
        925.001       0.0017573 
        925.242      0.00177142 
        925.484      0.00178562 
        925.564      0.00179035 
        925.966      0.00181424 
        926.164      0.00182593 
        926.369        0.001838 
        927.173      0.00188625 
        927.276      0.00189247 
        928.182      0.00194845 
        928.917      0.00199621 
         928.98      0.00200053 
        929.089      0.00200816 
        929.261      0.00202041 
        929.317      0.00202442 
        929.543       0.0020406 
        929.655      0.00204833 
        929.769      0.00205603 
        929.827      0.00205994 
        929.883      0.00206372 
         929.91      0.00206555 
        929.939      0.00206751 
        929.954      0.00206853 
        929.968      0.00206948 
        929.982      0.00207043 
        929.996      0.00207138 
         930.01      0.00207233 
        930.024      0.00207328 
        930.038      0.00207423 
        930.052      0.00207518 
        930.081      0.00207715 
        930.137      0.00208097 
        930.201      0.00208533 
        930.247      0.00208847 
        930.249      0.00208861 
        930.251      0.00208875 
        930.301      0.00209217 
        930.326       0.0020938 
        930.329        0.002094 
        930.402      0.00209894 
        930.478      0.00210392 
         930.63      0.00211324 
        930.931      0.00213007 
        931.229      0.00214626 
        931.534      0.00216324 
        931.838      0.00218064 
        932.142      0.00218888 
        932.447      0.00220339 
        932.707      0.00221824 
        932.751      0.00222093 
        933.055      0.00224048 
        933.265      0.00225479 
        933.403       0.0022645 
        933.432      0.00226652 
        933.542      0.00227453 
        933.652      0.00228265 
        933.872      0.00229916 
        933.973      0.00230691 
        934.073      0.00231472 
        934.312      0.00233391 
        934.316      0.00233424 
        934.652      0.00236251 
        934.773        0.002373 
         935.23      0.00241581 
        935.687      0.00246421 
        936.144      0.00251777 
        936.372      0.00254392 
        936.601      0.00256655 
        936.714      0.00257627 
        936.829      0.00258586 
        936.887       0.0025907 
        936.944      0.00259547 
        936.973       0.0025979 
        937.001      0.00260024 
        937.015      0.00260141 
        937.029      0.00260259 
        937.043      0.00260376 
        937.058      0.00260502 
        937.072       0.0026062 
        937.086      0.00260737 
        937.101      0.00260863 
        937.115      0.00260981 
        937.143      0.00261217 
          937.2      0.00261697 
        937.314       0.0026266 
        937.493      0.00264163 
        937.542      0.00264558 
        937.593      0.00264948 
        937.694      0.00265642 
        937.788      0.00266206 
        937.894      0.00266774 
            938      0.00267265 
        938.212      0.00268197 
        938.359      0.00268822 
        938.556      0.00269767 
        938.636       0.0027017 
        938.914      0.00271695 
        939.271      0.00273996 
        939.986      0.00279333 
         940.58      0.00284302 
         940.66      0.00284997 
        940.675      0.00285128 
          940.7      0.00285346 
         940.74      0.00285697 
        940.787      0.00286113 
        940.901      0.00287121 
        941.221      0.00290034 
        941.861      0.00296056 
        941.918      0.00296594 
        943.048      0.00307699 
        943.457      0.00312175 
        944.178      0.00319607 
        944.382      0.00321693 
        945.308      0.00331218 
         945.77       0.0033621 
        946.233      0.00341541 
        946.696      0.00347344 
        947.158      0.00353948 
        947.621      0.00361211 
        948.083      0.00368792 
        948.314      0.00372257 
        948.546      0.00375254 
        948.661      0.00376624 
        948.777      0.00377996 
        948.835      0.00378688 
        948.893      0.00379376 
        948.922      0.00379721 
        948.951      0.00380067 
        948.966      0.00380246 
         948.98      0.00380412 
        948.994      0.00380579 
        949.009      0.00380758 
        949.023      0.00380924 
        949.037      0.00381094 
        949.052      0.00381273 
        949.066       0.0038144 
        949.095      0.00381785 
        949.153      0.00382483 
         949.23      0.00383406 
        949.258      0.00383742 
        949.269      0.00383874 
         949.28      0.00384006 
         949.33      0.00384609 
         949.36      0.00384971 
         949.43      0.00385813 
          949.5      0.00386645 
         949.64      0.00388222 
        949.795      0.00389752 
        949.879      0.00390481 
        949.921      0.00390833 
        949.963      0.00391157 
        950.047      0.00391775 
        950.131      0.00392366 
        950.467      0.00394631 
        950.888      0.00397763 
        951.308      0.00401392 
        951.728      0.00405784 
        952.149        0.004107 
          952.4      0.00413886 
        952.569       0.0041611 
        952.738      0.00418397 
        953.076      0.00423169 
        953.753      0.00433276 
        954.198      0.00440338 
         954.43      0.00444052 
        955.106      0.00455132 
        956.014      0.00470526 
         956.37      0.00476661 
         957.83      0.00501907 
        958.148       0.0050759 
        959.289      0.00528064 
         960.43       0.0054911 
        961.192      0.00563316 
        962.712      0.00592087 
        963.468      0.00606855 
        964.231      0.00622004 
         965.75      0.00652836 
        966.767      0.00674148 
        968.032      0.00701235 
        968.668      0.00715055 
        968.979      0.00721863 
        969.297      0.00728824 
        969.453      0.00732217 
        969.927      0.00742412 
          970.4      0.00751934 
        970.638      0.00755908 
        970.874      0.00758663 
        970.992      0.00759131 
         971.11      0.00758632 
         971.23      0.00756279 
        971.348       0.0075161 
        971.535      0.00743464 
        971.567      0.00743508 
        971.584      0.00744005 
        971.635      0.00747435 
        971.644      0.00748428 
        971.703      0.00756351 
        971.732      0.00760171 
        971.762      0.00762553 
        971.778      0.00763112 
        971.792      0.00763445 
        971.806      0.00763765 
        971.821      0.00764104 
        971.827      0.00764243 
        971.833      0.00764378 
        971.836      0.00764447 
        971.839      0.00764516 
        971.851      0.00764789 
        971.866      0.00765132 
         971.88      0.00765449 
         971.91      0.00766033 
        971.969      0.00763118 
        972.037      0.00756973 
        972.087      0.00755412 
        972.137      0.00756753 
         972.15      0.00757447 
        972.237      0.00764686 
        972.324      0.00773369 
        972.499      0.00787905 
        972.548      0.00791232 
        972.673      0.00798002 
        972.798      0.00803613 
        972.923       0.0080847 
        973.173      0.00816836 
        973.423      0.00824307 
        973.601      0.00829302 
        973.673      0.00831291 
        973.746      0.00833263 
        973.869      0.00836606 
         973.89      0.00837178 
        974.178        0.008449 
        974.754      0.00860099 
        975.518      0.00880384 
         975.64      0.00883658 
        977.411      0.00932035 
        979.305      0.00985939 
        981.198       0.0104247 
         982.26        0.010754 
        983.092       0.0110182 
        983.923       0.0112883 
        984.555       0.0114974 
        985.587       0.0118469 
        986.618       0.0122062 
        988.051       0.0127219 
        988.682       0.0129552 
        989.312       0.0131926 
        990.573       0.0136797 
         992.31       0.0143774 
         992.45       0.0144351 
        993.095        0.014703 
         993.88       0.0150349 
         993.95       0.0150648 
        995.449       0.0157192 
        996.948       0.0163994 
        997.574       0.0166916 
        997.806        0.016801 
        998.447       0.0171064 
        999.319       0.0175308 
        999.435        0.017588 
        1001.06       0.0184079 
        1002.69       0.0192625 
        1004.32       0.0201533 
        1005.84       0.0210146 
        1005.95        0.021082 
        1007.58       0.0220498 
        1009.33       0.0231318 
        1011.07       0.0242622 
         1011.3       0.0244164 
        1012.82       0.0254431 
        1014.33       0.0265097 
        1015.38       0.0272735 
        1015.84       0.0276185 
        1017.36       0.0287684 
        1017.62       0.0289756 
        1019.05       0.0301058 
        1019.33       0.0303369 
        1021.04       0.0317489 
        1022.04       0.0325846 
        1022.54       0.0329883 
        1023.04        0.033386 
        1023.29       0.0335767 
        1023.54       0.0337234 
        1023.79       0.0338488 
        1023.99       0.0338833 
        1024.04       0.0338858 
        1024.09       0.0338814 
        1024.19       0.0338541 
        1024.24       0.0338302 
        1024.39       0.0337008 
        1024.54       0.0334564 
        1024.59       0.0333599 
        1024.69       0.0332013 
        1024.79       0.0332377 
        1024.85       0.0334303 
        1024.87       0.0335104 
        1024.89       0.0336286 
        1024.91        0.033757 
        1024.95       0.0339107 
        1024.98       0.0340021 
        1024.99       0.0340238 
        1025.01       0.0340395 
        1025.03       0.0340539 
        1025.04       0.0340674 
        1025.06       0.0340819 
        1025.07       0.0340963 
        1025.09       0.0341098 
         1025.1       0.0341243 
        1025.13       0.0341519 
         1025.2       0.0340966 
        1025.27       0.0338368 
        1025.32       0.0337307 
        1025.37       0.0337313 
        1025.47       0.0339597 
        1025.52       0.0341394 
        1025.57       0.0343298 
        1025.62        0.034523 
        1025.72       0.0348742 
        1025.77       0.0350278 
        1025.92       0.0354186 
        1026.07       0.0357372 
        1026.22       0.0360058 
        1026.52       0.0364576 
        1026.56       0.0365166 
        1026.82       0.0368477 
        1027.07       0.0371336 
        1027.58       0.0376834 
        1028.11       0.0382571 
        1028.59       0.0387603 
         1028.8       0.0389774 
        1029.07       0.0392599 
        1029.34       0.0395435 
        1029.88       0.0401147 
        1030.96       0.0412771 
        1033.08       0.0436264 
        1033.13       0.0436857 
        1033.19       0.0437448 
        1033.23       0.0437938 
        1033.29       0.0438635 
         1033.5        0.044102 
        1033.91        0.044582 
        1034.75       0.0455562 
        1036.27        0.047384 
        1037.78       0.0492781 
        1039.17       0.0510713 
        1039.26       0.0511841 
         1039.3       0.0512406 
        1039.34       0.0512975 
         1039.5       0.0515086 
        1039.52       0.0515246 
        1039.86       0.0519817 
        1040.55       0.0529069 
        1041.92       0.0548029 
        1044.35       0.0582891 
        1046.77       0.0619777 
        1049.03       0.0656147 
        1049.19       0.0658795 
        1049.35        0.066145 
        1049.67       0.0666797 
        1050.31       0.0677607 
        1051.59       0.0699708 
        1053.95       0.0742201 
        1054.15       0.0745908 
        1054.35       0.0749634 
        1054.75       0.0757133 
        1054.95       0.0760909 
        1055.55       0.0772342 
        1057.15       0.0803597 
        1059.36       0.0848472 
        1061.56       0.0895624 
        1063.16       0.0931397 
        1063.76       0.0945139 
        1064.36       0.0959065 
        1065.56       0.0987481 
        1066.56        0.101174 
        1067.96        0.104662 
        1069.36         0.10826 
        1069.96        0.109838 
        1072.16        0.115805 
        1074.36        0.122068 
        1076.56        0.128638 
        1078.16        0.133617 
        1078.69        0.135285 
        1078.76         0.13553 
        1078.98        0.136225 
        1079.36        0.137468 
        1080.57        0.141415 
        1080.71        0.141903 
        1082.44        0.147793 
        1084.17        0.153902 
         1085.9        0.160241 
        1087.64        0.166817 
        1089.32        0.173441 
        1089.37        0.173638 
        1089.42        0.173843 
        1089.52        0.174246 
        1089.72        0.175054 
        1090.12        0.176681 
        1090.67         0.17894 
        1090.92        0.179976 
        1092.52        0.186736 
        1094.37        0.194839 
        1096.22        0.203262 
        1096.77        0.205829 
        1098.07        0.212015 
        1099.37        0.218371 
        1099.57        0.219362 
        1101.97        0.231585 
        1104.37        0.244433 
        1106.78        0.257931 
        1108.98        0.270898 
        1109.18        0.272105 
        1109.38        0.273318 
        1109.78        0.275764 
        1109.98        0.276994 
        1110.58        0.280715 
        1112.18        0.290862 
        1114.38        0.305359 
        1116.58        0.320512 
        1118.18        0.331956 
        1118.68        0.335638 
        1118.78        0.336345 
        1119.38        0.340784 
        1120.08        0.345999 
        1121.47        0.356652 
        1123.78        0.374974 
        1124.25        0.378854 
        1124.73        0.382769 
        1125.68        0.390701 
        1125.79        0.391612 
        1127.08        0.402573 
        1127.59        0.407022 
        1127.85         0.40928 
        1129.38        0.422975 
        1129.77        0.426465 
        1131.69        0.444303 
        1133.62        0.462813 
        1135.54        0.482027 
        1137.46        0.501954 
        1139.39        0.522623 
        1141.31        0.544055 
        1142.08        0.552839 
        1143.23        0.566263 
           1144         0.57538 
        1144.39        0.579969 
         1146.7        0.608215 
        1149.39        0.642547 
        1149.77        0.647561 
        1152.08        0.678418 
        1154.39        0.710427 
         1156.7        0.743386 
        1158.62         0.77161 
           1159        0.777164 
        1159.01        0.777283 
        1159.39        0.782989 
        1160.16        0.794455 
         1161.7        0.817647 
        1164.39        0.858937 
        1169.39        0.937288 
         1171.9        0.977148 
         1174.4         1.01893 
        1175.65         1.04152 
         1176.9         1.06568 
        1177.86         1.08538 
        1178.15         1.09142 
         1179.4         1.11847 
        1180.94          1.1532 
        1182.86         1.19854 
        1184.01         1.22645 
        1185.17         1.25481 
        1185.56         1.26447 
        1187.48          1.3131 
         1189.4         1.36322 
        1191.32         1.41503 
        1192.09         1.43617 
        1193.24         1.46888 
        1194.03         1.49155 
         1194.4          1.5022 
        1196.72         1.57073 
         1196.9         1.57627 
         1199.4         1.65321 
         1201.9         1.73432 
         1204.4         1.82107 
         1206.9          1.9131 
        1208.48         1.97329 
         1209.4         2.00897 
        1210.33         2.04494 
        1211.64         2.09641 
        1212.16         2.11693 
        1212.69         2.13749 
        1213.61         2.17383 
        1213.74         2.17905 
        1213.81         2.18156 
        1213.88         2.18427 
        1214.14         2.19475 
        1214.17         2.19612 
        1214.47         2.20802 
        1214.62         2.21399 
        1214.76         2.21998 
        1214.84         2.22298 
        1214.91         2.22598 
        1214.95         2.22749 
        1214.98         2.22899 
           1215         2.22976 
        1215.02          2.2305 
        1215.04         2.23123 
        1215.06           2.232 
        1215.08         2.23274 
         1215.1         2.23347 
        1215.11         2.23424 
        1215.13         2.23498 
        1215.17         2.23648 
        1215.24          2.2395 
        1215.39         2.24555 
        1215.64         2.25564 
        1215.69          2.2577 
        1215.74         2.25976 
         1215.8         2.26214 
        1215.84         2.26388 
        1216.04         2.27213 
        1216.06         2.27325 
        1216.28         2.28217 
        1216.76         2.30235 
        1217.46         2.33177 
        1218.32         2.36801 
        1218.86         2.39117 
        1218.98         2.39637 
        1219.41         2.41398 
        1219.83         2.43122 
         1220.1         2.44235 
        1220.67         2.46507 
        1222.36         2.53174 
        1224.62         2.62435 
        1226.88         2.72375 
        1228.86         2.81703 
        1229.13         2.83043 
        1229.41         2.84381 
        1229.74         2.86012 
        1229.96         2.87095 
        1230.18         2.88177 
        1230.62         2.90371 
        1231.49         2.94825 
        1231.69         2.95865 
        1233.24         3.03976 
        1234.79         3.12318 
        1236.38          3.2108 
        1237.89         3.29679 
        1239.41         3.38497 
        1240.47         3.44784 
        1242.44         3.56772 
        1244.41         3.69162 
        1247.29          3.8799 
        1248.35         3.95134 
        1248.65         3.97176 
        1249.41         4.02394 
        1251.53         4.17273 
        1251.91          4.1999 
        1254.41         4.38277 
        1256.91          4.5729 
        1259.41         4.77007 
        1261.91         4.97619 
        1264.41         5.19214 
        1266.91         5.41944 
        1269.41         5.65782 
        1271.91         5.90723 
        1274.41         6.16877 
        1276.91         6.43844 
        1279.42         6.71946 
        1281.92         7.00918 
        1284.42         7.30863 
        1286.92         7.61833 
        1289.42          7.9388 
        1291.92         8.26704 
        1294.42         8.60686 
        1296.92          8.9586 
        1299.42         9.32299 
        1301.92         9.70425 
        1304.42         10.0989 
        1306.92         10.5057 
        1309.42         10.9267 
        1311.92         11.3587 
        1314.42          11.805 
        1316.92         12.2672 
        1319.42         12.7462 
        1321.92         13.2418 
        1324.42         13.7552 
        1326.92         14.2907 
        1329.42         14.8444 
        1334.42          15.995 
        1339.42         17.2188 
        1341.92         17.8593 
        1344.42         18.5208 
        1346.92          19.211 
        1349.42         19.9248 
        1354.42         21.4234 
        1359.42         23.0219 
        1364.42         24.7051 
        1365.19          24.972 
        1369.42         26.4861 
        1373.65         28.0849 
        1376.35         29.1547 
        1377.88         29.7816 
        1379.42         30.4207 
        1380.57         30.9073 
         1382.5         31.7351 
        1384.42         32.5837 
        1387.12         33.8067 
        1388.27         34.3417 
        1389.03         34.6986 
        1389.42         34.8839 
        1391.73         35.9913 
        1394.42         37.3205 
        1399.42         39.8765 
        1404.42         42.5846 
        1409.42         45.4579 
        1414.42          48.521 
        1419.42         51.7879 
        1424.42          55.232 
        1429.42         58.8646 
        1434.42         62.6647 
        1439.42         66.6596 
        1444.42         70.8602 
        1449.42         75.3307 
        1454.42         80.0936 
        1459.42         85.1265 
        1464.42         90.4631 
        1465.96         92.1696 
        1469.42         96.1001 
        1472.88         100.144 
        1473.27         100.594 
        1474.42         101.961 
        1476.35         104.273 
        1479.42         108.042 
        1484.42         114.414 
        1489.42         121.098 
        1494.42          128.06 
        1499.42         135.396 
        1504.42          143.22 
        1509.42         151.506 
        1514.42         160.242 
        1519.42         169.464 
        1524.42          179.24 
        1529.42         189.522 
        1534.42         200.196 
        1539.42         211.187 
        1544.42         222.593 
        1549.42         234.448 
        1554.42         246.635 
        1559.42         259.101 
        1564.42         272.014 
        1566.72         278.225 
        1569.42         285.668 
        1570.19         287.836 
        1572.11         293.339 
        1574.41         300.067 
         1574.8         301.205 
        1579.41         315.193 
        1584.41         330.986 
        1589.41         347.454 
        1594.41         364.667 
        1599.41         382.844 
        1604.41         401.873 
        1609.41         422.126 
        1614.41         443.605 
        1619.41         466.435 
        1624.41         490.736 
        1629.41         516.575 
        1634.41         543.737 
        1639.41         572.235 
        1644.41         601.502 
        1649.41         631.306 
        1654.41          661.55 
        1659.41         692.734 
        1664.41         724.549 
        1665.56         732.057 
         1669.4         757.589 
        1670.17         762.744 
        1673.25         783.651 
         1674.4         791.647 
        1676.33         805.105 
         1679.4         827.194 
         1684.4         864.152 
         1689.4         902.426 
         1694.4         942.355 
         1699.4         984.054 
         1704.4         1027.45 
         1709.4          1072.5 
         1714.4          1119.5 
         1719.4         1168.24 
         1724.4         1218.85 
         1729.4         1271.41 
         1734.4         1325.75 
         1739.4         1381.69 
         1744.4         1439.51 
        1749.39         1498.72 
        1754.39         1559.98 
        1759.39         1623.15 
        1764.39         1688.44 
        1767.08          1724.5 
        1767.85         1734.93 
        1769.39         1755.92 
         1771.7         1787.89 
        1774.39         1825.91 
        1775.55         1842.42 
        1779.39         1898.36 
        1784.39         1973.85 
        1789.39         2051.93 
        1794.39         2132.04 
        1799.39         2214.79 
        1809.39          2387.6 
        1819.38         2571.57 
           1824         2660.14 
        1829.38         2766.67 
        1834.77         2876.71 
        1840.15         2989.97 
        1845.54         3106.92 
        1850.92         3228.05 
         1856.3         3354.06 
           1864         3539.95 
        1867.07         3616.19 
        1870.14         3693.79 
        1876.29         3854.36 
        1882.44         4020.74 
        1888.59         4193.05 
        1894.73         4371.49 
        1900.88         4556.19 
        1906.98         4745.88 
        1907.03         4747.39 
        1913.17         4945.18 
        1919.37         5151.36 
        1925.56         5362.64 
        1931.76         5582.04 
        1937.95         5814.59 
        1944.14         6048.67 
        1944.47         6061.26 
        1950.34         6296.95 
        1956.53         6546.17 
        1968.59         7054.23 
        1980.65         7593.39 
        1992.71         8165.34 
        2004.77         8771.83 
        2015.84         9360.41 
        2016.83         9414.38 
        2017.81          9468.6 
        2019.79         9578.28 
        2023.73         9803.65 
        2031.63           10264 
        2039.52         10733.7 
        2047.42         11220.3 
        2055.31         11724.5 
        2059.38         11991.2 
         2063.2         12246.6 
        2067.03         12506.3 
        2074.69           13042 
        2082.34           13596 
        2089.99         14168.4 
        2094.36           14503 
        2097.65           14760 
         2105.3         15370.8 
        2116.25         16279.4 
         2127.2         17231.4 
        2132.72         17732.8 
        2138.15         18239.8 
         2149.1         19279.2 
        2157.29         20084.6 
        2165.47         20916.6 
        2173.66         21774.1 
        2181.85         22658.9 
        2198.22         24512.7 
         2214.5         26471.3 
         2214.6         26483.3 
         2214.7         26495.3 
        2214.74           26501 
        2214.89         26519.3 
        2215.28         26567.2 
        2216.05         26663.3 
         2217.6         26856.2 
        2220.71         27242.8 
        2226.91         28028.4 
        2227.03         28043.7 
        2239.33         29650.9 
        2251.62         31320.7 
        2263.91         33066.8 
        2276.21         34941.7 
         2288.5         36869.1 
        2300.79         38870.9 
        2312.95         40948.1 
        2313.04         40964.5 
        2313.09         40972.7 
        2313.13         40980.8 
        2313.32         41012.9 
         2313.7           41077 
        2314.45         41205.4 
        2315.95         41463.1 
        2318.95           41982 
        2324.96         43033.9 
        2336.98         45218.5 
           2349         47510.3 
        2359.67         49619.9 
        2361.01         49890.1 
        2362.35         50166.8 
        2365.04         50724.5 
         2370.4         51855.1 
        2381.12           54179 
        2391.85           56587 
        2395.88         57541.4 
        2402.58         59167.2 
        2409.27         60833.8 
        2415.97         62548.5 
        2422.67           64315 
        2429.36         66196.2 
        2436.06         68124.2 
        2442.71         70105.6 
        2449.45           72179 
        2451.59         72852.3 
        2456.19         74329.8 
        2460.79         75969.4 
        2465.39           77624 
        2474.59         81076.3 
        2475.96         81607.6 
        2483.79         84755.1 
        2484.47         85039.1 
        2492.99         88705.7 
        2494.85           89547 
         2501.5         92661.9 
        2510.01         96899.6 
        2510.94         97360.2 
        2518.99          101391 
        2527.04          105560 
        2535.09          109983 
        2543.14          114641 
        2551.18          119440 
        2555.21          121898 
        2559.23          124395 
        2563.26          127152 
        2567.28          129998 
         2571.3          132933 
        2575.33          135921 
        2579.35          138961 
         2587.4          145203 
        2595.45          151640 
         2603.5          158322 
        2611.55          165243 
        2619.59          172478 
        2627.64          179966 
        2635.69          187648 
         2645.9          197753 
        2651.78          203758 
        2657.67          209897 
        2663.55          215309 
        2669.44          220774 
        2681.21          231858 
        2704.75          254664 
        2728.28          278362 
        2747.54          298383 
        2751.82          302929 
        2756.11          307509 
        2764.68          317210 
        2781.82          337137 
        2798.96          358000 
         2816.1          379627 
        2833.24          401995 
        2846.21          419428 
        2850.38          425123 
        2854.55          430863 
        2862.88          443414 
        2871.22          456203 
         2887.9          482523 
        2889.52          485131 
        2904.57          510019 
        2905.38          511382 
        2921.25          538576 
        2937.12          566684 
        2952.93          595621 
        2952.98          595712 
        2953.03          595800 
        2953.13          595979 
        2953.33          596334 
        2953.73          597044 
        2954.53          598464 
        2956.13          601313 
        2959.33          607034 
        2965.73          618576 
        2978.53          642063 
        3004.12          690597 
        3008.01          698153 
        3029.71          741199 
        3040.57          763313 
        3051.42          785825 
        3062.27          811643 
        3073.13          838183 
        3083.98          865355 
        3105.69          921338 
        3127.39          979492 
        3148.34      1.03766e+6 
         3149.1      1.03979e+6 
        3149.86      1.04193e+6 
        3151.37      1.04667e+6 
         3154.4      1.05617e+6 
        3160.45      1.07533e+6 
        3172.56      1.11424e+6 
        3196.78      1.19462e+6 
           3221      1.27889e+6 
        3242.14       1.3555e+6 
        3245.22      1.36688e+6 
        3248.29       1.3783e+6 
        3248.39      1.37858e+6 
        3254.45      1.39551e+6 
        3260.61      1.41281e+6 
        3272.93      1.44769e+6 
        3297.56      1.51856e+6 
        3322.14       1.5907e+6 
        3346.73      1.66419e+6 
        3371.32       1.7408e+6 
         3395.8      1.81841e+6 
         3395.9      1.81873e+6 
        3420.48      1.89789e+6 
        3445.17      1.97854e+6 
        3445.47      1.97952e+6 
        3494.53      2.14217e+6 
        3495.92      2.14681e+6 
         3543.6      2.30836e+6 
        3591.28      2.47292e+6 
        3635.88      2.62911e+6 
        3638.96      2.63995e+6 
        3642.04        2.651e+6 
        3643.12      2.65488e+6 
        3645.12      2.66204e+6 
        3645.28      2.66262e+6 
        3647.12      2.66922e+6 
        3648.96      2.67582e+6 
        3651.32      2.68428e+6 
        3652.64      2.68901e+6 
        3653.96      2.69375e+6 
        3654.24      2.69475e+6 
         3656.6      2.70321e+6 
        3658.96      2.71166e+6 
         3663.4      2.72756e+6 
        3663.68      2.72856e+6 
        3663.96      2.72957e+6 
        3664.52      2.73157e+6 
        3665.64      2.73557e+6 
         3666.8      2.73972e+6 
        3667.88      2.74359e+6 
        3668.28      2.74502e+6 
        3668.95      2.74745e+6 
        3671.11      2.75517e+6 
        3673.95      2.76533e+6 
         3675.2      2.76979e+6 
        3678.95      2.78319e+6 
        3682.58      2.79615e+6 
         3682.7      2.79658e+6 
        3682.82      2.79701e+6 
        3683.06      2.79786e+6 
        3683.18      2.79828e+6 
        3683.54      2.79957e+6 
         3684.5      2.80299e+6 
        3684.82      2.80413e+6 
        3685.83      2.80772e+6 
        3686.83       2.8113e+6 
        3688.74      2.81811e+6 
        3688.85      2.81848e+6 
        3688.94      2.81881e+6 
        3688.95      2.81885e+6 
        3689.16      2.81959e+6 
        3689.38      2.82037e+6 
        3689.73      2.82163e+6 
        3689.82      2.82193e+6 
         3689.9      2.82224e+6 
        3690.07      2.82284e+6 
        3690.41      2.82405e+6 
        3690.62      2.82482e+6 
        3691.09      2.82647e+6 
        3691.47      2.82782e+6 
        3691.55      2.82813e+6 
         3691.7      2.82865e+6 
        3692.48      2.83144e+6 
         3693.5      2.83505e+6 
         3694.4      2.83825e+6 
         3695.3      2.84145e+6 
        3695.81      2.84327e+6 
         3696.2      2.84465e+6 
        3696.53      2.84582e+6 
        3696.59      2.84604e+6 
        3696.65      2.84625e+6 
        3696.67      2.84632e+6 
        3696.76      2.84665e+6 
        3696.77      2.84669e+6 
        3696.87      2.84705e+6 
        3696.93      2.84726e+6 
        3696.99      2.84745e+6 
        3697.04      2.84765e+6 
         3697.1      2.84785e+6 
        3697.15      2.84805e+6 
        3697.21      2.84825e+6 
        3697.26      2.84845e+6 
        3697.32      2.84865e+6 
        3697.35      2.84874e+6 
        3697.41      2.84895e+6 
        3697.43      2.84905e+6 
        3697.46      2.84915e+6 
         3697.5      2.84928e+6 
        3697.53      2.84939e+6 
        3697.58      2.84957e+6 
        3697.66      2.84985e+6 
        3697.82      2.85042e+6 
        3698.11      2.85145e+6 
        3698.43      2.85259e+6 
        3698.69      2.85351e+6 
        3698.89      2.85422e+6 
        3698.95      2.85443e+6 
        3699.01      2.85465e+6 
        3699.13      2.85508e+6 
        3699.37      2.85595e+6 
        3699.53      2.85651e+6 
        3699.86      2.85768e+6 
        3699.88      2.85774e+6 
        3700.19      2.85885e+6 
         3700.2      2.85887e+6 
         3700.5      2.85996e+6 
        3700.81      2.86104e+6 
        3700.84      2.86116e+6 
        3701.09      2.86205e+6 
        3701.42      2.86321e+6 
        3701.99      2.86525e+6 
        3702.44      2.86685e+6 
        3702.89      2.86846e+6 
        3703.12      2.86926e+6 
        3703.35      2.87006e+6 
        3703.46      2.87045e+6 
        3703.57      2.87085e+6 
        3703.63      2.87106e+6 
        3703.68      2.87126e+6 
        3703.74      2.87145e+6 
         3703.8      2.87165e+6 
        3703.85      2.87185e+6 
        3703.91      2.87205e+6 
        3703.97      2.87225e+6 
        3704.02      2.87246e+6 
        3704.09      2.87268e+6 
        3704.13      2.87285e+6 
        3704.18      2.87303e+6 
        3704.21      2.87312e+6 
        3704.22      2.87317e+6 
        3704.28      2.87339e+6 
        3704.31      2.87349e+6 
        3704.36      2.87366e+6 
        3704.41      2.87382e+6 
        3704.49      2.87412e+6 
        3704.57      2.87439e+6 
        3704.59      2.87447e+6 
        3704.69      2.87482e+6 
        3704.81      2.87525e+6 
        3705.05      2.87612e+6 
        3705.37      2.87725e+6 
        3705.54      2.87785e+6 
        3705.71      2.87845e+6 
        3706.05      2.87966e+6 
        3706.07      2.87973e+6 
        3706.73      2.88207e+6 
        3707.27      2.88397e+6 
        3707.39      2.88441e+6 
        3707.51      2.88485e+6 
        3707.61       2.8852e+6 
        3707.76      2.88573e+6 
        3707.91      2.88625e+6 
        3708.12      2.88698e+6 
        3708.21      2.88731e+6 
         3708.3      2.88764e+6 
        3708.49      2.88829e+6 
        3708.76      2.88927e+6 
        3708.85      2.88959e+6 
        3708.87      2.88966e+6 
        3708.95      2.88991e+6 
        3709.13      2.89056e+6 
        3709.21      2.89084e+6 
        3709.49      2.89185e+6 
        3710.11      2.89403e+6 
         3710.9      2.89684e+6 
        3711.01      2.89722e+6 
        3711.12      2.89761e+6 
        3711.21      2.89794e+6 
        3711.32      2.89833e+6 
        3711.34      2.89838e+6 
        3711.46      2.89882e+6 
        3711.52      2.89901e+6 
        3711.58      2.89922e+6 
         3711.6      2.89931e+6 
        3711.69      2.89962e+6 
        3711.75      2.89982e+6 
         3711.8      2.90002e+6 
        3711.86      2.90021e+6 
        3711.91      2.90042e+6 
        3711.97      2.90061e+6 
        3712.03      2.90081e+6 
        3712.08      2.90101e+6 
        3712.14      2.90121e+6 
         3712.2      2.90143e+6 
        3712.25      2.90161e+6 
         3712.3      2.90179e+6 
        3712.33      2.90187e+6 
        3712.33      2.90189e+6 
         3712.4      2.90214e+6 
        3712.48      2.90241e+6 
        3712.63      2.90295e+6 
        3712.93      2.90401e+6 
        3713.23      2.90506e+6 
        3713.53      2.90612e+6 
        3713.83       2.9072e+6 
        3714.24      2.90864e+6 
        3714.42      2.90927e+6 
        3714.44      2.90933e+6 
        3714.64      2.91003e+6 
        3715.03      2.91142e+6 
        3715.64      2.91357e+6 
        3716.76      2.91754e+6 
        3716.79      2.91763e+6 
        3716.86      2.91788e+6 
        3716.95      2.91821e+6 
        3717.14      2.91888e+6 
        3717.52      2.92022e+6 
        3718.19      2.92257e+6 
        3718.26      2.92282e+6 
        3718.33      2.92306e+6 
        3718.47      2.92355e+6 
        3718.56      2.92386e+6 
        3718.63      2.92413e+6 
        3718.73      2.92449e+6 
        3718.75      2.92454e+6 
        3718.94      2.92522e+6 
        3719.25      2.92632e+6 
        3719.47       2.9271e+6 
        3719.77      2.92815e+6 
        3720.07       2.9292e+6 
        3720.36       2.9301e+6 
        3720.52      2.93063e+6 
        3720.67      2.93108e+6 
        3720.98      2.93206e+6 
         3721.2      2.93274e+6 
        3721.43      2.93342e+6 
        3721.54      2.93375e+6 
        3721.66      2.93409e+6 
        3721.71      2.93426e+6 
        3721.77      2.93443e+6 
        3721.82       2.9346e+6 
        3721.88      2.93476e+6 
        3721.94      2.93493e+6 
        3721.99       2.9351e+6 
        3722.05      2.93527e+6 
        3722.11      2.93544e+6 
        3722.22      2.93578e+6 
         3722.4      2.93631e+6 
        3722.45      2.93646e+6 
         3722.5      2.93661e+6 
         3722.6      2.93691e+6 
         3722.7      2.93719e+6 
         3722.8       2.9375e+6 
         3722.9      2.93781e+6 
        3723.11      2.93842e+6 
        3723.23      2.93879e+6 
        3723.52      2.93965e+6 
        3723.81      2.94051e+6 
        3724.38      2.94223e+6 
        3725.45      2.94542e+6 
        3725.53      2.94566e+6 
        3725.62      2.94591e+6 
        3725.75      2.94631e+6 
        3725.78      2.94641e+6 
        3725.92       2.9468e+6 
        3725.93      2.94685e+6 
        3726.11      2.94739e+6 
        3726.48      2.94848e+6 
        3727.04      2.95016e+6 
        3727.37      2.95112e+6 
        3728.15      2.95346e+6 
        3728.64      2.95491e+6 
        3728.94      2.95581e+6 
        3729.01      2.95601e+6 
        3729.24       2.9567e+6 
        3729.84      2.95849e+6 
        3730.68      2.96098e+6 
        3732.19      2.96549e+6 
        3732.34      2.96594e+6 
        3732.49      2.96639e+6 
        3732.79      2.96728e+6 
        3733.35      2.96894e+6 
        3733.38      2.96904e+6 
        3733.39      2.96906e+6 
         3733.4      2.96909e+6 
        3733.45      2.96924e+6 
        3733.55      2.96954e+6 
        3733.65      2.96982e+6 
        3733.75      2.97013e+6 
        3733.86      2.97044e+6 
           3734      2.97088e+6 
        3734.04        2.971e+6 
        3734.06      2.97106e+6 
        3734.08      2.97112e+6 
        3734.13      2.97126e+6 
        3734.14      2.97128e+6 
        3734.16      2.97135e+6 
         3734.2      2.97145e+6 
        3734.25      2.97162e+6 
        3734.31      2.97178e+6 
        3734.37      2.97195e+6 
        3734.43      2.97212e+6 
        3734.48       2.9723e+6 
        3734.54      2.97247e+6 
        3734.65       2.9728e+6 
        3734.83      2.97333e+6 
        3734.88      2.97348e+6 
        3734.93      2.97363e+6 
        3735.03      2.97393e+6 
        3735.12      2.97421e+6 
        3735.17      2.97436e+6 
        3735.23      2.97452e+6 
        3735.33      2.97483e+6 
        3735.39        2.975e+6 
        3735.49      2.97531e+6 
        3735.82      2.97627e+6 
           3736      2.97681e+6 
        3736.24      2.97754e+6 
        3736.49      2.97826e+6 
        3736.97       2.9797e+6 
        3737.83      2.98224e+6 
        3737.94      2.98259e+6 
        3738.06      2.98294e+6 
        3738.29      2.98363e+6 
        3738.59       2.9845e+6 
        3738.76      2.98502e+6 
        3738.94      2.98554e+6 
        3739.29      2.98658e+6 
         3739.5      2.98721e+6 
        3739.99      2.98866e+6 
        3740.48      2.99011e+6 
        3741.21       2.9923e+6 
        3741.45      2.99301e+6 
        3741.69      2.99373e+6 
        3742.09      2.99491e+6 
        3742.18      2.99516e+6 
        3742.26      2.99541e+6 
        3742.43      2.99591e+6 
        3742.67      2.99663e+6 
        3742.73      2.99681e+6 
        3742.76       2.9969e+6 
         3742.8        2.997e+6 
        3742.86       2.9972e+6 
        3742.92      2.99737e+6 
        3743.17       2.9981e+6 
        3743.66      2.99957e+6 
        3744.62      3.00241e+6 
        3744.65      3.00251e+6 
        3746.45      3.00782e+6 
        3747.61      3.01126e+6 
        3748.27      3.01323e+6 
        3748.84      3.01493e+6 
         3748.9      3.01511e+6 
        3748.93       3.0152e+6 
        3748.96      3.01529e+6 
        3748.99      3.01535e+6 
        3749.08      3.01564e+6 
        3749.12      3.01574e+6 
        3749.18      3.01593e+6 
        3749.38      3.01651e+6 
        3749.41       3.0166e+6 
        3749.64      3.01728e+6 
        3749.75      3.01762e+6 
        3749.87      3.01796e+6 
        3749.92      3.01812e+6 
        3749.98      3.01829e+6 
        3750.04      3.01845e+6 
        3750.09      3.01862e+6 
        3750.15      3.01878e+6 
        3750.21      3.01895e+6 
        3750.27      3.01913e+6 
        3750.32       3.0193e+6 
        3750.44      3.01964e+6 
        3750.62      3.02018e+6 
        3750.66      3.02032e+6 
        3750.72      3.02047e+6 
        3750.82      3.02077e+6 
        3750.91      3.02105e+6 
        3751.02      3.02136e+6 
        3751.12      3.02167e+6 
        3751.33       3.0223e+6 
        3751.48      3.02274e+6 
        3751.76      3.02356e+6 
        3752.03      3.02438e+6 
        3752.59      3.02602e+6 
        3753.53      3.02881e+6 
         3753.7       3.0293e+6 
        3753.78      3.02955e+6 
        3753.86      3.02978e+6 
        3754.18      3.03074e+6 
        3754.27      3.03101e+6 
        3754.84      3.03267e+6 
        3755.89      3.03579e+6 
        3756.09      3.03637e+6 
        3757.47      3.04046e+6 
        3757.51      3.04057e+6 
        3757.55      3.04068e+6 
        3758.93      3.04477e+6 
        3760.39      3.04908e+6 
        3761.66      3.05281e+6 
        3762.72      3.05595e+6 
        3763.23      3.05747e+6 
        3764.81      3.06212e+6 
        3765.07      3.06287e+6 
         3766.9      3.06828e+6 
        3768.55      3.07312e+6 
        3768.74      3.07369e+6 
        3768.93      3.07425e+6 
        3768.97      3.07438e+6 
         3769.2      3.07504e+6 
        3769.31      3.07538e+6 
        3769.66      3.07639e+6 
        3769.89      3.07706e+6 
        3770.11      3.07774e+6 
        3770.23      3.07807e+6 
        3770.34       3.0784e+6 
         3770.4      3.07857e+6 
        3770.46      3.07873e+6 
        3770.51      3.07889e+6 
        3770.57      3.07906e+6 
        3770.63      3.07922e+6 
        3770.69      3.07939e+6 
        3770.74      3.07957e+6 
         3770.8      3.07974e+6 
        3770.87      3.07994e+6 
        3770.92      3.08009e+6 
        3770.97      3.08024e+6 
        3770.99       3.0803e+6 
           3771      3.08035e+6 
        3771.07      3.08054e+6 
        3771.15      3.08077e+6 
         3771.3      3.08124e+6 
         3771.6      3.08213e+6 
        3771.89      3.08297e+6 
        3771.95      3.08315e+6 
        3772.21       3.0839e+6 
        3772.52      3.08483e+6 
        3773.15      3.08669e+6 
        3774.36      3.09022e+6 
         3775.5      3.09357e+6 
        3776.76      3.09729e+6 
        3777.13      3.09836e+6 
        3778.03        3.101e+6 
         3778.4       3.1021e+6 
        3778.93      3.10365e+6 
        3780.73      3.10892e+6 
        3781.84       3.1122e+6 
        3783.05      3.11575e+6 
        3783.16      3.11606e+6 
        3784.26      3.11929e+6 
        3785.37      3.12253e+6 
        3786.22      3.12504e+6 
         3787.4      3.12848e+6 
        3787.57      3.12899e+6 
        3788.92      3.13294e+6 
        3790.45      3.13739e+6 
        3792.84      3.14439e+6 
        3793.49      3.14627e+6 
        3794.14      3.14819e+6 
         3794.9      3.15039e+6 
        3795.07      3.15089e+6 
        3795.44      3.15199e+6 
        3795.99      3.15356e+6 
        3796.45      3.15491e+6 
        3796.92      3.15626e+6 
        3797.15      3.15692e+6 
        3797.38      3.15761e+6 
        3797.49      3.15793e+6 
        3797.61      3.15827e+6 
        3797.67      3.15843e+6 
        3797.72      3.15859e+6 
        3797.78      3.15875e+6 
        3797.84       3.1589e+6 
         3797.9      3.15906e+6 
        3797.96      3.15922e+6 
        3798.01      3.15941e+6 
        3798.07      3.15959e+6 
        3798.19      3.15994e+6 
        3798.37      3.16047e+6 
        3798.42      3.16063e+6 
        3798.47      3.16079e+6 
        3798.57      3.16107e+6 
        3798.66      3.16132e+6 
        3798.75      3.16164e+6 
        3798.77      3.16167e+6 
        3798.84      3.16186e+6 
        3798.88      3.16198e+6 
        3798.92      3.16211e+6 
        3799.05      3.16248e+6 
        3799.09      3.16261e+6 
        3799.43      3.16358e+6 
        3799.47      3.16371e+6 
         3799.8      3.16468e+6 
        3800.56      3.16688e+6 
        3801.65      3.17009e+6 
        3802.32        3.172e+6 
        3803.83      3.17643e+6 
        3805.35      3.18083e+6 
        3807.84      3.18806e+6 
        3808.38      3.18963e+6 
        3808.92       3.1912e+6 
           3810      3.19434e+6 
        3811.59      3.19893e+6 
        3812.16      3.20062e+6 
        3812.74      3.20229e+6 
         3813.9      3.20562e+6 
        3815.78      3.21108e+6 
        3816.09        3.212e+6 
        3816.21      3.21234e+6 
        3816.64      3.21357e+6 
        3817.44      3.21595e+6 
         3817.5      3.21614e+6 
        3818.92      3.22035e+6 
        3820.39      3.22478e+6 
        3822.57      3.23135e+6 
        3823.35       3.2337e+6 
        3823.51      3.23421e+6 
        3824.13      3.23606e+6 
        3825.68       3.2408e+6 
         3826.8      3.24417e+6 
        3827.86      3.24737e+6 
        3828.91      3.25057e+6 
        3830.45      3.25522e+6 
        3831.02      3.25692e+6 
        3831.59      3.25865e+6 
           3832      3.25987e+6 
        3832.53      3.26148e+6 
        3832.73      3.26207e+6 
        3833.46      3.26427e+6 
        3833.93      3.26569e+6 
        3834.39      3.26707e+6 
        3834.63      3.26776e+6 
        3834.86      3.26845e+6 
        3834.97       3.2688e+6 
        3835.09      3.26914e+6 
        3835.15       3.2693e+6 
        3835.21      3.26946e+6 
        3835.27      3.26958e+6 
        3835.33      3.26974e+6 
        3835.38       3.2699e+6 
        3835.44      3.27008e+6 
         3835.5       3.2703e+6 
        3835.56      3.27049e+6 
        3835.63      3.27071e+6 
        3835.68      3.27087e+6 
        3835.73      3.27106e+6 
        3835.74      3.27109e+6 
        3835.77      3.27121e+6 
        3835.83      3.27137e+6 
        3835.91      3.27162e+6 
        3836.07      3.27213e+6 
        3836.38      3.27307e+6 
        3836.65      3.27389e+6 
        3836.98      3.27489e+6 
        3837.03      3.27505e+6 
        3837.31       3.2759e+6 
        3837.97      3.27787e+6 
        3838.65      3.27992e+6 
        3838.91      3.28073e+6 
        3839.18      3.28152e+6 
         3839.7      3.28312e+6 
        3840.76      3.28626e+6 
        3842.75      3.29226e+6 
        3842.83      3.29251e+6 
        3842.87      3.29264e+6 
        3842.91      3.29273e+6 
        3843.07      3.29321e+6 
        3843.38      3.29415e+6 
           3844      3.29603e+6 
        3844.59      3.29779e+6 
        3845.25      3.29977e+6 
        3845.55      3.30065e+6 
        3845.91      3.30175e+6 
        3847.23      3.30571e+6 
        3847.44      3.30634e+6 
        3848.91      3.31074e+6 
        3850.38      3.31513e+6 
        3851.98      3.31991e+6 
        3853.31       3.3239e+6 
        3854.64      3.32789e+6 
         3855.7      3.33106e+6 
         3857.3      3.33584e+6 
        3858.91      3.34061e+6 
        3862.01      3.34985e+6 
        3862.11      3.35016e+6 
        3862.22      3.35045e+6 
        3862.43      3.35107e+6 
        3862.85      3.35233e+6 
        3863.68      3.35481e+6 
        3865.17      3.35924e+6 
        3865.36      3.35981e+6 
        3865.56       3.3604e+6 
        3865.95      3.36157e+6 
        3866.73      3.36386e+6 
        3867.68      3.36666e+6 
        3868.29      3.36848e+6 
         3868.9       3.3703e+6 
        3870.13      3.37394e+6 
        3871.32      3.37746e+6 
        3872.59       3.3812e+6 
        3873.85      3.38494e+6 
        3876.32      3.39226e+6 
        3876.37      3.39239e+6 
        3876.37      3.39239e+6 
        3876.37      3.39239e+6 
        3876.42      3.39254e+6 
        3876.52      3.39283e+6 
        3876.72      3.39342e+6 
        3876.95      3.39408e+6 
        3877.12      3.39462e+6 
        3877.92      3.39697e+6 
         3878.9      3.39983e+6 
        3880.29      3.40392e+6 
        3880.85      3.40558e+6 
        3881.42      3.40725e+6 
        3882.55      3.41054e+6 
         3884.4      3.41598e+6 
         3884.8      3.41717e+6 
        3884.92      3.41752e+6 
         3885.2      3.41834e+6 
        3886.01      3.42069e+6 
        3886.15       3.4211e+6 
         3887.1      3.42386e+6 
        3887.57      3.42522e+6 
        3888.04      3.42657e+6 
        3888.28      3.42726e+6 
        3888.52      3.42792e+6 
        3888.63      3.42823e+6 
        3888.75      3.42855e+6 
        3888.84      3.42877e+6 
        3888.87       3.4288e+6 
        3888.87      3.42883e+6 
         3888.9      3.42886e+6 
        3888.93      3.42892e+6 
        3888.99      3.42905e+6 
        3889.05      3.42917e+6 
        3889.11      3.42939e+6 
        3889.17      3.42961e+6 
        3889.22      3.42987e+6 
        3889.29      3.43012e+6 
        3889.34      3.43027e+6 
        3889.39      3.43043e+6 
        3889.41      3.43049e+6 
        3889.45      3.43062e+6 
        3889.49      3.43074e+6 
        3889.58      3.43103e+6 
        3889.75      3.43156e+6 
        3890.05      3.43247e+6 
        3890.32      3.43326e+6 
        3890.47      3.43373e+6 
        3890.66      3.43429e+6 
           3891       3.4353e+6 
        3891.68      3.43731e+6 
        3892.89      3.44086e+6 
        3893.94      3.44394e+6 
        3894.46      3.44548e+6 
        3895.31      3.44796e+6 
        3896.22      3.45063e+6 
        3896.68      3.45195e+6 
        3898.89      3.45845e+6 
         3899.6       3.4605e+6 
        3901.57      3.46624e+6 
        3903.89        3.473e+6 
        3904.25      3.47404e+6 
        3908.89      3.48751e+6 
        3913.89      3.50196e+6 
        3918.89      3.51748e+6 
        3923.89      3.53313e+6 
        3928.22      3.54664e+6 
        3928.35      3.54708e+6 
        3928.89      3.54874e+6 
        3929.56      3.55082e+6 
         3930.9      3.55499e+6 
        3933.45      3.56294e+6 
        3935.81      3.57023e+6 
        3937.35      3.57501e+6 
        3938.89      3.57975e+6 
        3940.04      3.58333e+6 
        3941.96      3.58924e+6 
        3943.88      3.59518e+6 
        3946.58      3.60344e+6 
        3947.73      3.60699e+6 
        3948.88      3.61051e+6 
        3950.65      3.61591e+6 
        3951.01      3.61704e+6 
        3951.19      3.61754e+6 
        3951.72      3.61918e+6 
        3952.78      3.62241e+6 
        3954.55      3.62782e+6 
        3957.31      3.63614e+6 
        3958.09      3.63853e+6 
        3958.62      3.64013e+6 
        3958.88      3.64092e+6 
        3960.45      3.64566e+6 
        3962.28      3.65116e+6 
        3965.74      3.66146e+6 
        3965.94      3.66209e+6 
        3966.15      3.66269e+6 
        3966.56      3.66391e+6 
        3966.68      3.66426e+6 
        3967.28      3.66605e+6 
        3967.38      3.66633e+6 
        3968.08      3.66837e+6 
        3968.71      3.67023e+6 
        3968.88       3.6707e+6 
        3969.05      3.67117e+6 
        3969.23       3.6717e+6 
        3969.29      3.67183e+6 
        3969.38      3.67211e+6 
        3969.53      3.67249e+6 
        3969.65       3.6728e+6 
        3969.77      3.67309e+6 
        3969.83      3.67321e+6 
        3969.89      3.67331e+6 
        3969.95      3.67334e+6 
        3970.01       3.6734e+6 
        3970.07      3.67353e+6 
        3970.13      3.67378e+6 
        3970.19      3.67406e+6 
        3970.25      3.67438e+6 
        3970.32      3.67469e+6 
        3970.37      3.67491e+6 
        3970.42       3.6751e+6 
        3970.43      3.67513e+6 
        3970.49      3.67535e+6 
        3970.52      3.67544e+6 
        3970.61      3.67576e+6 
         3970.8      3.67639e+6 
         3971.1      3.67736e+6 
        3971.33      3.67811e+6 
        3971.59      3.67893e+6 
         3971.7      3.67928e+6 
        3972.06      3.68041e+6 
        3972.79      3.68267e+6 
        3973.99      3.68638e+6 
        3974.94      3.68924e+6 
         3976.4       3.6937e+6 
        3976.84      3.69505e+6 
        3977.86      3.69813e+6 
        3978.87       3.7012e+6 
        3979.58      3.70334e+6 
         3980.9      3.70733e+6 
        3982.23      3.71132e+6 
        3984.18       3.7172e+6 
        3984.88       3.7193e+6 
        3985.12      3.71999e+6 
        3985.59       3.7214e+6 
        3986.99      3.72561e+6 
        3988.87      3.73121e+6 
        3991.38      3.73865e+6 
        3992.62      3.74236e+6 
        3993.85        3.746e+6 
        3993.87      3.74607e+6 
        3996.36      3.75342e+6 
        3998.87       3.7608e+6 
        4003.87       3.7755e+6 
        4008.87      3.79011e+6 
        4013.86      3.80488e+6 
        4018.86      3.81986e+6 
        4023.86      3.83479e+6 
        4025.34      3.83918e+6 
        4028.86      3.84961e+6 
        4032.38      3.86001e+6 
        4032.95      3.86168e+6 
        4033.86      3.86438e+6 
         4035.9      3.87038e+6 
        4038.86      3.87902e+6 
        4043.86      3.89363e+6 
        4048.86      3.90811e+6 
        4053.86       3.9225e+6 
        4058.85      3.93682e+6 
        4063.85      3.95102e+6 
        4068.85       3.9651e+6 
        4073.85      3.97905e+6 
        4075.42      3.98338e+6 
        4078.85      3.99281e+6 
        4082.28      4.00214e+6 
        4082.56      4.00289e+6 
           4084      4.00679e+6 
         4085.7      4.01134e+6 
        4088.84      4.01967e+6 
         4089.7       4.0219e+6 
        4093.69       4.0322e+6 
        4096.52      4.03937e+6 
        4097.68      4.04226e+6 
        4098.01       4.0431e+6 
        4098.68      4.04474e+6 
        4098.84      4.04515e+6 
        4099.68      4.04716e+6 
        4100.17      4.04835e+6 
        4100.67      4.04951e+6 
        4100.92      4.05005e+6 
        4101.17      4.05052e+6 
         4101.3      4.05074e+6 
        4101.42       4.0509e+6 
        4101.48      4.05093e+6 
        4101.55       4.0509e+6 
        4101.61      4.05077e+6 
        4101.67      4.05064e+6 
        4101.73      4.05068e+6 
         4101.8      4.05099e+6 
        4101.86      4.05146e+6 
        4101.92       4.0519e+6 
        4102.05      4.05259e+6 
         4102.3       4.0536e+6 
        4102.74       4.0551e+6 
        4102.79      4.05526e+6 
        4102.85      4.05545e+6 
        4102.94      4.05576e+6 
        4103.15      4.05639e+6 
         4103.3      4.05686e+6 
        4103.55      4.05762e+6 
        4103.79      4.05837e+6 
        4104.29      4.05988e+6 
        4104.78      4.06139e+6 
        4105.29      4.06286e+6 
        4105.79      4.06437e+6 
        4106.79      4.06733e+6 
        4108.68      4.07289e+6 
        4108.76      4.07311e+6 
         4108.8      4.07323e+6 
        4108.84      4.07333e+6 
        4108.86      4.07339e+6 
           4109      4.07383e+6 
        4109.32      4.07483e+6 
        4109.78      4.07625e+6 
         4110.7      4.07908e+6 
        4111.32      4.08096e+6 
        4112.55       4.0847e+6 
        4113.77      4.08844e+6 
        4114.69       4.0912e+6 
        4116.23      4.09582e+6 
        4116.69       4.0972e+6 
        4117.77      4.10038e+6 
        4118.13      4.10144e+6 
        4118.84      4.10355e+6 
        4120.98      4.10986e+6 
        4123.84      4.11819e+6 
        4126.14      4.12485e+6 
        4128.84      4.13258e+6 
         4129.6      4.13478e+6 
        4131.53      4.14024e+6 
        4133.83      4.14681e+6 
        4134.22      4.14788e+6 
        4138.83      4.16085e+6 
        4143.83      4.17474e+6 
        4148.83      4.18853e+6 
        4153.83      4.20219e+6 
        4158.83      4.21573e+6 
        4163.83      4.22918e+6 
        4168.82       4.2425e+6 
        4173.82      4.25573e+6 
        4178.82      4.26886e+6 
        4183.82      4.28187e+6 
        4188.82      4.29478e+6 
        4193.82      4.30756e+6 
        4198.82      4.32029e+6 
        4203.81      4.33288e+6 
        4208.81      4.34555e+6 
        4213.81      4.35827e+6 
        4216.52      4.36512e+6 
        4217.24      4.36691e+6 
        4218.81      4.37087e+6 
         4221.1      4.37658e+6 
        4223.81      4.38334e+6 
        4224.95       4.3862e+6 
        4228.81      4.39572e+6 
        4233.81        4.408e+6 
        4238.81      4.42016e+6 
        4243.81      4.43219e+6 
         4248.8      4.44413e+6 
         4253.8      4.45591e+6 
         4258.8      4.46763e+6 
         4263.8      4.47919e+6 
         4268.8      4.49062e+6 
         4273.8      4.50193e+6 
         4278.8      4.51312e+6 
        4283.79      4.52414e+6 
        4288.79      4.53498e+6 
        4293.79      4.54566e+6 
        4298.79      4.55613e+6 
        4303.79      4.56627e+6 
        4308.79      4.57576e+6 
        4313.79      4.58481e+6 
        4314.07      4.58531e+6 
        4318.78      4.59329e+6 
        4320.85      4.59656e+6 
         4323.5      4.60055e+6 
        4326.14      4.60419e+6 
        4326.48      4.60463e+6 
        4328.78      4.60749e+6 
        4330.23      4.60916e+6 
        4331.09      4.61007e+6 
        4331.15      4.61013e+6 
        4331.95      4.61095e+6 
        4333.66      4.61261e+6 
        4334.06      4.61299e+6 
        4336.17      4.61491e+6 
        4337.79      4.61629e+6 
        4338.22      4.61666e+6 
        4338.28       4.6167e+6 
        4338.78      4.61707e+6 
        4338.81       4.6171e+6 
        4339.34      4.61742e+6 
         4339.6      4.61751e+6 
        4339.87      4.61748e+6 
           4340      4.61736e+6 
        4340.13       4.6171e+6 
         4340.2      4.61688e+6 
        4340.26      4.61648e+6 
        4340.33      4.61585e+6 
         4340.4      4.61519e+6 
        4340.46      4.61487e+6 
        4340.53      4.61544e+6 
        4340.59      4.61635e+6 
        4340.66      4.61723e+6 
        4340.79      4.61839e+6 
        4341.01      4.61955e+6 
        4341.06      4.61977e+6 
         4341.1      4.61999e+6 
         4341.2       4.6204e+6 
        4341.23       4.6205e+6 
        4341.24      4.62053e+6 
         4341.4      4.62116e+6 
        4341.58      4.62179e+6 
        4341.94      4.62295e+6 
        4342.64      4.62515e+6 
        4343.33      4.62725e+6 
        4343.57      4.62797e+6 
        4344.04      4.62939e+6 
        4344.75      4.63156e+6 
        4346.17       4.6358e+6 
        4348.58       4.6429e+6 
        4348.78      4.64346e+6 
        4348.98      4.64403e+6 
        4349.37      4.64519e+6 
        4350.17      4.64745e+6 
        4350.32      4.64786e+6 
        4351.76      4.65188e+6 
         4353.2      4.65575e+6 
        4354.73      4.65977e+6 
        4356.08      4.66322e+6 
        4356.08      4.66322e+6 
        4357.43      4.66658e+6 
        4358.77      4.66985e+6 
        4359.17      4.67079e+6 
        4361.47      4.67607e+6 
        4363.77      4.68132e+6 
        4367.98      4.69049e+6 
        4368.38      4.69134e+6 
        4368.52      4.69165e+6 
        4368.77      4.69216e+6 
        4369.56      4.69382e+6 
        4371.15      4.69712e+6 
        4373.77      4.70249e+6 
        4378.77      4.71245e+6 
        4383.77       4.7221e+6 
        4388.77      4.73152e+6 
        4393.77      4.74076e+6 
        4398.76      4.74984e+6 
        4403.76      4.75731e+6 
        4408.76      4.76413e+6 
        4413.76      4.77089e+6 
        4418.76      4.77755e+6 
        4423.76      4.78414e+6 
        4428.76      4.79068e+6 
        4433.75      4.79715e+6 
        4438.75      4.80356e+6 
        4443.75       4.8099e+6 
        4448.75      4.81622e+6 
        4453.75      4.82247e+6 
        4458.75      4.82869e+6 
        4463.75      4.83485e+6 
        4468.74      4.84094e+6 
        4473.74      4.84701e+6 
        4478.74      4.85301e+6 
        4483.74      4.85898e+6 
        4488.74      4.86488e+6 
        4493.74      4.87076e+6 
        4498.74      4.87751e+6 
        4503.74      4.88646e+6 
        4508.73      4.89529e+6 
        4513.73      4.90399e+6 
        4514.12      4.90465e+6 
        4518.73      4.91257e+6 
        4523.35      4.92036e+6 
        4527.19       4.9268e+6 
        4527.96      4.92806e+6 
        4528.73      4.92935e+6 
        4530.27      4.93189e+6 
        4532.97      4.93632e+6 
        4533.29      4.93686e+6 
        4533.35      4.93695e+6 
        4533.73      4.93758e+6 
        4534.49       4.9388e+6 
        4536.01      4.94125e+6 
        4538.73      4.94565e+6 
        4543.73      4.95366e+6 
        4548.72      4.96152e+6 
        4553.72      4.96928e+6 
        4558.72      4.97691e+6 
        4563.72      4.98445e+6 
        4568.72      4.99187e+6 
        4573.72      4.99918e+6 
        4578.72      5.00641e+6 
        4583.72      5.01351e+6 
        4588.71      5.02048e+6 
        4593.71       5.0274e+6 
        4596.53      5.03076e+6 
        4596.98      5.03129e+6 
        4598.71      5.03337e+6 
        4600.89      5.03588e+6 
        4603.71      5.03915e+6 
         4604.8       5.0404e+6 
        4608.71      5.04483e+6 
        4613.71      5.05049e+6 
         4618.7      5.05605e+6 
         4623.7      5.06155e+6 
         4628.7      5.06695e+6 
         4633.7      5.07232e+6 
         4638.7      5.07763e+6 
         4643.7      5.08285e+6 
         4648.7        5.088e+6 
         4653.7      5.09312e+6 
        4658.69      5.09815e+6 
        4663.69      5.10311e+6 
        4668.69      5.10801e+6 
        4673.69      5.11285e+6 
        4678.69      5.11762e+6 
        4683.69      5.12234e+6 
        4688.69      5.12698e+6 
        4693.69      5.13145e+6 
        4698.68      5.13566e+6 
        4703.68       5.1398e+6 
        4708.68      5.14392e+6 
        4713.68      5.14797e+6 
         4715.6      5.14951e+6 
        4718.68      5.15196e+6 
        4720.98      5.15378e+6 
        4721.76      5.15438e+6 
        4723.68      5.15589e+6 
        4724.83      5.15677e+6 
        4728.68      5.15975e+6 
        4733.68      5.16355e+6 
        4738.67      5.16729e+6 
        4743.67      5.17097e+6 
        4748.67      5.17455e+6 
        4753.67      5.17807e+6 
        4758.67      5.18152e+6 
        4763.67      5.18488e+6 
        4768.67      5.18815e+6 
        4773.66      5.19132e+6 
        4778.66      5.19437e+6 
        4783.66      5.19729e+6 
        4788.66      5.20006e+6 
        4793.66      5.20257e+6 
        4798.66       5.2049e+6 
        4803.66      5.20694e+6 
        4808.65      5.20867e+6 
        4813.65      5.20999e+6 
        4818.65      5.21074e+6 
        4823.65      5.21074e+6 
        4828.65      5.20977e+6 
        4833.65      5.20738e+6 
        4834.97      5.20644e+6 
        4838.65      5.20301e+6 
        4839.16      5.20241e+6 
        4842.32      5.19811e+6 
        4845.48      5.19239e+6 
         4845.5      5.19236e+6 
        4847.05      5.18897e+6 
        4848.64       5.1851e+6 
        4851.78      5.17615e+6 
        4854.39      5.16764e+6 
        4856.52      5.16032e+6 
         4858.4      5.15388e+6 
        4858.64      5.15303e+6 
        4858.66      5.15297e+6 
        4858.88      5.15221e+6 
        4859.36      5.15055e+6 
        4859.47      5.15014e+6 
        4860.06      5.14785e+6 
        4860.36      5.14646e+6 
        4860.66      5.14467e+6 
        4860.81      5.14348e+6 
        4860.95      5.14178e+6 
        4861.03      5.14059e+6 
         4861.1      5.13877e+6 
        4861.18      5.13619e+6 
        4861.25      5.13343e+6 
        4861.32      5.13182e+6 
         4861.4      5.13349e+6 
        4861.47      5.13638e+6 
        4861.54      5.13902e+6 
        4861.64      5.14134e+6 
        4861.69      5.14213e+6 
        4861.69      5.14216e+6 
        4861.69      5.14219e+6 
        4861.69      5.14225e+6 
        4861.74      5.14291e+6 
        4861.84      5.14408e+6 
        4861.98      5.14536e+6 
        4861.99      5.14543e+6 
        4862.28       5.1475e+6 
        4862.58      5.14926e+6 
         4862.6      5.14935e+6 
        4863.18      5.15224e+6 
        4863.73      5.15479e+6 
        4863.76      5.15495e+6 
        4864.93      5.16022e+6 
        4866.13      5.16569e+6 
        4868.41      5.17609e+6 
        4868.53      5.17662e+6 
        4868.64      5.17712e+6 
        4868.86      5.17813e+6 
        4869.32      5.18014e+6 
        4869.58       5.1813e+6 
        4870.22      5.18407e+6 
        4870.86      5.18677e+6 
        4872.13      5.19202e+6 
        4874.62      5.20144e+6 
        4874.69      5.20166e+6 
        4874.75      5.20188e+6 
        4874.87      5.20232e+6 
        4875.12      5.20317e+6 
        4875.61       5.2049e+6 
        4876.61      5.20816e+6 
        4878.45      5.21388e+6 
        4878.54      5.21413e+6 
        4878.59      5.21426e+6 
        4878.64      5.21442e+6 
        4878.82      5.21495e+6 
        4879.19      5.21599e+6 
        4879.53      5.21693e+6 
        4879.92      5.21803e+6 
        4880.32       5.2191e+6 
        4880.94      5.22073e+6 
        4881.12       5.2212e+6 
        4882.71       5.2251e+6 
        4884.48      5.22909e+6 
         4887.4      5.23496e+6 
        4888.02      5.23609e+6 
        4888.63      5.23722e+6 
        4889.87      5.23933e+6 
        4891.06      5.24128e+6 
        4892.35      5.24326e+6 
        4893.63      5.24514e+6 
        4893.78      5.24536e+6 
         4896.2      5.24866e+6 
        4898.63      5.25164e+6 
        4903.34      5.25683e+6 
        4903.48      5.25698e+6 
        4903.63      5.25711e+6 
        4903.92      5.25742e+6 
         4904.5      5.25799e+6 
        4905.66      5.25912e+6 
        4907.33      5.26066e+6 
        4907.98      5.26126e+6 
        4908.63      5.26182e+6 
        4909.93      5.26295e+6 
        4911.43      5.26424e+6 
        4912.53      5.26512e+6 
        4913.01       5.2655e+6 
        4913.63        5.266e+6 
        4915.55      5.26748e+6 
        4915.82       5.2677e+6 
        4918.24      5.26946e+6 
        4918.63      5.26974e+6 
         4921.7      5.27188e+6 
        4923.62      5.27316e+6 
        4925.16      5.27417e+6 
        4928.62       5.2763e+6 
        4933.62      5.27929e+6 
        4938.62      5.28205e+6 
        4943.62      5.28472e+6 
        4948.62      5.28724e+6 
        4953.62      5.28966e+6 
        4958.61      5.29198e+6 
        4963.61      5.29424e+6 
        4968.61      5.29641e+6 
        4973.61      5.29852e+6 
        4978.61      5.30056e+6 
        4983.61      5.30254e+6 
        4988.61      5.30439e+6 
        4993.61      5.30621e+6 
         4998.6      5.30797e+6 
         5003.6      5.30967e+6 
         5008.6      5.31133e+6 
         5013.6      5.31297e+6 
         5018.6      5.31457e+6 
         5023.6      5.31611e+6 
         5028.6      5.31762e+6 
         5033.6      5.31909e+6 
        5038.59      5.32054e+6 
        5043.59      5.32192e+6 
        5048.59       5.3233e+6 
        5053.59      5.32462e+6 
        5058.59      5.32591e+6 
        5063.59       5.3272e+6 
        5068.59      5.32842e+6 
        5073.58      5.32962e+6 
        5078.58      5.33078e+6 
        5083.58      5.33182e+6 
        5088.58      5.33273e+6 
        5093.58      5.33364e+6 
        5098.58      5.33452e+6 
        5103.58      5.33537e+6 
        5108.57      5.33618e+6 
        5113.57      5.33697e+6 
        5118.57      5.33775e+6 
        5123.57      5.33848e+6 
        5128.57       5.3392e+6 
        5133.57      5.33989e+6 
        5138.57      5.34055e+6 
        5143.57      5.34121e+6 
        5148.56      5.34181e+6 
        5153.56       5.3424e+6 
        5158.56      5.34294e+6 
        5163.56      5.34347e+6 
        5168.56      5.34401e+6 
        5173.56      5.34448e+6 
        5178.56      5.34489e+6 
        5183.56       5.3452e+6 
        5188.55      5.34545e+6 
        5193.55       5.3457e+6 
        5198.55      5.34592e+6 
        5203.55      5.34614e+6 
        5208.55       5.3463e+6 
        5213.55      5.34646e+6 
        5218.55      5.34661e+6 
        5223.54      5.34671e+6 
        5228.54       5.3468e+6 
        5233.54      5.34687e+6 
        5238.54       5.3469e+6 
        5243.54      5.34693e+6 
        5248.54      5.34693e+6 
        5253.54       5.3469e+6 
        5258.53      5.34687e+6 
        5263.53       5.3468e+6 
        5268.53      5.34671e+6 
        5273.53      5.34661e+6 
        5278.53      5.34699e+6 
        5283.53       5.3474e+6 
        5288.53      5.34781e+6 
        5293.52      5.34815e+6 
        5298.52      5.34847e+6 
        5303.52      5.34878e+6 
        5308.52      5.34903e+6 
        5313.52      5.34925e+6 
        5318.52      5.34944e+6 
        5323.52       5.3496e+6 
        5328.52      5.34972e+6 
        5333.52      5.34982e+6 
        5338.51      5.34988e+6 
        5343.51      5.34991e+6 
        5348.51      5.34991e+6 
        5353.51      5.34988e+6 
        5358.51      5.34985e+6 
        5363.51      5.34985e+6 
        5368.51      5.34972e+6 
         5373.5      5.34935e+6 
         5378.5      5.34866e+6 
         5383.5       5.3479e+6 
         5388.5      5.34718e+6 
         5393.5      5.34639e+6 
         5398.5      5.34561e+6 
         5403.5      5.34479e+6 
        5408.49      5.34397e+6 
        5413.49      5.34313e+6 
        5418.49      5.34228e+6 
        5423.49       5.3414e+6 
        5428.49      5.34049e+6 
        5433.49      5.33958e+6 
        5438.49      5.33863e+6 
        5443.48      5.33769e+6 
        5448.48      5.33672e+6 
        5453.48      5.33571e+6 
        5458.48      5.33471e+6 
        5463.48      5.33367e+6 
        5468.48      5.33263e+6 
        5473.48      5.33194e+6 
        5478.48      5.33122e+6 
        5483.48      5.33047e+6 
        5488.47      5.32971e+6 
        5493.47      5.32893e+6 
        5498.47      5.32811e+6 
        5503.47      5.32726e+6 
        5508.47      5.32641e+6 
        5513.47      5.32557e+6 
        5518.47      5.32465e+6 
        5523.46      5.32374e+6 
        5528.46      5.32283e+6 
        5533.46      5.32189e+6 
        5538.46      5.32092e+6 
        5543.46      5.31991e+6 
        5548.46       5.3189e+6 
        5553.46      5.31787e+6 
        5558.45      5.31683e+6 
        5563.45      5.31576e+6 
        5568.45      5.31466e+6 
        5573.45      5.31356e+6 
        5578.45      5.31243e+6 
        5583.45      5.31127e+6 
        5588.45      5.31011e+6 
        5593.44      5.30891e+6 
        5598.44      5.30769e+6 
        5603.44      5.30646e+6 
        5608.44      5.30524e+6 
        5613.44      5.30398e+6 
        5618.44      5.30269e+6 
        5623.44      5.30141e+6 
        5628.44      5.30009e+6 
        5633.43      5.29874e+6 
        5638.43      5.29738e+6 
        5643.43      5.29603e+6 
        5648.43      5.29465e+6 
        5653.43      5.29324e+6 
        5658.43      5.29182e+6 
        5663.43      5.29038e+6 
        5668.43      5.28903e+6 
        5673.42      5.28755e+6 
        5673.98      5.28736e+6 
        5678.42      5.28604e+6 
        5682.86      5.28469e+6 
         5686.2      5.28369e+6 
        5687.31      5.28334e+6 
        5687.86      5.28318e+6 
        5688.42        5.283e+6 
        5690.64      5.28234e+6 
        5693.42      5.28146e+6 
        5698.42      5.27992e+6 
        5703.41      5.27835e+6 
        5704.77      5.27791e+6 
        5708.41      5.27674e+6 
        5708.88      5.27659e+6 
        5712.06      5.27558e+6 
        5713.41      5.27514e+6 
        5715.23      5.27455e+6 
        5718.41      5.27351e+6 
        5723.41      5.27188e+6 
        5728.41      5.27024e+6 
        5733.41      5.26855e+6 
        5738.41      5.26688e+6 
         5743.4      5.26518e+6 
         5748.4      5.26346e+6 
         5753.4      5.26173e+6 
         5758.4         5.26e+6 
         5763.4      5.25761e+6 
         5768.4      5.25585e+6 
         5773.4      5.25406e+6 
         5778.4      5.25224e+6 
        5783.39      5.25042e+6 
        5788.39      5.24856e+6 
        5793.39      5.24671e+6 
        5798.39      5.24486e+6 
        5803.39      5.24297e+6 
        5808.39      5.24106e+6 
        5813.39      5.23914e+6 
        5818.39      5.23722e+6 
        5823.38      5.23528e+6 
        5828.38      5.23333e+6 
        5833.38      5.23138e+6 
        5838.38      5.22937e+6 
        5843.38      5.22739e+6 
        5848.38      5.22538e+6 
        5853.38      5.22337e+6 
        5858.37      5.22133e+6 
        5863.37      5.21928e+6 
        5868.37      5.21721e+6 
        5873.37      5.21517e+6 
        5878.37      5.21306e+6 
        5883.37      5.21099e+6 
        5888.37      5.20885e+6 
        5893.36      5.20675e+6 
        5898.36      5.20461e+6 
        5903.36      5.20245e+6 
        5908.36      5.20031e+6 
        5913.36      5.19811e+6 
        5918.36      5.19594e+6 
        5923.36      5.19374e+6 
        5928.35      5.19151e+6 
        5933.35      5.18928e+6 
        5938.35      5.18705e+6 
        5943.35      5.18482e+6 
        5948.35      5.18253e+6 
        5953.35      5.18027e+6 
        5958.35      5.17797e+6 
        5963.35      5.17565e+6 
        5968.34      5.17332e+6 
        5973.34        5.171e+6 
        5978.34      5.16864e+6 
        5983.34      5.16629e+6 
        5988.34       5.1639e+6 
        5993.34      5.16151e+6 
        5998.34      5.15912e+6 
        6003.34       5.1567e+6 
        6008.33      5.15429e+6 
        6013.33      5.15187e+6 
        6018.33      5.14942e+6 
        6023.33      5.14697e+6 
        6028.33      5.14448e+6 
        6033.33        5.142e+6 
        6038.32      5.13952e+6 
        6043.32      5.13704e+6 
        6048.32      5.13452e+6 
        6053.32      5.13198e+6 
        6058.32      5.12947e+6 
        6063.32      5.12692e+6 
        6068.32      5.12435e+6 
        6073.32       5.1218e+6 
        6078.31      5.11923e+6 
        6083.31      5.11662e+6 
        6088.31      5.11404e+6 
        6093.31       5.1114e+6 
        6098.31       5.1088e+6 
        6103.31      5.10616e+6 
        6108.31      5.10352e+6 
        6113.31      5.10088e+6 
         6118.3      5.09821e+6 
         6123.3      5.09554e+6 
         6128.3      5.09284e+6 
         6133.3      5.09017e+6 
         6138.3      5.08746e+6 
         6143.3      5.08473e+6 
         6148.3        5.082e+6 
        6153.29      5.07926e+6 
        6158.29       5.0765e+6 
        6163.29      5.07373e+6 
        6168.29      5.07097e+6 
        6173.29      5.06817e+6 
        6178.29      5.06541e+6 
        6183.29      5.06258e+6 
        6188.28      5.05979e+6 
        6193.28      5.05696e+6 
        6198.28       5.0541e+6 
        6203.28      5.05127e+6 
        6208.28      5.04841e+6 
        6213.28      5.04552e+6 
        6218.28      5.04266e+6 
        6223.28      5.03974e+6 
        6228.27      5.03685e+6 
        6233.27      5.03393e+6 
        6238.27      5.03101e+6 
        6243.27      5.02809e+6 
        6244.38      5.02743e+6 
        6248.27      5.02513e+6 
        6252.16      5.02281e+6 
        6253.82      5.02184e+6 
        6256.04      5.02052e+6 
        6258.27       5.0192e+6 
        6262.16      5.01687e+6 
        6262.71      5.01653e+6 
        6263.27      5.01621e+6 
        6264.37      5.01552e+6 
        6264.91      5.01521e+6 
        6266.59       5.0142e+6 
        6268.26       5.0132e+6 
        6269.97      5.01216e+6 
        6271.61      5.01119e+6 
        6273.26      5.01018e+6 
        6274.85      5.00921e+6 
        6276.56       5.0082e+6 
        6278.26      5.00716e+6 
        6280.08      5.00607e+6 
        6281.67      5.00509e+6 
        6283.26      5.00412e+6 
        6284.63      5.00327e+6 
        6286.44      5.00217e+6 
        6288.26      5.00107e+6 
        6290.52      4.99969e+6 
        6291.89      4.99884e+6 
        6293.26      4.99799e+6 
        6293.73      4.99771e+6 
        6295.99      4.99629e+6 
        6298.26      4.99491e+6 
        6302.31       4.9924e+6 
        6302.78      4.99212e+6 
        6303.25       4.9918e+6 
        6303.92      4.99139e+6 
         6304.2      4.99124e+6 
        6306.09      4.99004e+6 
        6308.25      4.98869e+6 
        6311.92       4.9864e+6 
        6312.59      4.98599e+6 
        6313.25      4.98555e+6 
        6314.58      4.98473e+6 
        6316.22       4.9837e+6 
        6317.23      4.98307e+6 
        6317.31      4.98301e+6 
        6318.25      4.98241e+6 
        6320.28      4.98112e+6 
        6323.25      4.97924e+6 
        6328.25      4.97606e+6 
        6333.25      4.97286e+6 
        6338.24      4.96962e+6 
        6343.24      4.96639e+6 
        6348.24      4.96309e+6 
        6353.24      4.95979e+6 
        6358.24      4.95649e+6 
        6363.24      4.95313e+6 
        6368.24      4.94974e+6 
        6373.23      4.94631e+6 
        6378.23      4.94289e+6 
        6383.23       4.9394e+6 
        6388.23      4.93585e+6 
        6393.23      4.93227e+6 
        6398.23      4.92866e+6 
        6403.23      4.92498e+6 
        6408.23      4.92124e+6 
        6413.22      4.91744e+6 
        6418.22      4.91355e+6 
        6423.22      4.90959e+6 
        6428.22      4.90553e+6 
        6433.22      4.90139e+6 
        6438.22      4.89711e+6 
        6443.22      4.89268e+6 
        6448.22      4.88813e+6 
        6453.21      4.88339e+6 
        6458.21      4.87842e+6 
        6463.21      4.87324e+6 
        6468.21      4.86777e+6 
        6473.21      4.86199e+6 
        6478.21       4.8558e+6 
         6483.2      4.84917e+6 
         6488.2      4.84198e+6 
         6493.2      4.83413e+6 
         6498.2      4.82545e+6 
         6503.2      4.81581e+6 
         6508.2      4.80494e+6 
         6513.2      4.79259e+6 
         6518.2      4.77836e+6 
        6523.19      4.76177e+6 
        6523.72      4.75989e+6 
        6528.19       4.7423e+6 
        6532.67      4.72181e+6 
         6536.1      4.70378e+6 
        6537.14      4.69781e+6 
        6537.38       4.6964e+6 
        6538.19      4.69162e+6 
        6540.29      4.67852e+6 
        6543.19      4.65876e+6 
        6546.46      4.63404e+6 
        6546.72       4.6319e+6 
        6548.19       4.6199e+6 
        6549.92      4.60507e+6 
        6553.11      4.57604e+6 
        6554.43      4.56357e+6 
        6556.31      4.54526e+6 
        6556.87       4.5396e+6 
         6557.9      4.52911e+6 
        6558.19      4.52616e+6 
         6559.5      4.51167e+6 
         6560.3      4.50165e+6 
         6561.1      4.48965e+6 
         6561.5      4.48249e+6 
         6561.9      4.47523e+6 
        6562.09      4.47049e+6 
        6562.29      4.46386e+6 
        6562.39      4.45899e+6 
        6562.49      4.45198e+6 
        6562.59      4.44146e+6 
        6562.69      4.43024e+6 
        6562.79       4.4243e+6 
        6562.89      4.43002e+6 
        6562.99      4.44124e+6 
        6563.09      4.45167e+6 
        6563.29       4.4632e+6 
        6563.29      4.46326e+6 
        6563.49      4.46967e+6 
        6563.69      4.47429e+6 
         6563.7      4.47438e+6 
        6564.09      4.48114e+6 
        6564.48      4.48767e+6 
        6564.49       4.4878e+6 
        6565.28      4.49889e+6 
        6566.09      4.50806e+6 
         6567.2      4.51921e+6 
        6567.69       4.5238e+6 
        6568.18      4.52829e+6 
        6569.05      4.53602e+6 
        6569.16      4.53703e+6 
        6569.28      4.53806e+6 
        6569.33      4.53853e+6 
        6569.51      4.54007e+6 
        6569.98      4.54413e+6 
         6570.9      4.55204e+6 
        6572.47      4.56517e+6 
        6575.56      4.58955e+6 
        6575.61      4.58996e+6 
        6575.67       4.5904e+6 
        6575.78      4.59122e+6 
           6576      4.59288e+6 
        6576.44      4.59615e+6 
        6576.45      4.59628e+6 
        6576.63      4.59756e+6 
        6577.32      4.60256e+6 
        6578.18      4.60865e+6 
         6579.9      4.62028e+6 
        6583.18      4.64032e+6 
        6587.91      4.66473e+6 
        6588.18      4.66596e+6 
        6588.44      4.66715e+6 
        6588.98      4.66954e+6 
        6590.04      4.67409e+6 
        6591.02      4.67815e+6 
        6592.17      4.68258e+6 
        6593.01      4.68575e+6 
        6593.31      4.68678e+6 
        6595.59      4.69454e+6 
        6598.17       4.7023e+6 
        6603.34      4.71506e+6 
        6613.66      4.73218e+6 
        6623.98      4.74164e+6 
         6634.3      4.74619e+6 
        6654.94       4.7467e+6 
        6675.58      4.74091e+6 
        6680.98      4.73881e+6 
        6696.23      4.73196e+6 
        6711.48      4.72411e+6 
        6741.98      4.70667e+6 
        6781.19      4.68223e+6 
        6802.98      4.66806e+6 
        6824.78      4.65358e+6 
        6868.37      4.62427e+6 
        6955.56      4.56398e+6 
        6976.35      4.54937e+6 
        7042.75      4.50225e+6 
        7109.15      4.45459e+6 
        7175.54      4.40696e+6 
        7241.94      4.35899e+6 
        7308.33       4.3107e+6 
        7355.95      4.27596e+6 
        7374.73      4.26251e+6 
        7393.51      4.24875e+6 
        7431.08      4.22145e+6 
        7506.22      4.16676e+6 
        7581.35      4.11203e+6 
         7635.1      4.07282e+6 
        7656.49      4.05724e+6 
        7677.88      4.04163e+6 
        7720.67      4.01075e+6 
        7806.23      3.94904e+6 
        7821.36      3.93814e+6 
         7891.8       3.8875e+6 
        7962.25      3.83702e+6 
        7982.84      3.82238e+6 
        8032.69      3.78703e+6 
        8082.55      3.75178e+6 
        8161.68       3.6963e+6 
        8182.26      3.68192e+6 
        8200.85      3.66894e+6 
        8202.85      3.66756e+6 
        8204.85      3.66618e+6 
        8208.85      3.66338e+6 
        8216.85      3.65785e+6 
        8232.84      3.64676e+6 
        8264.83      3.62468e+6 
        8289.72      3.60752e+6 
        8328.82      3.58063e+6 
        8343.44      3.57058e+6 
        8367.92      3.55383e+6 
        8371.47      3.55141e+6 
        8388.68      3.53973e+6 
        8392.39      3.53721e+6 
        8408.65      3.52619e+6 
        8413.32      3.52301e+6 
        8432.02      3.51035e+6 
        8437.95      3.50636e+6 
        8467.25      3.48657e+6 
        8473.98      3.48205e+6 
        8502.48      3.46288e+6 
        8516.58      3.45343e+6 
        8530.98      3.44378e+6 
        8545.38      3.43423e+6 
        8549.97      3.43118e+6 
        8574.18      3.41516e+6 
        8598.39      3.39917e+6 
         8628.6      3.37929e+6 
        8646.81      3.36732e+6 
        8652.39      3.36367e+6 
        8665.01      3.35541e+6 
        8685.59      3.34196e+6 
        8701.43      3.33163e+6 
        8750.47      3.29974e+6 
        8767.92      3.28846e+6 
        8815.35      3.25789e+6 
        8862.78       3.2278e+6 
        8900.38      3.20405e+6 
        8957.65      3.16811e+6 
        9014.91      3.13247e+6 
        9044.62      3.11409e+6 
        9072.17      3.09711e+6 
        9099.72       3.0802e+6 
        9154.81      3.04689e+6 
         9190.8      3.02527e+6 
         9209.9      3.01384e+6 
        9229.01      3.00244e+6 
        9267.22      2.97974e+6 
         9303.2      2.95848e+6 
        9343.64      2.93473e+6 
        9384.08      2.91113e+6 
        9464.96      2.86479e+6 
        9545.72       2.8191e+6 
        9545.84      2.81903e+6 
        9545.97      2.81896e+6 
        9546.21      2.81883e+6 
        9546.69      2.81856e+6 
        9546.87      2.81846e+6 
        9547.66      2.81801e+6 
        9549.59      2.81693e+6 
        9553.47      2.81476e+6 
        9561.21      2.81042e+6 
        9576.69      2.80174e+6 
        9607.66      2.78447e+6 
        9668.45      2.75082e+6 
        9729.24       2.7178e+6 
        9790.04      2.68512e+6 
        9850.83      2.65277e+6 
        9870.42      2.64242e+6 
        9911.62      2.62076e+6 
        9952.82      2.59925e+6 
        10021.1      2.56428e+6 
        10035.2      2.55708e+6 
        10049.4      2.54988e+6 
        10077.7       2.5356e+6 
        10134.2      2.50721e+6 
        10144.5      2.50211e+6 
        10190.8       2.4791e+6 
        10237.2      2.45629e+6 
        10329.9      2.41226e+6 
        10422.6      2.36892e+6 
        10515.3      2.32629e+6 
          10608      2.28436e+6 
        10700.7      2.24313e+6 
        10793.4      2.20259e+6 
        10834.1      2.18499e+6 
        10886.1      2.16271e+6 
        10938.1       2.1406e+6 
        10990.1      2.11888e+6 
          11042      2.09731e+6 
          11094      2.07595e+6 
          11146      2.05479e+6 
          11198      2.03384e+6 
          11239      2.01746e+6 
          11250      2.01311e+6 
        11260.9      2.00877e+6 
        11282.8      2.00044e+6 
        11326.6       1.9839e+6 
        11414.2      1.95121e+6 
        11501.8      1.91904e+6 
        11589.4      1.88738e+6 
          11677      1.85624e+6 
        11764.6       1.8256e+6 
        11852.2      1.79548e+6 
        11939.8      1.76585e+6 
        12027.4      1.73672e+6 
          12115      1.70808e+6 
        12120.6      1.70627e+6 
        12202.6      1.67993e+6 
        12284.6        1.654e+6 
        12366.6      1.62967e+6 
        12448.7      1.60569e+6 
        12530.7      1.58205e+6 
        12612.7      1.55874e+6 
        12694.7      1.53572e+6 
        12735.4      1.52438e+6 
        12776.7      1.51288e+6 
        12818.1       1.5014e+6 
        12900.8      1.47952e+6 
        12983.5      1.45777e+6 
        13066.2      1.43625e+6 
        13148.9      1.41504e+6 
        13154.8      1.41353e+6 
        13231.6      1.39414e+6 
        13308.4      1.37502e+6 
        13385.1      1.35727e+6 
        13461.9      1.33976e+6 
        13538.7      1.32247e+6 
        13615.5      1.30539e+6 
        13692.3      1.28854e+6 
        13769.1      1.27191e+6 
        13845.9      1.25549e+6 
        13922.7      1.23928e+6 
        13999.5      1.22329e+6 
        14076.2      1.20752e+6 
          14153      1.19195e+6 
        14229.8      1.17659e+6 
        14281.2      1.16644e+6 
        14306.6      1.16143e+6 
        14332.1      1.15646e+6 
          14383      1.14694e+6 
        14410.1       1.1419e+6 
        14427.1      1.13876e+6 
        14433.9       1.1375e+6 
        14457.6      1.13312e+6 
        14505.2      1.12449e+6 
        14581.2      1.11081e+6 
        14583.2      1.11045e+6 
        14585.2       1.1101e+6 
        14589.2      1.10941e+6 
        14597.2      1.10803e+6 
        14613.2      1.10528e+6 
        14645.2       1.0998e+6 
        14709.2      1.08891e+6 
        14773.2      1.07813e+6 
        14837.1      1.06743e+6 
        14901.1      1.05683e+6 
        14965.1      1.04634e+6 
        15029.1      1.03594e+6 
        15093.1      1.02564e+6 
        15157.1      1.01544e+6 
          15221      1.00533e+6 
          15285          995319 
          15349          985408 
          15413          975593 
        15471.6          966690 
          15477          965876 
        15482.4          965060 
        15493.1          963395 
        15514.7          960074 
        15557.9          953464 
        15644.2          940376 
        15730.5          927467 
        15816.8          914738 
        15903.1          902190 
        15989.4          889815 
        16075.8          877610 
        16162.1          865581 
        16248.4          853728 
        16289.9          848089 
        16334.7          842044 
        16379.5          836044 
        16469.1          821872 
        16558.8          807996 
        16648.4          794399 
          16738          781082 
        16827.7          768035 
        16917.3          755251 
        17006.9          742729 
        17096.6          730455 
        17186.2          718429 
        17275.8          706642 
        17327.7          699931 
        17365.5          695090 
        17403.2          690293 
        17478.8          680805 
        17554.3          671478 
        17629.9          662304 
        17705.4          653285 
          17781          644416 
        17856.5          635692 
        17932.1          627112 
        18007.6          618388 
        18083.2          610038 
        18158.7          601803 
        18234.3          593676 
        18309.8          585643 
        18343.7          582055 
        18385.3          577676 
          18427          573303 
        18510.2          564544 
        18593.4          555653 
        18602.1          554714 
        18676.6          546521 
        18751.1          538500 
        18825.6          532588 
        18900.2          526770 
        18974.7          520694 
        19049.2          514458 
        19123.7          508171 
        19198.3          501898 
        19272.8          495665 
        19347.3          489495 
          19393          485747 
        19421.9          483400 
        19450.7          481063 
        19508.3          476429 
        19565.9          471993 
        19623.6          467438 
        19681.2          462939 
        19738.8          458490 
        19796.5          454095 
        19854.1          449754 
        19911.7          445459 
        19969.4          441218 
          20027          437024 
        20084.6          432880 
        20142.3          428787 
        20199.9          424737 
        20257.5          420735 
        20315.2          416779 
        20372.8          412871 
        20386.4          411951 
        20430.4          409007 
        20474.4          406089 
        20562.3          400327 
        20650.3          394669 
        20738.2          389108 
        20826.2          383642 
        20914.1          378270 
        21002.1          372992 
          21090          367802 
        21177.9          362703 
        21265.9          357689 
        21353.8          352760 
        21441.8          347913 
        21529.7          343150 
        21604.7          339151 
        21617.7          338466 
        21630.6          337784 
        21656.5          336421 
        21708.4          333719 
        21760.2          331045 
          21812          328394 
        21863.8          325771 
        21915.7          323176 
        21967.5          320603 
        22019.3          318055 
        22071.1          315535 
          22123          313037 
        22174.8          310564 
        22226.6          308115 
        22278.4          305690 
        22330.3          303288 
        22382.1          300909 
        22433.9          298554 
        22485.8          296221 
        22537.6          293910 
        22589.4          291622 
        22641.2          289355 
        22693.1          287111 
        22702.9          286686 
        22744.9          284888 
        22784.8          283188 
        22786.8          283103 
        22788.8          283019 
        22792.8          282850 
        22800.8          282511 
        22816.8          281837 
        22848.8          280493 
        22912.8          277830 
        22976.8          275198 
        23040.8          272597 
        23104.8          270026 
        23168.7          267485 
        23232.7          264973 
        23296.7          262491 
        23360.7          260037 
        23424.7          257611 
        23488.6          255213 
        23552.6          252842 
        23616.6          250499 
        23680.6          248182 
        23744.6          245892 
        23808.6          243628 
        23872.5          241389 
        23936.5          239176 
        24000.5          236988 
        24064.5          234825 
        24128.5          232685 
        24192.5          230570 
        24256.4          228479 
        24320.4          226410 
        24384.4          224366 
        24448.4          222343 
        24512.4          220344 
        24576.3          218366 
        24640.3          216410 
        24704.3          214477 
        24768.3          212564 
        24832.3          210672 
        24896.3          208801 
        24960.2          206951 
        25004.4          205684 
        25024.2          205120 
          25044          204558 
        25083.6          203440 
        25162.8          201227 
        25241.9          199044 
        25321.1          196889 
        25400.2          194764 
        25479.4          192667 
        25558.5          190597 
        25637.7          188556 
        25716.9          186541 
          25796          184552 
        25875.2          182590 
        25954.3          180653 
        26033.5          178742 
        26112.7          176856 
        26191.8          174994 
          26271          173157 
        26350.1          171343 
        26429.3          169553 
        26508.4          167786 
        26587.6          166041 
        26666.8          164319 
        26745.9          162619 
        26825.1          160941 
        26904.2          159284 
        26983.4          157648 
        27062.6          156033 
        27141.7          154438 
        27142.5          154422 
        27220.9          152864 
        27299.2          151325 
        27377.5          149807 
        27455.8          148307 
        27534.2          146825 
        27612.5          145363 
        27690.8          143918 
        27769.1          142490 
        27847.5          141081 
        27925.8          139688 
        28004.1          138313 
        28082.4          136954 
        28160.8          135612 
        28239.1          134286 
        28317.4          132976 
        28395.7          131681 
          28474          130403 
        28552.4          129140 
        28630.7          127891 
          28709          126658 
        28787.3          125440 
        28865.7          124236 
          28944          123046 
        29022.3          121870 
        29100.6          120708 
          29179          119560 
        29257.3          118426 
        29335.6          117304 
        29413.9          116196 
        29492.3          115101 
        29570.6          114018 
        29648.9          112949 
        29727.2          111891 
        29805.5          110846 
        29883.9          109813 
        29932.6          109176 
        29962.2          108792 
        29991.8          108409 
