# Koester WD models
# teff = 5250 K (value for the effective temperature for the model. Temperatures are given in K)
# logg = 8.25 log(cm/s2) (value for Log(G) for the model.)
#
# column 1: WAVELENGTH (ANGSTROM), Wavelength in Angstrom
# column 2: FLUX (ERG/CM2/S/A), Flux in erg/cm2/s/A
         899.23     0.000747954 
         900.63     0.000785637 
        902.031     0.000825086 
        902.627     0.000842446 
        903.431     0.000866373 
        904.235     0.000890931 
        905.843     0.000942003 
        907.451     0.000995791 
        908.875      0.00104585 
        909.059      0.00105243 
         909.18      0.00105683 
        909.241      0.00105904 
        909.606      0.00107239 
        909.733      0.00107708 
        910.032      0.00108816 
        910.783      0.00111653 
        910.884      0.00112035 
        912.034      0.00116524 
        913.037      0.00120574 
        913.241      0.00121414 
        913.284      0.00121592 
        913.478      0.00122398 
        913.531      0.00122619 
        913.755      0.00123552 
        913.822      0.00123834 
         914.08      0.00124924 
        914.165      0.00125286 
        914.499      0.00126715 
        914.575      0.00127042 
        915.071      0.00129193 
         915.54      0.00131262 
        915.609      0.00131564 
        915.643      0.00131716 
        915.677      0.00131867 
        915.741      0.00132153 
        915.813      0.00132476 
        916.085        0.001337 
        916.429      0.00135264 
        916.858      0.00137233 
        917.118      0.00138442 
        917.196      0.00138807 
        917.378      0.00139661 
        917.899       0.0014213 
        917.952      0.00142384 
        918.287      0.00143998 
        918.602      0.00145526 
        919.251      0.00148733 
        920.215      0.00153614 
        921.882      0.00162404 
        921.999      0.00163039 
        922.143      0.00163824 
        922.405      0.00165255 
         922.81      0.00167498 
        923.621      0.00172052 
        925.001       0.0018011 
        925.242      0.00181568 
        925.484      0.00183021 
        925.564      0.00183506 
        925.966      0.00185934 
        926.164      0.00187089 
        926.369      0.00188281 
        927.173      0.00193007 
        927.276      0.00193616 
        928.182      0.00199159 
        928.917      0.00203654 
         928.98      0.00204182 
        929.089      0.00205111 
        929.261      0.00206636 
        929.317      0.00207133 
        929.543       0.0020907 
        929.655      0.00209917 
        929.769      0.00210714 
        929.827      0.00211115 
        929.883      0.00211502 
         929.91      0.00211689 
        929.939       0.0021189 
        929.954      0.00211994 
        929.968      0.00212091 
        929.982      0.00212189 
        929.996      0.00212286 
         930.01      0.00212383 
        930.024      0.00212481 
        930.038      0.00212578 
        930.052      0.00212675 
        930.081      0.00212877 
        930.137      0.00213268 
        930.201      0.00213715 
        930.247      0.00214037 
        930.249      0.00214051 
        930.251      0.00214065 
        930.301      0.00214413 
        930.326       0.0021458 
        930.329      0.00214601 
        930.402      0.00215091 
        930.478      0.00215556 
         930.63      0.00216357 
        930.931      0.00217658 
        931.229      0.00218974 
         931.49      0.00220239 
        931.534       0.0022046 
        931.838      0.00222101 
        931.968      0.00222594 
        932.447      0.00225199 
        932.925      0.00228377 
        933.265      0.00230804 
        933.403      0.00231824 
        933.432      0.00232034 
        933.542      0.00232864 
        933.652      0.00233707 
        933.872       0.0023543 
        933.973      0.00236237 
        934.073      0.00237046 
        934.312       0.0023903 
        934.316      0.00239064 
        934.652      0.00241991 
        934.773      0.00243115 
         935.23      0.00247479 
        935.687       0.0025244 
        936.144      0.00257893 
        936.372      0.00260595 
        936.601      0.00262966 
        936.714       0.0026398 
        936.829      0.00264966 
        936.887      0.00265461 
        936.944      0.00265949 
        936.973      0.00266198 
        937.001      0.00266438 
        937.015      0.00266558 
        937.029      0.00266678 
        937.043      0.00266798 
        937.058      0.00266928 
        937.072      0.00267048 
        937.086      0.00267168 
        937.101      0.00267297 
        937.115      0.00267418 
        937.143      0.00267659 
          937.2      0.00268151 
        937.314      0.00269136 
        937.493      0.00270664 
        937.542      0.00271056 
        937.593      0.00271437 
        937.694      0.00272121 
        937.788      0.00272685 
        937.894       0.0027323 
            938      0.00273749 
        938.212      0.00274708 
        938.359      0.00275413 
        938.556      0.00276422 
        938.636      0.00276866 
        938.914       0.0027851 
        939.271      0.00281028 
        939.986      0.00286811 
         940.58      0.00292102 
         940.66      0.00292851 
        940.675      0.00292992 
          940.7      0.00293227 
         940.74      0.00293604 
        940.787      0.00294051 
        940.901      0.00295126 
        941.221      0.00298213 
        941.861      0.00304556 
        943.048      0.00316588 
        943.457      0.00321055 
        944.382      0.00330452 
        945.308      0.00339876 
         945.77      0.00344884 
        946.233       0.0035019 
        946.696      0.00356074 
        947.158      0.00362612 
        947.621      0.00369894 
        948.083      0.00377613 
        948.314      0.00381239 
        948.546      0.00384377 
        948.661      0.00385797 
        948.777      0.00387204 
        948.835      0.00387908 
        948.893      0.00388615 
        948.922       0.0038897 
        948.951      0.00389322 
        948.966      0.00389504 
         948.98      0.00389677 
        948.994      0.00389847 
        949.009      0.00390032 
        949.023      0.00390202 
        949.037      0.00390371 
        949.052      0.00390557 
        949.066      0.00390726 
        949.095      0.00391081 
        949.153      0.00391794 
         949.23       0.0039274 
        949.258      0.00393085 
        949.269      0.00393221 
         949.28      0.00393356 
         949.33      0.00393971 
         949.36      0.00394342 
         949.43        0.003952 
          949.5      0.00396042 
         949.64      0.00397609 
        949.795      0.00399095 
        949.879      0.00399824 
        949.921      0.00400167 
        949.963      0.00400493 
        950.047      0.00401115 
        950.131      0.00401753 
        950.467      0.00404138 
        950.888      0.00407465 
        951.308      0.00411426 
        951.728      0.00415978 
        952.149      0.00421152 
          952.4      0.00424429 
        952.569      0.00426716 
        952.738      0.00429104 
        953.076      0.00434033 
        953.753      0.00444551 
        954.198      0.00451755 
         954.43      0.00455641 
        955.106      0.00467139 
        956.014       0.0048307 
         956.37      0.00489391 
         957.83      0.00515677 
        958.148      0.00521508 
        959.289      0.00542852 
         960.43      0.00564318 
        961.192      0.00579124 
        962.712      0.00609205 
        963.468      0.00624611 
        964.231      0.00640395 
         965.75      0.00672389 
        966.767      0.00694352 
        968.032      0.00722394 
        968.668      0.00736813 
        968.979      0.00743869 
        969.297      0.00751051 
        969.453      0.00754535 
        969.927      0.00764852 
          970.4       0.0077422 
        970.638      0.00778044 
        970.874      0.00779882 
        970.992      0.00779633 
         971.11      0.00778094 
         971.23      0.00774754 
        971.348      0.00769448 
        971.535      0.00761497 
        971.567      0.00761855 
        971.584      0.00762521 
        971.635      0.00766225 
        971.644       0.0076724 
        971.703      0.00774836 
        971.732      0.00778402 
        971.762      0.00780692 
        971.778      0.00781254 
        971.792      0.00781597 
        971.806      0.00781924 
        971.821      0.00782272 
        971.827      0.00782411 
        971.833      0.00782552 
        971.836      0.00782621 
        971.839       0.0078269 
        971.851       0.0078297 
        971.866      0.00783318 
         971.88      0.00783645 
         971.91      0.00784248 
        971.969      0.00781694 
        972.037      0.00775983 
        972.087      0.00774211 
        972.137      0.00775188 
         972.15      0.00775709 
        972.199      0.00779096 
        972.237      0.00782568 
        972.324      0.00791653 
        972.348      0.00794207 
        972.499      0.00807763 
        972.649       0.0081803 
        972.798      0.00826154 
        972.948      0.00832864 
        973.047      0.00836672 
        973.097      0.00838472 
        973.248      0.00843637 
        973.396      0.00848613 
        973.746      0.00859301 
        974.444      0.00879153 
         975.64      0.00912608 
        976.759      0.00944187 
        978.032      0.00981038 
        979.305       0.0101902 
        979.778       0.0103346 
        981.851       0.0109879 
        983.923       0.0116776 
        985.373       0.0121825 
        985.996       0.0124052 
        986.414       0.0125569 
        986.618       0.0126317 
        987.863       0.0130978 
        989.312        0.013659 
        990.541       0.0141513 
        990.761       0.0142412 
         992.21       0.0148455 
         993.88       0.0155701 
        995.549       0.0163264 
        995.989       0.0165314 
        997.218       0.0171157 
        997.574       0.0172885 
        997.806       0.0174019 
        998.447       0.0177185 
        999.319       0.0181581 
        999.435       0.0182174 
        1001.06       0.0190678 
        1002.69       0.0199543 
        1004.32       0.0208783 
        1005.84       0.0217712 
        1005.95       0.0218411 
        1007.58       0.0228443 
        1009.33       0.0239656 
        1011.07        0.025136 
         1011.3       0.0252956 
        1012.82       0.0263583 
        1014.33       0.0274622 
        1015.38       0.0282528 
        1015.84         0.02861 
        1017.36       0.0297992 
        1017.62       0.0300146 
        1019.05       0.0311826 
        1019.33       0.0314206 
        1021.04       0.0328695 
        1022.04       0.0337153 
        1022.54        0.034112 
        1023.04       0.0344812 
        1023.29       0.0346483 
        1023.54       0.0347507 
        1023.79       0.0348164 
        1023.99       0.0347969 
        1024.04       0.0347784 
        1024.09       0.0347479 
        1024.19       0.0346892 
        1024.24       0.0346398 
        1024.39       0.0344658 
        1024.54       0.0341925 
        1024.59       0.0340938 
        1024.69       0.0339528 
        1024.79       0.0340225 
        1024.85       0.0342251 
        1024.87       0.0343037 
        1024.89       0.0344165 
        1024.91       0.0345362 
        1024.95        0.034681 
        1024.98       0.0347683 
        1024.99       0.0347903 
        1025.01       0.0348063 
        1025.03       0.0348211 
        1025.04       0.0348349 
        1025.06       0.0348497 
        1025.07       0.0348645 
        1025.09       0.0348783 
         1025.1        0.034893 
        1025.13       0.0349213 
         1025.2       0.0348751 
        1025.27       0.0346395 
        1025.32       0.0345355 
        1025.37       0.0345208 
        1025.47       0.0347184 
        1025.52       0.0348908 
        1025.57       0.0350841 
        1025.62       0.0352879 
        1025.72       0.0356634 
        1025.77       0.0358352 
        1025.92       0.0362816 
        1026.07       0.0366649 
        1026.22       0.0369957 
        1026.52       0.0375433 
        1026.56       0.0376152 
        1026.82        0.038012 
        1027.07       0.0383406 
        1027.58       0.0389532 
        1028.11       0.0395756 
        1028.59       0.0401078 
         1028.8       0.0403368 
        1029.07       0.0406337 
        1029.34       0.0409315 
        1029.88       0.0415281 
        1030.96       0.0427385 
        1033.08       0.0451745 
        1033.13       0.0452358 
        1033.19       0.0452971 
        1033.23       0.0453479 
        1033.29       0.0454199 
         1033.5       0.0456665 
        1033.91       0.0461632 
        1034.75       0.0471716 
        1036.27       0.0490629 
        1037.78        0.051022 
        1039.17       0.0528761 
        1039.26        0.052993 
         1039.3       0.0530514 
        1039.34       0.0531099 
         1039.5       0.0533282 
        1039.52       0.0533446 
        1039.86       0.0538167 
        1040.55       0.0547721 
        1041.92       0.0567299 
        1044.35       0.0603286 
        1046.77       0.0641356 
        1049.03       0.0678879 
        1049.19       0.0681609 
        1049.35       0.0684352 
        1049.67       0.0689872 
        1050.31       0.0701031 
        1051.59       0.0723848 
        1053.95       0.0767711 
        1054.15       0.0771537 
        1054.35        0.077538 
        1054.75       0.0783121 
        1054.95       0.0787019 
        1055.55       0.0798816 
        1057.15       0.0831071 
        1059.36       0.0877368 
        1061.56       0.0925953 
        1063.16       0.0962816 
        1063.76       0.0976985 
        1064.36       0.0991342 
        1065.56        0.102063 
        1066.56        0.104564 
        1067.96         0.10816 
        1069.36        0.111869 
        1069.96        0.113497 
        1072.16        0.119651 
        1074.36        0.126109 
        1076.56        0.132884 
        1078.16        0.138018 
        1078.69        0.139737 
        1078.76         0.13999 
        1078.98        0.140706 
        1079.36        0.141987 
        1080.57        0.146052 
        1080.71        0.146555 
        1082.44         0.15262 
        1084.17        0.158915 
         1085.9        0.165444 
        1087.64        0.172217 
        1089.32        0.179038 
        1089.37         0.17924 
        1089.42        0.179452 
        1089.52        0.179867 
        1089.72        0.180699 
        1090.12        0.182375 
        1090.67        0.184703 
        1090.92         0.18577 
        1092.52        0.192733 
        1094.37         0.20108 
        1096.22        0.209755 
        1096.77        0.212399 
        1098.07         0.21877 
        1099.37        0.225314 
        1099.57        0.226334 
        1101.97        0.238905 
        1104.37        0.252106 
        1106.78        0.265964 
        1108.98        0.279269 
        1109.18        0.280508 
        1109.38        0.281752 
        1109.78        0.284271 
        1109.98        0.285538 
        1110.58        0.289371 
        1112.18        0.299821 
        1114.38         0.31475 
        1116.58        0.330354 
        1118.18        0.342141 
        1118.68        0.345933 
        1118.78        0.346659 
        1119.38        0.351233 
        1120.08        0.356605 
        1121.47        0.367573 
        1123.78        0.386438 
        1124.25        0.390428 
        1124.73        0.394443 
        1125.68        0.402579 
        1125.79        0.403512 
        1127.08        0.414756 
        1127.59        0.419324 
        1127.85        0.421643 
        1129.38        0.435711 
        1129.77        0.439298 
        1131.69        0.457623 
        1133.62        0.476633 
        1135.54        0.496353 
        1137.46        0.516801 
        1139.39        0.537991 
        1141.31        0.559942 
        1142.08        0.568927 
        1143.23        0.582659 
           1144        0.591977 
        1144.39         0.59667 
         1146.7        0.625548 
        1149.39         0.66069 
        1149.77         0.66581 
        1152.08        0.697295 
        1154.39        0.729713 
         1156.7        0.763237 
        1158.62        0.791678 
           1159        0.797248 
        1159.01        0.797368 
        1159.39        0.803151 
        1160.16        0.814822 
         1161.7        0.838428 
        1164.39        0.880127 
        1169.39        0.958883 
         1171.9        0.998942 
         1174.4         1.04113 
        1175.65         1.06389 
         1176.9          1.0881 
        1177.86          1.1078 
        1178.15         1.11389 
         1179.4         1.14112 
        1180.94         1.17625 
        1182.86         1.22192 
        1184.01         1.25025 
        1185.17         1.27912 
        1185.56         1.28895 
        1187.48         1.33837 
         1189.4         1.38916 
        1191.32         1.44174 
        1192.09         1.46317 
        1193.24         1.49633 
        1194.03         1.51935 
         1194.4         1.53018 
        1196.72         1.59985 
         1196.9         1.60549 
         1199.4         1.68379 
         1201.9         1.76613 
         1204.4         1.85426 
         1206.9         1.94778 
        1208.48          2.0092 
         1209.4         2.04586 
        1210.33         2.08284 
        1211.64         2.13596 
        1212.16         2.15708 
        1212.69         2.17812 
        1213.61         2.21513 
        1213.74         2.22044 
        1213.81         2.22299 
        1213.88         2.22576 
        1214.14         2.23643 
        1214.17         2.23782 
        1214.47         2.24994 
        1214.62         2.25602 
        1214.76         2.26212 
        1214.84         2.26517 
        1214.91         2.26823 
        1214.95         2.26976 
        1214.98         2.27129 
           1215         2.27208 
        1215.02         2.27282 
        1215.04         2.27357 
        1215.06         2.27435 
        1215.08          2.2751 
         1215.1         2.27585 
        1215.11         2.27663 
        1215.13         2.27738 
        1215.17         2.27892 
        1215.24         2.28199 
        1215.39         2.28815 
        1215.64         2.29842 
        1215.69         2.30052 
        1215.74         2.30261 
         1215.8         2.30504 
        1215.84          2.3068 
        1216.04         2.31521 
        1216.06         2.31635 
        1216.28         2.32543 
        1216.76         2.34597 
        1217.46         2.37592 
        1218.32         2.41266 
        1218.86         2.43588 
        1218.98         2.44111 
        1219.41         2.45857 
        1219.83         2.47583 
         1220.1         2.48687 
        1220.67         2.50948 
        1222.36         2.57687 
        1224.62         2.67183 
        1226.88         2.77435 
        1228.86         2.86963 
        1229.13         2.88329 
        1229.41         2.89701 
        1229.74         2.91372 
        1229.96         2.92482 
        1230.18         2.93598 
        1230.62          2.9585 
        1231.49         3.00421 
        1231.69         3.01486 
        1233.24         3.09733 
        1234.79         3.18234 
        1236.38         3.27178 
        1237.89         3.35952 
        1239.41         3.44941 
        1240.47         3.51362 
        1242.44         3.63608 
        1244.41         3.76243 
        1247.29         3.95429 
        1248.35         4.02708 
        1248.65         4.04791 
        1249.41         4.10104 
        1251.53         4.25259 
        1251.91         4.28029 
        1254.41         4.46659 
        1256.91         4.66043 
        1259.41         4.86237 
        1261.91         5.07352 
        1264.41         5.29475 
        1266.91         5.52722 
        1269.41          5.7712 
        1271.91         6.02774 
        1274.41         6.29428 
        1276.91         6.57014 
        1279.42         6.85681 
        1281.92         7.15334 
        1284.42         7.45921 
        1286.92         7.77576 
        1289.42         8.10405 
        1291.92         8.43995 
        1294.42         8.78763 
        1296.92         9.14668 
        1299.42         9.51833 
        1301.92         9.90711 
        1304.42         10.3107 
        1306.92         10.7264 
        1309.42         11.1565 
        1311.92         11.5976 
        1314.42         12.0531 
        1316.92         12.5248 
        1319.42         13.0134 
        1321.92         13.5188 
        1324.42         14.0423 
        1326.92         14.5888 
        1329.42         15.1542 
        1334.42         16.3275 
        1339.42         17.5753 
        1341.92         18.2282 
        1344.42         18.9024 
        1346.92         19.6071 
        1349.42         20.3379 
        1354.42         21.8712 
        1359.42         23.5054 
        1364.42         25.2222 
        1365.19          25.494 
        1369.42         27.0359 
        1373.65         28.6649 
        1376.35          29.757 
        1377.88          30.397 
        1379.42         31.0491 
        1380.57         31.5457 
         1382.5         32.3904 
        1384.42         33.2563 
        1387.12         34.5047 
        1388.27         35.0507 
        1389.03         35.4149 
        1389.42          35.604 
        1391.73          36.734 
        1394.42         38.0893 
        1399.42          40.693 
        1404.42         43.4501 
        1409.42         46.3762 
        1414.42         49.4986 
        1419.42         52.8331 
        1424.42         56.3445 
        1429.42         60.0475 
        1434.42          63.917 
        1439.42         67.9797 
        1444.42         72.2447 
        1449.42         76.7884 
        1454.42         81.6462 
        1459.42         86.7793 
        1464.42         92.2262 
        1465.96         93.9685 
        1469.42         97.9765 
        1472.88         102.097 
        1473.27         102.555 
        1474.42         103.945 
        1476.35         106.297 
        1479.42         110.127 
        1484.42         116.591 
        1489.42          123.35 
        1494.42         130.414 
        1499.42         137.877 
        1504.42         145.833 
        1509.42         154.264 
        1514.42         163.151 
        1519.42         172.528 
        1524.42         182.482 
        1529.42         193.024 
        1534.42         203.917 
        1539.42         215.095 
        1544.42          226.67 
        1549.42         238.654 
        1554.42         250.991 
        1559.42         263.615 
        1564.42         276.675 
        1566.72         282.915 
        1569.42         290.453 
        1570.19         292.648 
        1572.11         298.195 
        1574.41         305.026 
         1574.8         306.178 
        1579.41         320.358 
        1584.41         336.389 
        1589.41         353.109 
        1594.41         370.585 
        1599.41         389.036 
        1604.41         408.357 
        1609.41         428.915 
        1614.41         450.727 
        1619.41         473.906 
        1624.41         498.668 
        1629.41         525.152 
        1634.41         553.121 
        1639.41         582.486 
        1644.41         612.739 
        1649.41         643.671 
        1654.41         675.329 
        1659.41         707.773 
        1664.41          741.51 
        1665.56         749.418 
         1669.4         776.275 
        1670.17         781.732 
        1673.25         803.937 
         1674.4         812.419 
        1676.33         826.738 
         1679.4         850.052 
         1684.4         889.372 
         1689.4         930.574 
         1694.4         973.504 
         1699.4         1018.15 
         1704.4         1064.19 
         1709.4          1111.8 
         1714.4         1161.21 
         1719.4         1212.36 
         1724.4          1265.8 
         1729.4         1320.85 
         1734.4         1377.64 
         1739.4         1436.06 
         1744.4         1496.42 
        1749.39         1558.12 
        1754.39          1621.8 
        1759.39         1687.55 
        1764.39         1755.51 
        1767.08         1793.04 
        1767.85         1803.89 
        1769.39         1825.74 
         1771.7         1859.05 
        1774.39         1898.71 
        1775.55         1915.92 
        1779.39         1974.26 
        1784.39         2053.12 
        1789.39         2134.65 
        1794.39         2218.08 
        1799.39         2304.24 
        1809.39         2484.02 
        1819.38         2675.76 
           1824            2768 
        1829.38         2878.92 
        1834.77         2993.49 
        1840.15         3111.34 
        1845.54         3233.01 
        1850.92         3359.05 
         1856.3         3490.47 
           1864         3683.99 
        1867.07         3763.25 
        1870.14         3843.93 
        1876.29         4011.03 
        1882.44         4184.19 
        1888.59         4363.61 
        1894.73         4549.34 
        1900.88         4741.64 
        1906.98         4939.24 
        1907.03         4940.78 
        1913.17          5146.9 
        1919.37         5361.85 
        1925.56         5582.14 
        1931.76         5811.04 
        1937.95         6054.45 
        1944.14         6298.23 
        1944.47         6311.37 
        1956.53         6816.63 
        1968.59         7345.51 
        1980.65          7906.7 
        1992.71         8502.31 
        2004.77         9134.02 
        2015.84         9747.29 
        2016.83         9803.56 
        2017.81         9860.05 
        2019.79         9974.46 
        2023.73         10210.1 
        2031.63           10691 
        2039.52           11181 
        2047.42         11688.6 
        2055.31         12214.6 
        2059.38         12492.9 
         2063.2         12759.2 
        2067.03           13030 
        2074.69         13589.1 
        2082.34         14167.1 
        2089.99         14764.7 
        2094.36         15114.1 
        2097.65         15382.5 
         2105.3         16020.6 
        2116.25         16970.2 
         2127.2         17966.1 
        2132.72         18491.7 
        2138.15         19023.5 
         2149.1         20110.7 
        2157.29         20953.4 
        2165.47         21824.2 
        2173.66         22721.8 
        2181.85         23648.4 
        2190.04         24605.1 
        2198.13           25580 
        2198.22         25591.9 
        2206.41         26610.2 
         2214.7         27672.9 
        2231.26         29873.8 
        2231.75         29940.2 
        2247.83         32201.6 
        2255.87         33374.4 
        2263.91         34596.5 
        2271.95         35907.8 
           2280         37227.2 
        2296.08         39972.7 
        2311.19         42703.7 
        2312.16         42885.3 
        2313.13         43067.2 
        2315.08         43421.2 
        2318.97         44135.6 
        2326.75         45591.4 
        2342.32         48661.4 
        2353.41         50961.3 
        2357.88         51913.2 
        2362.35         52884.9 
         2371.3         54901.2 
        2380.24         56987.2 
        2389.19         59141.7 
        2398.13         61424.1 
        2404.88         63220.2 
        2407.07         63816.4 
        2409.27         64417.7 
        2413.67           65643 
        2422.47           68176 
        2423.93         68609.2 
        2431.26         70920.5 
        2431.99         71150.8 
        2440.06         73751.4 
        2448.13         76455.4 
        2451.59         77651.4 
        2456.19         79271.8 
        2460.79         81117.8 
        2465.39         82963.2 
        2474.59         86794.7 
        2475.96         87382.8 
        2483.79         90852.3 
        2484.47         91164.9 
        2492.99         95186.8 
         2501.5         99494.9 
        2510.01          104015 
        2518.53          108605 
        2527.04          113424 
         2528.9          114512 
        2535.55          118467 
        2544.07          123681 
        2551.65          128459 
        2555.44          130890 
        2559.23          133364 
        2563.02          136142 
        2566.81          138971 
        2570.61          141849 
         2574.4          144778 
        2578.19          147759 
        2585.77          153918 
        2593.35          160316 
        2600.94          166922 
        2608.52          173821 
         2616.1          180875 
        2623.68          188137 
        2631.27          195655 
        2638.85          203402 
        2650.36          215590 
        2654.02          219566 
        2657.67          223603 
        2664.98          230512 
        2672.28          237499 
         2686.9          251727 
        2701.52          266322 
        2716.13          281303 
        2730.75          296715 
        2734.62          300882 
        2745.36          312610 
        2756.11          324574 
        2766.85          337379 
         2777.6          350473 
        2799.09          377635 
        2820.58          406051 
         2829.6          418347 
        2842.07          435761 
        2854.55          453646 
        2867.02          473466 
         2879.5          493852 
        2904.45          536430 
        2905.81          538827 
         2929.4          581383 
        2952.98          625950 
        2976.57          670315 
        2996.07          708420 
        3000.16          716578 
        3023.74          764940 
        3037.58          794245 
         3044.5          809152 
        3051.42          824228 
        3058.34          841384 
        3065.26          858776 
        3072.18          876454 
         3079.1          894352 
        3086.02          912476 
        3099.85          949389 
         3105.2          963897 
        3127.53      1.02578e+6 
        3138.69      1.05758e+6 
        3149.86      1.08996e+6 
        3161.02       1.1263e+6 
        3172.18      1.16349e+6 
        3194.51       1.2402e+6 
        3216.84      1.32002e+6 
        3230.04      1.36864e+6 
        3239.16      1.40285e+6 
        3243.73      1.42013e+6 
        3248.29      1.43753e+6 
        3252.86      1.45058e+6 
        3257.42      1.46367e+6 
        3261.99      1.47682e+6 
        3266.55      1.49002e+6 
        3275.68      1.51656e+6 
        3293.94      1.57025e+6 
        3314.17      1.63065e+6 
        3330.45       1.6799e+6 
        3346.73      1.72972e+6 
        3378.52      1.83069e+6 
        3379.29      1.83316e+6 
        3411.84      1.93876e+6 
        3445.17      2.04891e+6 
        3480.03      2.16511e+6 
        3495.92      2.21866e+6 
        3511.82      2.27257e+6 
         3543.6      2.38133e+6 
        3591.28      2.54624e+6 
        3635.88      2.70212e+6 
        3638.96      2.71294e+6 
        3642.04      2.72395e+6 
        3643.12      2.72779e+6 
        3645.12      2.73493e+6 
        3645.28       2.7355e+6 
        3647.12      2.74206e+6 
        3648.96      2.74862e+6 
        3651.32      2.75703e+6 
        3652.64      2.76174e+6 
        3653.96      2.76644e+6 
        3654.24      2.76744e+6 
         3656.6      2.77584e+6 
        3658.96      2.78424e+6 
         3663.4      2.80002e+6 
        3663.68      2.80102e+6 
        3663.96      2.80201e+6 
        3664.52        2.804e+6 
        3665.64      2.80797e+6 
         3666.8      2.81209e+6 
        3667.88      2.81593e+6 
        3668.28      2.81735e+6 
        3668.95      2.81976e+6 
        3671.11      2.82742e+6 
        3673.95       2.8375e+6 
         3675.2      2.84192e+6 
        3678.95      2.85521e+6 
        3682.58      2.86806e+6 
         3682.7      2.86848e+6 
        3682.82      2.86891e+6 
        3683.06      2.86975e+6 
        3683.18      2.87017e+6 
        3683.54      2.87145e+6 
         3684.5      2.87485e+6 
        3684.82      2.87597e+6 
        3685.83      2.87953e+6 
        3686.83      2.88308e+6 
        3688.74      2.88983e+6 
        3688.85       2.8902e+6 
        3688.94      2.89053e+6 
        3688.95      2.89057e+6 
        3689.16       2.8913e+6 
        3689.38      2.89207e+6 
        3689.73      2.89332e+6 
        3689.82      2.89362e+6 
         3689.9      2.89392e+6 
        3690.07      2.89452e+6 
        3690.41      2.89572e+6 
        3690.62      2.89648e+6 
        3691.09      2.89812e+6 
        3691.47      2.89946e+6 
        3691.55      2.89976e+6 
         3691.7      2.90027e+6 
        3692.48      2.90304e+6 
         3693.5      2.90662e+6 
         3694.4      2.90979e+6 
         3695.3      2.91297e+6 
        3695.81      2.91477e+6 
         3696.2      2.91614e+6 
        3696.53       2.9173e+6 
        3696.59      2.91751e+6 
        3696.65      2.91773e+6 
        3696.67      2.91779e+6 
        3696.76      2.91812e+6 
        3696.77      2.91816e+6 
        3696.87      2.91852e+6 
        3696.93      2.91872e+6 
        3696.99      2.91892e+6 
        3697.04      2.91911e+6 
         3697.1      2.91931e+6 
        3697.15      2.91951e+6 
        3697.21      2.91971e+6 
        3697.26       2.9199e+6 
        3697.32       2.9201e+6 
        3697.35      2.92019e+6 
        3697.41       2.9204e+6 
        3697.43       2.9205e+6 
        3697.46       2.9206e+6 
         3697.5      2.92073e+6 
        3697.53      2.92083e+6 
        3697.58      2.92101e+6 
        3697.66      2.92129e+6 
        3697.82      2.92185e+6 
        3698.11      2.92288e+6 
        3698.43      2.92401e+6 
        3698.69      2.92492e+6 
        3698.89      2.92562e+6 
        3698.95      2.92583e+6 
        3699.01      2.92605e+6 
        3699.13      2.92648e+6 
        3699.37      2.92734e+6 
        3699.53       2.9279e+6 
        3699.86      2.92905e+6 
        3699.88      2.92911e+6 
        3700.19      2.93021e+6 
         3700.2      2.93024e+6 
         3700.5      2.93131e+6 
        3700.81      2.93238e+6 
        3700.84       2.9325e+6 
        3701.09      2.93338e+6 
        3701.42      2.93453e+6 
        3701.99      2.93656e+6 
        3702.44      2.93814e+6 
        3702.89      2.93973e+6 
        3703.12      2.94052e+6 
        3703.35      2.94132e+6 
        3703.46      2.94171e+6 
        3703.57      2.94211e+6 
        3703.63      2.94231e+6 
        3703.68       2.9425e+6 
        3703.74       2.9427e+6 
         3703.8       2.9429e+6 
        3703.85       2.9431e+6 
        3703.91       2.9433e+6 
        3703.97       2.9435e+6 
        3704.02      2.94369e+6 
        3704.09      2.94391e+6 
        3704.13      2.94409e+6 
        3704.18      2.94427e+6 
        3704.21      2.94435e+6 
        3704.22       2.9444e+6 
        3704.28      2.94462e+6 
        3704.31      2.94472e+6 
        3704.36      2.94488e+6 
        3704.41      2.94505e+6 
        3704.49      2.94534e+6 
        3704.57      2.94561e+6 
        3704.59      2.94569e+6 
        3704.69      2.94604e+6 
        3704.81      2.94647e+6 
        3705.05      2.94733e+6 
        3705.37      2.94844e+6 
        3705.54      2.94904e+6 
        3705.71      2.94964e+6 
        3706.05      2.95084e+6 
        3706.07      2.95091e+6 
        3706.73      2.95322e+6 
        3707.27       2.9551e+6 
        3707.39      2.95554e+6 
        3707.51      2.95597e+6 
        3707.61      2.95632e+6 
        3707.76      2.95685e+6 
        3707.91      2.95737e+6 
        3708.12      2.95809e+6 
        3708.21      2.95842e+6 
         3708.3      2.95874e+6 
        3708.49      2.95938e+6 
        3708.76      2.96036e+6 
        3708.85      2.96068e+6 
        3708.87      2.96074e+6 
        3708.95        2.961e+6 
        3709.13      2.96164e+6 
        3709.21      2.96191e+6 
        3709.49      2.96291e+6 
        3710.11      2.96508e+6 
         3710.9      2.96787e+6 
        3711.01      2.96825e+6 
        3711.12      2.96863e+6 
        3711.21      2.96896e+6 
        3711.32      2.96935e+6 
        3711.34       2.9694e+6 
        3711.46      2.96984e+6 
        3711.52      2.97003e+6 
        3711.58      2.97023e+6 
         3711.6      2.97033e+6 
        3711.69      2.97063e+6 
        3711.75      2.97083e+6 
         3711.8      2.97102e+6 
        3711.86      2.97122e+6 
        3711.91      2.97142e+6 
        3711.97      2.97161e+6 
        3712.03      2.97181e+6 
        3712.08      2.97201e+6 
        3712.14      2.97221e+6 
         3712.2      2.97243e+6 
        3712.25       2.9726e+6 
         3712.3      2.97278e+6 
        3712.33      2.97287e+6 
        3712.33      2.97288e+6 
         3712.4      2.97313e+6 
        3712.48       2.9734e+6 
        3712.63      2.97393e+6 
        3712.93      2.97498e+6 
        3713.23      2.97603e+6 
        3713.53      2.97709e+6 
        3713.83      2.97815e+6 
        3714.24      2.97958e+6 
        3714.42      2.98021e+6 
        3714.44      2.98028e+6 
        3714.64      2.98097e+6 
        3715.03      2.98235e+6 
        3715.64      2.98448e+6 
        3716.76      2.98842e+6 
        3716.79      2.98851e+6 
        3716.86      2.98875e+6 
        3716.95      2.98909e+6 
        3717.14      2.98975e+6 
        3717.52      2.99108e+6 
        3718.19      2.99341e+6 
        3718.26      2.99366e+6 
        3718.33       2.9939e+6 
        3718.47      2.99439e+6 
        3718.56      2.99469e+6 
        3718.63      2.99496e+6 
        3718.73      2.99532e+6 
        3718.75      2.99537e+6 
        3718.94      2.99605e+6 
        3719.25      2.99713e+6 
        3719.47      2.99791e+6 
        3719.77      2.99895e+6 
        3720.07      2.99999e+6 
        3720.36      3.00089e+6 
        3720.52      3.00141e+6 
        3720.67      3.00186e+6 
        3720.98      3.00284e+6 
         3721.2      3.00351e+6 
        3721.43      3.00418e+6 
        3721.54      3.00452e+6 
        3721.66      3.00485e+6 
        3721.71      3.00502e+6 
        3721.77      3.00519e+6 
        3721.82      3.00535e+6 
        3721.88      3.00551e+6 
        3721.94      3.00568e+6 
        3721.99      3.00585e+6 
        3722.05      3.00602e+6 
        3722.11       3.0062e+6 
        3722.22      3.00653e+6 
         3722.4      3.00706e+6 
        3722.45       3.0072e+6 
         3722.5      3.00736e+6 
         3722.6      3.00765e+6 
         3722.7      3.00794e+6 
         3722.8      3.00825e+6 
         3722.9      3.00855e+6 
        3723.11      3.00916e+6 
        3723.23      3.00953e+6 
        3723.52      3.01038e+6 
        3723.81      3.01124e+6 
        3724.38      3.01295e+6 
        3725.45      3.01611e+6 
        3725.53      3.01636e+6 
        3725.62      3.01661e+6 
        3725.75        3.017e+6 
        3725.78       3.0171e+6 
        3725.92      3.01749e+6 
        3725.93      3.01754e+6 
        3726.11      3.01808e+6 
        3726.48      3.01916e+6 
        3727.04      3.02083e+6 
        3727.37      3.02179e+6 
        3728.15      3.02412e+6 
        3728.64      3.02556e+6 
        3728.94      3.02645e+6 
        3729.01      3.02665e+6 
        3729.24      3.02734e+6 
        3729.84      3.02912e+6 
        3730.68      3.03159e+6 
        3732.19      3.03609e+6 
        3732.34      3.03653e+6 
        3732.49      3.03698e+6 
        3732.79      3.03787e+6 
        3733.35      3.03953e+6 
        3733.38      3.03962e+6 
        3733.39      3.03965e+6 
         3733.4      3.03968e+6 
        3733.45      3.03982e+6 
        3733.55      3.04012e+6 
        3733.65       3.0404e+6 
        3733.75      3.04071e+6 
        3733.86      3.04102e+6 
           3734      3.04145e+6 
        3734.04      3.04157e+6 
        3734.06      3.04163e+6 
        3734.08      3.04169e+6 
        3734.13      3.04183e+6 
        3734.14      3.04185e+6 
        3734.16      3.04193e+6 
         3734.2      3.04202e+6 
        3734.25      3.04218e+6 
        3734.31      3.04235e+6 
        3734.37      3.04251e+6 
        3734.43      3.04268e+6 
        3734.48      3.04286e+6 
        3734.54      3.04303e+6 
        3734.65      3.04337e+6 
        3734.83       3.0439e+6 
        3734.88      3.04405e+6 
        3734.93       3.0442e+6 
        3735.03       3.0445e+6 
        3735.12      3.04478e+6 
        3735.17      3.04492e+6 
        3735.23      3.04509e+6 
        3735.33       3.0454e+6 
        3735.39      3.04557e+6 
        3735.49      3.04588e+6 
        3735.82      3.04683e+6 
           3736      3.04737e+6 
        3736.24      3.04809e+6 
        3736.49      3.04881e+6 
        3736.97      3.05025e+6 
        3737.83      3.05278e+6 
        3737.94      3.05313e+6 
        3738.06      3.05347e+6 
        3738.29      3.05417e+6 
        3738.59      3.05504e+6 
        3738.76      3.05555e+6 
        3738.94      3.05607e+6 
        3739.29      3.05711e+6 
         3739.5      3.05773e+6 
        3739.99      3.05918e+6 
        3740.48      3.06062e+6 
        3741.21       3.0628e+6 
        3741.45      3.06351e+6 
        3741.69      3.06422e+6 
        3742.09       3.0654e+6 
        3742.18      3.06565e+6 
        3742.26       3.0659e+6 
        3742.43       3.0664e+6 
        3742.67      3.06711e+6 
        3742.73       3.0673e+6 
        3742.76      3.06739e+6 
         3742.8      3.06748e+6 
        3742.86      3.06768e+6 
        3742.92      3.06785e+6 
        3743.17      3.06858e+6 
        3743.66      3.07004e+6 
        3744.62      3.07287e+6 
        3744.65      3.07297e+6 
        3746.45      3.07826e+6 
        3747.61      3.08168e+6 
        3748.27      3.08364e+6 
        3748.84      3.08533e+6 
         3748.9      3.08551e+6 
        3748.93       3.0856e+6 
        3748.96      3.08569e+6 
        3748.99      3.08575e+6 
        3749.08      3.08604e+6 
        3749.12      3.08614e+6 
        3749.18      3.08633e+6 
        3749.38      3.08691e+6 
        3749.41        3.087e+6 
        3749.64      3.08767e+6 
        3749.75      3.08801e+6 
        3749.87      3.08834e+6 
        3749.92       3.0885e+6 
        3749.98      3.08866e+6 
        3750.04      3.08882e+6 
        3750.09      3.08898e+6 
        3750.15      3.08914e+6 
        3750.21      3.08931e+6 
        3750.27      3.08949e+6 
        3750.32      3.08967e+6 
        3750.44      3.09002e+6 
        3750.62      3.09055e+6 
        3750.66       3.0907e+6 
        3750.72      3.09085e+6 
        3750.82      3.09114e+6 
        3750.91      3.09142e+6 
        3751.02      3.09173e+6 
        3751.12      3.09205e+6 
        3751.33      3.09267e+6 
        3751.48      3.09311e+6 
        3751.76      3.09392e+6 
        3752.03      3.09474e+6 
        3752.59      3.09637e+6 
        3753.53      3.09915e+6 
         3753.7      3.09963e+6 
        3753.78      3.09988e+6 
        3753.86      3.10011e+6 
        3754.18      3.10107e+6 
        3754.27      3.10133e+6 
        3754.84      3.10299e+6 
        3755.89      3.10609e+6 
        3756.09      3.10666e+6 
        3757.47      3.11074e+6 
        3757.51      3.11085e+6 
        3757.55      3.11096e+6 
        3758.93      3.11503e+6 
        3760.39      3.11931e+6 
        3761.66      3.12303e+6 
        3762.72      3.12614e+6 
        3763.23      3.12765e+6 
        3764.81      3.13227e+6 
        3765.07      3.13303e+6 
         3766.9       3.1384e+6 
        3768.55      3.14323e+6 
        3768.74      3.14376e+6 
        3768.93      3.14433e+6 
        3768.97      3.14445e+6 
         3769.2      3.14511e+6 
        3769.31      3.14546e+6 
        3769.66      3.14646e+6 
        3769.89      3.14712e+6 
        3770.11      3.14778e+6 
        3770.23      3.14813e+6 
        3770.34      3.14844e+6 
         3770.4       3.1486e+6 
        3770.46      3.14876e+6 
        3770.51      3.14891e+6 
        3770.57      3.14907e+6 
        3770.63      3.14923e+6 
        3770.69      3.14938e+6 
        3770.74      3.14957e+6 
         3770.8      3.14976e+6 
        3770.87      3.14998e+6 
        3770.92      3.15011e+6 
        3770.97      3.15026e+6 
        3770.99      3.15033e+6 
           3771      3.15039e+6 
        3771.07      3.15058e+6 
        3771.15       3.1508e+6 
         3771.3      3.15127e+6 
         3771.6      3.15215e+6 
        3771.89        3.153e+6 
        3771.95      3.15319e+6 
        3772.21      3.15391e+6 
        3772.52      3.15485e+6 
        3773.15       3.1567e+6 
        3774.36      3.16019e+6 
         3775.5      3.16352e+6 
        3776.76      3.16723e+6 
        3777.13       3.1683e+6 
        3778.03       3.1709e+6 
         3778.4        3.172e+6 
        3778.93      3.17354e+6 
        3780.73      3.17876e+6 
        3781.84      3.18202e+6 
        3783.05      3.18554e+6 
        3783.16      3.18586e+6 
        3784.26      3.18906e+6 
        3785.37      3.19227e+6 
        3786.22      3.19475e+6 
         3787.4      3.19817e+6 
        3787.57      3.19868e+6 
        3788.92       3.2026e+6 
        3790.45      3.20703e+6 
        3792.84      3.21394e+6 
        3793.49      3.21583e+6 
        3794.14      3.21771e+6 
         3794.9      3.21991e+6 
        3795.07      3.22038e+6 
        3795.44      3.22148e+6 
        3795.99      3.22305e+6 
        3796.45      3.22441e+6 
        3796.92      3.22572e+6 
        3797.15      3.22638e+6 
        3797.38      3.22704e+6 
        3797.49      3.22736e+6 
        3797.61      3.22767e+6 
        3797.67      3.22783e+6 
        3797.72      3.22799e+6 
        3797.78      3.22811e+6 
        3797.84      3.22824e+6 
         3797.9      3.22839e+6 
        3797.96      3.22858e+6 
        3798.01      3.22877e+6 
        3798.07      3.22899e+6 
        3798.19      3.22934e+6 
        3798.37       3.2299e+6 
        3798.42      3.23003e+6 
        3798.47      3.23019e+6 
        3798.57       3.2305e+6 
        3798.66      3.23075e+6 
        3798.75      3.23103e+6 
        3798.77      3.23107e+6 
        3798.84      3.23129e+6 
        3798.88      3.23141e+6 
        3798.92      3.23154e+6 
        3799.05      3.23188e+6 
        3799.09      3.23201e+6 
        3799.43      3.23298e+6 
        3799.47      3.23314e+6 
         3799.8      3.23408e+6 
        3800.56      3.23628e+6 
        3801.65      3.23942e+6 
        3802.32      3.24137e+6 
        3803.83      3.24574e+6 
        3805.35       3.2501e+6 
        3807.84      3.25727e+6 
        3808.38      3.25881e+6 
        3808.92      3.26038e+6 
           3810      3.26349e+6 
        3811.59      3.26804e+6 
        3812.16      3.26971e+6 
        3812.74      3.27137e+6 
         3813.9      3.27467e+6 
        3815.78      3.28007e+6 
        3816.09      3.28099e+6 
        3816.21       3.2813e+6 
        3816.64      3.28256e+6 
        3817.44      3.28491e+6 
         3817.5       3.2851e+6 
        3818.92      3.28925e+6 
        3820.39      3.29365e+6 
        3822.57      3.30015e+6 
        3823.35      3.30247e+6 
        3823.51      3.30294e+6 
        3824.13       3.3048e+6 
        3825.68      3.30942e+6 
         3826.8      3.31275e+6 
        3827.86      3.31589e+6 
        3828.91      3.31903e+6 
        3830.45      3.32359e+6 
        3831.02      3.32528e+6 
        3831.59      3.32698e+6 
           3832      3.32817e+6 
        3832.53      3.32971e+6 
        3832.73      3.33034e+6 
        3833.46      3.33248e+6 
        3833.93      3.33386e+6 
        3834.39      3.33521e+6 
        3834.63      3.33587e+6 
        3834.86      3.33653e+6 
        3834.97      3.33687e+6 
        3835.09      3.33716e+6 
        3835.15      3.33731e+6 
        3835.21      3.33744e+6 
        3835.27      3.33757e+6 
        3835.33      3.33769e+6 
        3835.38      3.33782e+6 
        3835.44      3.33804e+6 
         3835.5      3.33826e+6 
        3835.56      3.33848e+6 
        3835.63      3.33873e+6 
        3835.68      3.33888e+6 
        3835.73      3.33907e+6 
        3835.74      3.33914e+6 
        3835.77      3.33923e+6 
        3835.83      3.33939e+6 
        3835.91      3.33964e+6 
        3836.07      3.34017e+6 
        3836.38      3.34108e+6 
        3836.65       3.3419e+6 
        3836.98      3.34291e+6 
        3837.03      3.34303e+6 
        3837.31      3.34388e+6 
        3837.97      3.34586e+6 
        3838.65      3.34787e+6 
        3838.91      3.34866e+6 
        3839.18      3.34944e+6 
         3839.7      3.35098e+6 
        3840.76      3.35409e+6 
        3842.75         3.36e+6 
        3842.83      3.36022e+6 
        3842.87      3.36034e+6 
        3842.91      3.36047e+6 
        3843.07      3.36091e+6 
        3843.38      3.36185e+6 
           3844      3.36367e+6 
        3844.59      3.36543e+6 
        3845.25      3.36735e+6 
        3845.55      3.36826e+6 
        3845.91       3.3693e+6 
        3847.23      3.37319e+6 
        3847.44      3.37382e+6 
        3848.91      3.37815e+6 
        3850.38      3.38246e+6 
        3851.98      3.38714e+6 
        3853.31      3.39107e+6 
        3854.64      3.39499e+6 
         3855.7       3.3981e+6 
         3857.3      3.40278e+6 
        3858.91       3.4075e+6 
        3862.01      3.41658e+6 
        3862.11      3.41689e+6 
        3862.22      3.41717e+6 
        3862.43       3.4178e+6 
        3862.85      3.41903e+6 
        3863.68      3.42148e+6 
        3865.17      3.42581e+6 
        3865.36      3.42638e+6 
        3865.56      3.42694e+6 
        3865.95      3.42807e+6 
        3866.73      3.43037e+6 
        3867.68       3.4331e+6 
        3868.29      3.43489e+6 
         3868.9      3.43668e+6 
        3870.13      3.44026e+6 
        3871.32      3.44372e+6 
        3872.59       3.4474e+6 
        3873.85      3.45104e+6 
        3876.32      3.45823e+6 
        3876.37      3.45836e+6 
        3876.37      3.45836e+6 
        3876.37      3.45836e+6 
        3876.42      3.45852e+6 
        3876.52       3.4588e+6 
        3876.72      3.45936e+6 
        3876.95      3.46002e+6 
        3877.12      3.46053e+6 
        3877.92      3.46285e+6 
         3878.9      3.46565e+6 
        3880.29      3.46967e+6 
        3880.85      3.47127e+6 
        3881.42      3.47291e+6 
        3882.55      3.47614e+6 
         3884.4      3.48145e+6 
         3884.8      3.48258e+6 
        3884.92      3.48293e+6 
         3885.2      3.48374e+6 
        3886.01      3.48604e+6 
        3886.15      3.48641e+6 
         3887.1      3.48908e+6 
        3887.57       3.4904e+6 
        3888.04      3.49169e+6 
        3888.28      3.49232e+6 
        3888.52      3.49295e+6 
        3888.63      3.49323e+6 
        3888.75      3.49348e+6 
        3888.84      3.49367e+6 
        3888.87       3.4937e+6 
        3888.87       3.4937e+6 
         3888.9      3.49373e+6 
        3888.93      3.49377e+6 
        3888.99       3.4938e+6 
        3889.05      3.49389e+6 
        3889.11      3.49414e+6 
        3889.17      3.49442e+6 
        3889.22      3.49471e+6 
        3889.29      3.49502e+6 
        3889.34      3.49518e+6 
        3889.39      3.49537e+6 
        3889.41      3.49543e+6 
        3889.45      3.49556e+6 
        3889.49      3.49571e+6 
        3889.58        3.496e+6 
        3889.75      3.49656e+6 
        3890.05      3.49747e+6 
        3890.32      3.49826e+6 
        3890.47      3.49876e+6 
        3890.66      3.49929e+6 
           3891       3.5003e+6 
        3891.68      3.50231e+6 
        3892.89      3.50583e+6 
        3893.94      3.50888e+6 
        3894.46      3.51038e+6 
        3895.31      3.51283e+6 
        3896.22      3.51544e+6 
        3896.68      3.51676e+6 
        3898.89      3.52314e+6 
         3899.6      3.52518e+6 
        3901.57       3.5308e+6 
        3903.89      3.53743e+6 
        3904.25      3.53844e+6 
        3908.89      3.55166e+6 
        3913.89      3.56583e+6 
        3918.89      3.58101e+6 
        3923.89      3.59628e+6 
        3928.22      3.60944e+6 
        3928.35      3.60988e+6 
        3928.89      3.61148e+6 
        3929.56      3.61352e+6 
         3930.9      3.61761e+6 
        3933.45      3.62534e+6 
        3935.81      3.63244e+6 
        3937.35      3.63705e+6 
        3938.89       3.6417e+6 
        3940.04      3.64516e+6 
        3941.96      3.65091e+6 
        3943.88      3.65666e+6 
        3946.58       3.6647e+6 
        3947.73      3.66812e+6 
        3948.88      3.67155e+6 
        3950.65      3.67679e+6 
        3951.01      3.67786e+6 
        3951.19      3.67837e+6 
        3951.72      3.67994e+6 
        3952.78      3.68308e+6 
        3954.55      3.68826e+6 
        3957.31       3.6963e+6 
        3958.09      3.69857e+6 
        3958.62       3.7001e+6 
        3958.88      3.70086e+6 
        3960.45      3.70538e+6 
        3962.28       3.7106e+6 
        3965.74      3.72031e+6 
        3965.94      3.72087e+6 
        3966.15      3.72147e+6 
        3966.56      3.72257e+6 
        3966.68      3.72291e+6 
        3967.28      3.72455e+6 
        3967.38      3.72483e+6 
        3968.08      3.72671e+6 
        3968.71      3.72838e+6 
        3968.88      3.72882e+6 
        3969.05      3.72926e+6 
        3969.23       3.7297e+6 
        3969.29      3.72986e+6 
        3969.38      3.73008e+6 
        3969.53      3.73039e+6 
        3969.65      3.73064e+6 
        3969.77      3.73083e+6 
        3969.83      3.73089e+6 
        3969.89      3.73089e+6 
        3969.95      3.73083e+6 
        3970.01      3.73077e+6 
        3970.07       3.7308e+6 
        3970.13      3.73111e+6 
        3970.19      3.73155e+6 
        3970.25      3.73196e+6 
        3970.32      3.73237e+6 
        3970.37      3.73259e+6 
        3970.42      3.73281e+6 
        3970.43      3.73284e+6 
        3970.49      3.73312e+6 
        3970.52      3.73322e+6 
        3970.61      3.73356e+6 
         3970.8      3.73422e+6 
         3971.1      3.73526e+6 
        3971.33      3.73604e+6 
        3971.59      3.73689e+6 
         3971.7      3.73724e+6 
        3972.06       3.7384e+6 
        3972.79      3.74069e+6 
        3973.99      3.74443e+6 
        3974.94      3.74735e+6 
         3976.4      3.75182e+6 
        3976.84       3.7532e+6 
        3977.86      3.75628e+6 
        3978.87      3.75932e+6 
        3979.58      3.76143e+6 
         3980.9      3.76539e+6 
        3982.23      3.76935e+6 
        3984.18      3.77509e+6 
        3984.88      3.77717e+6 
        3985.12      3.77786e+6 
        3985.59      3.77924e+6 
        3986.99      3.78336e+6 
        3988.87      3.78882e+6 
        3991.38      3.79611e+6 
        3992.62      3.79969e+6 
        3993.85      3.80327e+6 
        3993.87      3.80331e+6 
        3996.36      3.81047e+6 
        3998.87      3.81766e+6 
        4003.87      3.83193e+6 
        4008.87      3.84613e+6 
        4013.86      3.86042e+6 
        4018.86      3.87497e+6 
        4023.86      3.88939e+6 
        4025.34      3.89363e+6 
        4028.86      3.90374e+6 
        4032.38       3.9138e+6 
        4032.95       3.9154e+6 
        4033.86      3.91801e+6 
         4035.9      3.92379e+6 
        4038.86      3.93217e+6 
        4043.86      3.94625e+6 
        4048.86      3.96023e+6 
        4053.86      3.97411e+6 
        4058.85      3.98787e+6 
        4063.85      4.00154e+6 
        4068.85      4.01502e+6 
        4073.85      4.02837e+6 
        4075.42      4.03249e+6 
        4078.85      4.04144e+6 
        4082.28       4.0502e+6 
        4082.56       4.0509e+6 
           4084      4.05454e+6 
         4085.7      4.05872e+6 
        4088.84      4.06626e+6 
         4089.7      4.06821e+6 
        4093.69        4.077e+6 
        4096.52      4.08266e+6 
        4097.68      4.08486e+6 
        4098.01      4.08548e+6 
        4098.68      4.08668e+6 
        4098.84      4.08699e+6 
        4099.68      4.08844e+6 
        4100.17      4.08929e+6 
        4100.67      4.09007e+6 
        4100.92      4.09042e+6 
        4101.17      4.09067e+6 
         4101.3      4.09073e+6 
        4101.42      4.09067e+6 
        4101.48      4.09057e+6 
        4101.55      4.09039e+6 
        4101.61      4.09001e+6 
        4101.67       4.0896e+6 
        4101.73      4.08944e+6 
         4101.8      4.08991e+6 
        4101.86      4.09064e+6 
        4101.92      4.09136e+6 
        4102.05       4.0923e+6 
         4102.3      4.09359e+6 
        4102.74      4.09544e+6 
        4102.79       4.0956e+6 
        4102.85      4.09582e+6 
        4102.94      4.09617e+6 
        4103.15      4.09692e+6 
         4103.3      4.09745e+6 
        4103.55      4.09833e+6 
        4103.79      4.09921e+6 
        4104.29      4.10094e+6 
        4104.78      4.10267e+6 
        4105.29      4.10437e+6 
        4105.79      4.10609e+6 
        4106.79      4.10945e+6 
        4108.68      4.11564e+6 
        4108.76      4.11589e+6 
         4108.8      4.11605e+6 
        4108.84      4.11618e+6 
        4108.86      4.11624e+6 
           4109      4.11671e+6 
        4109.32      4.11778e+6 
        4109.78      4.11932e+6 
         4110.7      4.12237e+6 
        4111.32      4.12435e+6 
        4112.55      4.12827e+6 
        4113.77      4.13214e+6 
        4114.69        4.135e+6 
        4116.23      4.13968e+6 
        4116.69      4.14106e+6 
        4117.77      4.14429e+6 
        4118.13      4.14536e+6 
        4118.84      4.14744e+6 
        4120.98      4.15369e+6 
        4123.84      4.16189e+6 
        4126.14      4.16839e+6 
        4128.84       4.1759e+6 
         4129.6      4.17804e+6 
        4131.53      4.18334e+6 
        4133.83      4.18966e+6 
        4134.22       4.1907e+6 
        4138.83       4.2032e+6 
        4143.83      4.21658e+6 
        4148.83      4.22981e+6 
        4153.83      4.24291e+6 
        4158.83      4.25592e+6 
        4163.83      4.26876e+6 
        4168.82      4.28152e+6 
        4173.82      4.29418e+6 
        4178.82      4.30672e+6 
        4183.82      4.31916e+6 
        4188.82       4.3315e+6 
        4193.82      4.34372e+6 
        4198.82      4.35585e+6 
        4203.81      4.36788e+6 
        4208.81      4.37998e+6 
        4213.81      4.39207e+6 
        4216.52      4.39861e+6 
        4217.24      4.40033e+6 
        4218.81      4.40407e+6 
         4221.1      4.40954e+6 
        4223.81      4.41598e+6 
        4224.95      4.41868e+6 
        4228.81      4.42776e+6 
        4233.81      4.43945e+6 
        4238.81      4.45101e+6 
        4243.81      4.46248e+6 
         4248.8      4.47382e+6 
         4253.8      4.48503e+6 
         4258.8      4.49615e+6 
         4263.8      4.50715e+6 
         4268.8      4.51802e+6 
         4273.8      4.52876e+6 
         4278.8      4.53935e+6 
        4283.79      4.54981e+6 
        4288.79      4.56008e+6 
        4293.79      4.57017e+6 
        4298.79      4.58003e+6 
        4303.79      4.58952e+6 
        4308.79      4.59832e+6 
        4313.79      4.60649e+6 
        4314.07      4.60693e+6 
        4318.78      4.61374e+6 
        4320.85      4.61632e+6 
         4323.5      4.61915e+6 
        4326.14      4.62125e+6 
        4326.48      4.62144e+6 
        4328.78      4.62238e+6 
        4330.23      4.62248e+6 
        4331.09      4.62235e+6 
        4331.15      4.62232e+6 
        4331.95      4.62204e+6 
        4333.66      4.62094e+6 
        4334.06      4.62059e+6 
        4336.17       4.6182e+6 
        4337.79      4.61597e+6 
        4338.22      4.61538e+6 
        4338.28      4.61528e+6 
        4338.78      4.61456e+6 
        4338.81      4.61453e+6 
        4339.34      4.61368e+6 
         4339.6      4.61318e+6 
        4339.87      4.61245e+6 
           4340      4.61192e+6 
        4340.13      4.61117e+6 
         4340.2       4.6106e+6 
        4340.26      4.60969e+6 
        4340.33       4.6084e+6 
         4340.4      4.60699e+6 
        4340.46      4.60627e+6 
        4340.53      4.60721e+6 
        4340.59      4.60887e+6 
        4340.66      4.61044e+6 
        4340.79      4.61236e+6 
        4341.01      4.61428e+6 
        4341.06      4.61462e+6 
         4341.1      4.61497e+6 
         4341.2       4.6156e+6 
        4341.23      4.61575e+6 
        4341.24      4.61582e+6 
         4341.4      4.61679e+6 
        4341.58       4.6178e+6 
        4341.94      4.61968e+6 
        4342.64      4.62326e+6 
        4343.33      4.62675e+6 
        4343.57      4.62797e+6 
        4344.04      4.63036e+6 
        4344.75      4.63394e+6 
        4346.17      4.64089e+6 
        4348.58      4.65172e+6 
        4348.78      4.65257e+6 
        4348.98      4.65339e+6 
        4349.37      4.65502e+6 
        4350.17       4.6582e+6 
        4350.32      4.65876e+6 
        4351.76       4.6641e+6 
         4353.2      4.66907e+6 
        4354.73      4.67397e+6 
        4356.08      4.67802e+6 
        4356.08      4.67802e+6 
        4357.43      4.68185e+6 
        4358.77       4.6855e+6 
        4359.17      4.68653e+6 
        4361.47      4.69222e+6 
        4363.77      4.69769e+6 
        4367.98      4.70699e+6 
        4368.38       4.7078e+6 
        4368.52      4.70812e+6 
        4368.77      4.70865e+6 
        4369.56      4.71028e+6 
        4371.15      4.71355e+6 
        4373.77       4.7188e+6 
        4378.77      4.72844e+6 
        4383.77      4.73774e+6 
        4388.77      4.74676e+6 
        4393.77      4.75555e+6 
        4398.76      4.76419e+6 
        4403.76      4.77139e+6 
        4408.76      4.77799e+6 
        4413.76      4.78449e+6 
        4418.76       4.7909e+6 
        4423.76      4.79727e+6 
        4428.76      4.80356e+6 
        4433.75      4.80981e+6 
        4438.75        4.816e+6 
        4443.75      4.82212e+6 
        4448.75      4.82822e+6 
        4453.75      4.83425e+6 
        4458.75      4.84022e+6 
        4463.75      4.84616e+6 
        4468.74      4.85203e+6 
        4473.74      4.85788e+6 
        4478.74      4.86366e+6 
        4483.74      4.86941e+6 
        4488.74      4.87512e+6 
        4493.74      4.88078e+6 
        4498.74      4.88725e+6 
        4503.74      4.89564e+6 
        4508.73       4.9039e+6 
        4513.73      4.91204e+6 
        4514.12      4.91267e+6 
        4518.73      4.92008e+6 
        4523.35       4.9274e+6 
        4527.19      4.93343e+6 
        4527.96      4.93463e+6 
        4528.73      4.93582e+6 
        4530.27      4.93821e+6 
        4532.97      4.94235e+6 
        4533.29      4.94286e+6 
        4533.35      4.94295e+6 
        4533.73      4.94352e+6 
        4534.49      4.94468e+6 
        4536.01        4.947e+6 
        4538.73      4.95112e+6 
        4543.73       4.9586e+6 
        4548.72      4.96598e+6 
        4553.72      4.97327e+6 
        4558.72      4.98043e+6 
        4563.72       4.9875e+6 
        4568.72      4.99444e+6 
        4573.72      5.00129e+6 
        4578.72      5.00808e+6 
        4583.72       5.0147e+6 
        4588.71      5.02127e+6 
        4593.71      5.02774e+6 
        4596.53      5.03095e+6 
        4596.98      5.03145e+6 
        4598.71       5.0334e+6 
        4600.89      5.03578e+6 
        4603.71      5.03886e+6 
         4604.8      5.04006e+6 
        4608.71      5.04427e+6 
        4613.71      5.04961e+6 
         4618.7      5.05489e+6 
         4623.7      5.06007e+6 
         4628.7      5.06522e+6 
         4633.7      5.07031e+6 
         4638.7      5.07531e+6 
         4643.7      5.08027e+6 
         4648.7      5.08517e+6 
         4653.7      5.09001e+6 
        4658.69      5.09478e+6 
        4663.69       5.0995e+6 
        4668.69      5.10415e+6 
        4673.69      5.10873e+6 
        4678.69      5.11326e+6 
        4683.69      5.11772e+6 
        4688.69      5.12212e+6 
        4693.69      5.12636e+6 
        4698.68      5.13038e+6 
        4703.68      5.13437e+6 
        4708.68      5.13829e+6 
        4713.68      5.14216e+6 
         4715.6       5.1436e+6 
        4718.68      5.14596e+6 
        4720.98      5.14769e+6 
        4721.76      5.14828e+6 
        4723.68       5.1497e+6 
        4724.83      5.15058e+6 
        4728.68      5.15341e+6 
        4733.68      5.15705e+6 
        4738.67      5.16063e+6 
        4743.67      5.16412e+6 
        4748.67      5.16757e+6 
        4753.67      5.17097e+6 
        4758.67      5.17427e+6 
        4763.67       5.1775e+6 
        4768.67      5.18064e+6 
        4773.66      5.18369e+6 
        4778.66      5.18664e+6 
        4783.66      5.18947e+6 
        4788.66      5.19214e+6 
        4793.66      5.19459e+6 
        4798.66      5.19685e+6 
        4803.66      5.19883e+6 
        4808.65       5.2005e+6 
        4813.65      5.20172e+6 
        4818.65      5.20235e+6 
        4823.65       5.2021e+6 
        4828.65      5.20059e+6 
        4833.65      5.19711e+6 
        4834.97      5.19575e+6 
        4838.65      5.19054e+6 
        4839.16      5.18963e+6 
        4842.32      5.18259e+6 
        4845.48      5.17257e+6 
         4845.5      5.17251e+6 
        4847.05      5.16616e+6 
        4848.64      5.15843e+6 
        4851.78      5.13886e+6 
        4854.39      5.11759e+6 
        4856.52      5.09698e+6 
         4858.4      5.07738e+6 
        4858.64      5.07487e+6 
        4858.66      5.07461e+6 
        4858.88      5.07235e+6 
        4859.36      5.06733e+6 
        4859.47       5.0662e+6 
        4860.06      5.05988e+6 
        4860.36      5.05639e+6 
        4860.66      5.05231e+6 
        4860.81      5.04973e+6 
        4860.95      5.04628e+6 
        4861.03      5.04386e+6 
         4861.1      5.04031e+6 
        4861.18      5.03506e+6 
        4861.25      5.02956e+6 
        4861.32      5.02661e+6 
         4861.4      5.02966e+6 
        4861.47      5.03528e+6 
        4861.54      5.04056e+6 
        4861.64      5.04505e+6 
        4861.69      5.04656e+6 
        4861.69      5.04662e+6 
        4861.69      5.04669e+6 
        4861.69      5.04681e+6 
        4861.74      5.04807e+6 
        4861.84      5.05033e+6 
        4861.98      5.05291e+6 
        4861.99      5.05303e+6 
        4862.28       5.0574e+6 
        4862.58      5.06123e+6 
         4862.6      5.06145e+6 
        4863.18       5.0683e+6 
        4863.73      5.07461e+6 
        4863.76      5.07502e+6 
        4864.93      5.08847e+6 
        4866.13      5.10223e+6 
        4868.41       5.1267e+6 
        4868.53      5.12783e+6 
        4868.64      5.12896e+6 
        4868.86      5.13116e+6 
        4869.32       5.1355e+6 
        4869.58      5.13795e+6 
        4870.22       5.1437e+6 
        4870.86      5.14913e+6 
        4872.13      5.15915e+6 
        4874.62      5.17581e+6 
        4874.69      5.17618e+6 
        4874.75      5.17656e+6 
        4874.87      5.17728e+6 
        4875.12      5.17873e+6 
        4875.61      5.18149e+6 
        4876.61      5.18671e+6 
        4878.45      5.19528e+6 
        4878.54      5.19566e+6 
        4878.59      5.19588e+6 
        4878.64      5.19607e+6 
        4878.82      5.19682e+6 
        4879.19      5.19833e+6 
        4879.53      5.19968e+6 
        4879.92      5.20122e+6 
        4880.32       5.2027e+6 
        4880.94      5.20493e+6 
        4881.12      5.20556e+6 
        4882.71      5.21071e+6 
        4884.48       5.2158e+6 
         4887.4      5.22287e+6 
        4888.02      5.22419e+6 
        4888.63      5.22547e+6 
        4889.87      5.22789e+6 
        4891.06      5.23006e+6 
        4892.35      5.23223e+6 
        4893.63      5.23427e+6 
        4893.78      5.23449e+6 
         4896.2      5.23795e+6 
        4898.63      5.24102e+6 
        4903.34      5.24621e+6 
        4903.48      5.24637e+6 
        4903.63      5.24652e+6 
        4903.92      5.24681e+6 
         4904.5      5.24737e+6 
        4905.66      5.24847e+6 
        4907.33      5.24998e+6 
        4907.98      5.25054e+6 
        4908.63      5.25111e+6 
        4909.93      5.25221e+6 
        4911.43       5.2534e+6 
        4912.53      5.25425e+6 
        4913.01      5.25463e+6 
        4913.63       5.2551e+6 
        4915.55      5.25648e+6 
        4915.82       5.2567e+6 
        4918.24      5.25837e+6 
        4918.63      5.25862e+6 
         4921.7      5.26063e+6 
        4923.62      5.26185e+6 
        4925.16      5.26276e+6 
        4928.62      5.26481e+6 
        4933.62      5.26757e+6 
        4938.62      5.27015e+6 
        4943.62      5.27263e+6 
        4948.62      5.27499e+6 
        4953.62      5.27725e+6 
        4958.61      5.27942e+6 
        4963.61      5.28152e+6 
        4968.61      5.28356e+6 
        4973.61      5.28554e+6 
        4978.61      5.28746e+6 
        4983.61      5.28931e+6 
        4988.61      5.29104e+6 
        4993.61      5.29274e+6 
         4998.6       5.2944e+6 
         5003.6        5.296e+6 
         5008.6      5.29757e+6 
         5013.6      5.29908e+6 
         5018.6      5.30059e+6 
         5023.6      5.30203e+6 
         5028.6      5.30345e+6 
         5033.6      5.30483e+6 
        5038.59      5.30618e+6 
        5043.59       5.3075e+6 
        5048.59      5.30879e+6 
        5053.59      5.31005e+6 
        5058.59      5.31127e+6 
        5063.59      5.31246e+6 
        5068.59       5.3136e+6 
        5073.58      5.31473e+6 
        5078.58      5.31583e+6 
        5083.58      5.31677e+6 
        5088.58      5.31768e+6 
        5093.58      5.31853e+6 
        5098.58      5.31934e+6 
        5103.58      5.32016e+6 
        5108.57      5.32092e+6 
        5113.57      5.32167e+6 
        5118.57      5.32239e+6 
        5123.57      5.32308e+6 
        5128.57      5.32377e+6 
        5133.57       5.3244e+6 
        5138.57      5.32503e+6 
        5143.57      5.32563e+6 
        5148.56      5.32619e+6 
        5153.56      5.32673e+6 
        5158.56      5.32726e+6 
        5163.56      5.32773e+6 
        5168.56       5.3282e+6 
        5173.56      5.32868e+6 
        5178.56      5.32905e+6 
        5183.56       5.3293e+6 
        5188.55      5.32955e+6 
        5193.55      5.32977e+6 
        5198.55      5.32999e+6 
        5203.55      5.33018e+6 
        5208.55      5.33034e+6 
        5213.55      5.33047e+6 
        5218.55      5.33059e+6 
        5223.54      5.33065e+6 
        5228.54      5.33075e+6 
        5233.54      5.33078e+6 
        5238.54      5.33081e+6 
        5243.54      5.33081e+6 
        5248.54      5.33078e+6 
        5253.54      5.33075e+6 
        5258.53      5.33069e+6 
        5263.53      5.33062e+6 
        5268.53       5.3305e+6 
        5273.53      5.33037e+6 
        5278.53      5.33069e+6 
        5283.53        5.331e+6 
        5288.53      5.33131e+6 
        5293.52       5.3316e+6 
        5298.52      5.33182e+6 
        5303.52      5.33204e+6 
        5308.52      5.33219e+6 
        5313.52      5.33235e+6 
        5318.52      5.33248e+6 
        5323.52      5.33254e+6 
        5328.52       5.3326e+6 
        5333.52      5.33263e+6 
        5338.51       5.3326e+6 
        5343.51      5.33257e+6 
        5348.51      5.33251e+6 
        5353.51      5.33241e+6 
        5358.51      5.33229e+6 
        5363.51      5.33223e+6 
        5368.51      5.33207e+6 
         5373.5      5.33163e+6 
         5378.5      5.33094e+6 
         5383.5      5.33021e+6 
         5388.5      5.32949e+6 
         5393.5      5.32871e+6 
         5398.5      5.32795e+6 
         5403.5      5.32714e+6 
        5408.49      5.32632e+6 
        5413.49       5.3255e+6 
        5418.49      5.32465e+6 
        5423.49      5.32377e+6 
        5428.49      5.32289e+6 
        5433.49      5.32198e+6 
        5438.49      5.32104e+6 
        5443.48       5.3201e+6 
        5448.48      5.31916e+6 
        5453.48      5.31818e+6 
        5458.48      5.31718e+6 
        5463.48      5.31617e+6 
        5468.48      5.31513e+6 
        5473.48      5.31441e+6 
        5478.48      5.31363e+6 
        5483.48      5.31287e+6 
        5488.47      5.31206e+6 
        5493.47      5.31124e+6 
        5498.47      5.31039e+6 
        5503.47      5.30954e+6 
        5508.47      5.30866e+6 
        5513.47      5.30775e+6 
        5518.47      5.30684e+6 
        5523.46       5.3059e+6 
        5528.46      5.30496e+6 
        5533.46      5.30398e+6 
        5538.46      5.30298e+6 
        5543.46      5.30197e+6 
        5548.46      5.30093e+6 
        5553.46      5.29987e+6 
        5558.45       5.2988e+6 
        5563.45       5.2977e+6 
        5568.45       5.2966e+6 
        5573.45      5.29544e+6 
        5578.45      5.29431e+6 
        5583.45      5.29311e+6 
        5588.45      5.29192e+6 
        5593.44      5.29072e+6 
        5598.44       5.2895e+6 
        5603.44      5.28824e+6 
        5608.44      5.28699e+6 
        5613.44       5.2857e+6 
        5618.44      5.28441e+6 
        5623.44      5.28309e+6 
        5628.44      5.28174e+6 
        5633.43      5.28039e+6 
        5638.43      5.27904e+6 
        5643.43      5.27766e+6 
        5648.43      5.27624e+6 
        5653.43      5.27483e+6 
        5658.43      5.27341e+6 
        5663.43      5.27194e+6 
        5668.43      5.27056e+6 
        5673.42      5.26908e+6 
        5673.98      5.26892e+6 
        5678.42      5.26757e+6 
        5682.86      5.26622e+6 
         5686.2      5.26518e+6 
        5687.31      5.26487e+6 
        5687.86      5.26468e+6 
        5688.42      5.26452e+6 
        5690.64      5.26383e+6 
        5693.42      5.26295e+6 
        5698.42      5.26138e+6 
        5703.41      5.25981e+6 
        5704.77      5.25937e+6 
        5708.41      5.25821e+6 
        5708.88      5.25805e+6 
        5712.06      5.25702e+6 
        5713.41      5.25658e+6 
        5715.23      5.25598e+6 
        5718.41      5.25494e+6 
        5723.41      5.25331e+6 
        5728.41      5.25164e+6 
        5733.41      5.24998e+6 
        5738.41      5.24828e+6 
         5743.4      5.24655e+6 
         5748.4      5.24486e+6 
         5753.4       5.2431e+6 
         5758.4      5.24134e+6 
         5763.4      5.23914e+6 
         5768.4      5.23735e+6 
         5773.4      5.23553e+6 
         5778.4       5.2337e+6 
        5783.39      5.23188e+6 
        5788.39      5.23006e+6 
        5793.39      5.22818e+6 
        5798.39      5.22632e+6 
        5803.39      5.22444e+6 
        5808.39      5.22252e+6 
        5813.39       5.2206e+6 
        5818.39      5.21869e+6 
        5823.38      5.21674e+6 
        5828.38      5.21479e+6 
        5833.38      5.21281e+6 
        5838.38      5.21083e+6 
        5843.38      5.20882e+6 
        5848.38      5.20681e+6 
        5853.38       5.2048e+6 
        5858.37      5.20276e+6 
        5863.37      5.20072e+6 
        5868.37      5.19864e+6 
        5873.37       5.1966e+6 
        5878.37       5.1945e+6 
        5883.37      5.19239e+6 
        5888.37      5.19029e+6 
        5893.36      5.18818e+6 
        5898.36      5.18605e+6 
        5903.36      5.18388e+6 
        5908.36      5.18174e+6 
        5913.36      5.17954e+6 
        5918.36      5.17738e+6 
        5923.36      5.17518e+6 
        5928.35      5.17298e+6 
        5933.35      5.17075e+6 
        5938.35      5.16852e+6 
        5943.35      5.16625e+6 
        5948.35      5.16399e+6 
        5953.35      5.16173e+6 
        5958.35      5.15944e+6 
        5963.35      5.15711e+6 
        5968.34      5.15479e+6 
        5973.34      5.15246e+6 
        5978.34      5.15014e+6 
        5983.34      5.14778e+6 
        5988.34      5.14539e+6 
        5993.34      5.14304e+6 
        5998.34      5.14065e+6 
        6003.34      5.13823e+6 
        6008.33      5.13581e+6 
        6013.33      5.13339e+6 
        6018.33      5.13097e+6 
        6023.33      5.12852e+6 
        6028.33      5.12607e+6 
        6033.33      5.12359e+6 
        6038.32      5.12111e+6 
        6043.32      5.11863e+6 
        6048.32      5.11612e+6 
        6053.32      5.11363e+6 
        6058.32      5.11109e+6 
        6063.32      5.10858e+6 
        6068.32      5.10603e+6 
        6073.32      5.10345e+6 
        6078.31      5.10091e+6 
        6083.31      5.09833e+6 
        6088.31      5.09573e+6 
        6093.31      5.09315e+6 
        6098.31      5.09054e+6 
        6103.31       5.0879e+6 
        6108.31       5.0853e+6 
        6113.31      5.08266e+6 
         6118.3      5.07999e+6 
         6123.3      5.07735e+6 
         6128.3      5.07468e+6 
         6133.3      5.07198e+6 
         6138.3      5.06931e+6 
         6143.3       5.0666e+6 
         6148.3       5.0639e+6 
        6153.29      5.06117e+6 
        6158.29      5.05844e+6 
        6163.29       5.0557e+6 
        6168.29      5.05294e+6 
        6173.29      5.05017e+6 
        6178.29      5.04741e+6 
        6183.29      5.04461e+6 
        6188.28      5.04182e+6 
        6193.28      5.03902e+6 
        6198.28      5.03619e+6 
        6203.28      5.03337e+6 
        6208.28      5.03054e+6 
        6213.28      5.02771e+6 
        6218.28      5.02485e+6 
        6223.28      5.02196e+6 
        6228.27       5.0191e+6 
        6233.27      5.01621e+6 
        6238.27      5.01332e+6 
        6243.27       5.0104e+6 
        6244.38      5.00974e+6 
        6248.27      5.00748e+6 
        6252.16      5.00522e+6 
        6253.82      5.00424e+6 
        6256.04      5.00292e+6 
        6258.27       5.0016e+6 
        6262.16      4.99931e+6 
        6262.71        4.999e+6 
        6263.27      4.99865e+6 
        6264.37      4.99799e+6 
        6264.91      4.99768e+6 
        6266.59       4.9967e+6 
        6268.26       4.9957e+6 
        6269.97      4.99469e+6 
        6271.61      4.99369e+6 
        6273.26      4.99271e+6 
        6274.85      4.99177e+6 
        6276.56      4.99073e+6 
        6278.26      4.98973e+6 
        6280.08      4.98863e+6 
        6281.67      4.98769e+6 
        6283.26      4.98671e+6 
        6284.63       4.9859e+6 
        6286.44       4.9848e+6 
        6288.26       4.9837e+6 
        6290.52      4.98235e+6 
        6291.89       4.9815e+6 
        6293.26      4.98068e+6 
        6293.73       4.9804e+6 
        6295.99      4.97902e+6 
        6298.26      4.97763e+6 
        6302.31      4.97515e+6 
        6302.78      4.97487e+6 
        6303.25      4.97459e+6 
        6303.92      4.97418e+6 
         6304.2      4.97402e+6 
        6306.09      4.97286e+6 
        6308.25      4.97151e+6 
        6311.92      4.96925e+6 
        6312.59      4.96884e+6 
        6313.25      4.96843e+6 
        6314.58      4.96761e+6 
        6316.22      4.96661e+6 
        6317.23      4.96598e+6 
        6317.31      4.96592e+6 
        6318.25      4.96535e+6 
        6320.28      4.96406e+6 
        6323.25      4.96221e+6 
        6328.25       4.9591e+6 
        6333.25      4.95596e+6 
        6338.24      4.95278e+6 
        6343.24      4.94958e+6 
        6348.24      4.94637e+6 
        6353.24      4.94317e+6 
        6358.24       4.9399e+6 
        6363.24      4.93664e+6 
        6368.24      4.93334e+6 
        6373.23      4.93001e+6 
        6378.23      4.92668e+6 
        6383.23      4.92328e+6 
        6388.23      4.91986e+6 
        6393.23       4.9164e+6 
        6398.23      4.91289e+6 
        6403.23      4.90934e+6 
        6408.23      4.90572e+6 
        6413.22      4.90208e+6 
        6418.22      4.89837e+6 
        6423.22      4.89457e+6 
        6428.22      4.89071e+6 
        6433.22      4.88675e+6 
        6438.22      4.88266e+6 
        6443.22      4.87848e+6 
        6448.22      4.87415e+6 
        6453.21      4.86969e+6 
        6458.21      4.86501e+6 
        6463.21      4.86014e+6 
        6468.21      4.85499e+6 
        6473.21      4.84955e+6 
        6478.21      4.84371e+6 
         6483.2      4.83742e+6 
         6488.2      4.83061e+6 
         6493.2      4.82307e+6 
         6498.2      4.81468e+6 
         6503.2      4.80522e+6 
         6508.2      4.79435e+6 
         6513.2      4.78166e+6 
         6518.2      4.76661e+6 
        6523.19      4.74836e+6 
        6523.72      4.74622e+6 
        6528.19      4.72583e+6 
        6532.67       4.7007e+6 
         6536.1      4.67733e+6 
        6537.14      4.66932e+6 
        6537.38       4.6674e+6 
        6538.19      4.66084e+6 
        6540.29      4.64243e+6 
        6543.19      4.61305e+6 
        6546.46      4.57372e+6 
        6546.72       4.5702e+6 
        6548.19      4.54984e+6 
        6549.92      4.52358e+6 
        6553.11      4.46838e+6 
        6554.43      4.44312e+6 
        6556.31      4.40451e+6 
        6556.87      4.39235e+6 
         6557.9      4.36948e+6 
        6558.19      4.36304e+6 
         6559.5      4.33194e+6 
         6560.3      4.31256e+6 
         6561.1      4.29393e+6 
         6561.5      4.28328e+6 
         6561.9      4.27027e+6 
        6562.09      4.26182e+6 
        6562.29      4.25039e+6 
        6562.39      4.24253e+6 
        6562.49      4.23103e+6 
        6562.59      4.21542e+6 
        6562.69      4.20053e+6 
        6562.79      4.19233e+6 
        6562.89      4.20028e+6 
        6562.99      4.21523e+6 
        6563.09      4.23075e+6 
        6563.29       4.2497e+6 
        6563.29      4.24985e+6 
        6563.49      4.26107e+6 
        6563.69      4.26939e+6 
         6563.7      4.26958e+6 
        6564.09      4.28212e+6 
        6564.48      4.29208e+6 
        6564.49       4.2923e+6 
        6565.28      4.31001e+6 
        6566.09      4.32871e+6 
         6567.2      4.35406e+6 
        6567.69      4.36477e+6 
        6568.18      4.37523e+6 
        6569.05      4.39317e+6 
        6569.16      4.39553e+6 
        6569.28      4.39788e+6 
        6569.33      4.39898e+6 
        6569.51      4.40253e+6 
        6569.98      4.41174e+6 
         6570.9      4.42958e+6 
        6572.47      4.45814e+6 
        6575.56      4.50797e+6 
        6575.61      4.50875e+6 
        6575.67      4.50957e+6 
        6575.78      4.51117e+6 
           6576      4.51437e+6 
        6576.44      4.52063e+6 
        6576.45      4.52085e+6 
        6576.63      4.52333e+6 
        6577.32      4.53263e+6 
        6578.18      4.54381e+6 
         6579.9      4.56448e+6 
        6583.18      4.59804e+6 
        6587.91      4.63555e+6 
        6588.18      4.63734e+6 
        6588.44       4.6391e+6 
        6588.98      4.64252e+6 
        6590.04      4.64902e+6 
        6591.02      4.65468e+6 
        6592.17       4.6608e+6 
        6593.01      4.66508e+6 
        6593.31      4.66649e+6 
        6595.59      4.67673e+6 
        6598.17      4.68663e+6 
        6603.34      4.70221e+6 
        6613.66       4.7215e+6 
        6623.98      4.73108e+6 
         6634.3       4.7351e+6 
        6654.94      4.73425e+6 
        6675.58      4.72737e+6 
        6680.98      4.72502e+6 
        6696.23       4.7176e+6 
        6711.48      4.70934e+6 
        6741.98      4.69134e+6 
        6781.19      4.66649e+6 
        6802.98       4.6522e+6 
        6824.78      4.63765e+6 
        6868.37      4.60825e+6 
        6955.56      4.54802e+6 
        6976.35      4.53344e+6 
        7042.75      4.48645e+6 
        7109.15      4.43898e+6 
        7175.54      4.39154e+6 
        7241.94      4.34379e+6 
        7308.33      4.29572e+6 
        7355.95       4.2611e+6 
        7374.73      4.24765e+6 
        7393.51      4.23396e+6 
        7431.08      4.20681e+6 
        7506.22       4.1524e+6 
        7581.35      4.09786e+6 
         7635.1      4.05884e+6 
        7656.49      4.04332e+6 
        7677.88       4.0278e+6 
        7720.67      3.99708e+6 
        7806.23      3.93569e+6 
        7821.36      3.92485e+6 
         7891.8      3.87449e+6 
        7962.25      3.82426e+6 
        7982.84      3.80968e+6 
        8032.69      3.77453e+6 
        8082.55      3.73944e+6 
        8161.68      3.68424e+6 
        8182.26      3.66991e+6 
        8200.85        3.657e+6 
        8202.85      3.65562e+6 
        8204.85      3.65424e+6 
        8208.85      3.65147e+6 
        8216.85      3.64594e+6 
        8232.84      3.63495e+6 
        8264.83      3.61293e+6 
        8289.72      3.59587e+6 
        8328.82       3.5691e+6 
        8343.44      3.55911e+6 
        8367.92      3.54243e+6 
        8371.47      3.54004e+6 
        8388.68      3.52839e+6 
        8392.39      3.52587e+6 
        8408.65      3.51491e+6 
        8413.32      3.51177e+6 
        8432.02      3.49917e+6 
        8437.95      3.49518e+6 
        8467.25      3.47551e+6 
        8473.98      3.47099e+6 
        8502.48      3.45192e+6 
        8516.58      3.44253e+6 
        8530.98      3.43291e+6 
        8545.38      3.42339e+6 
        8549.97      3.42038e+6 
        8574.18      3.40442e+6 
        8598.39      3.38852e+6 
         8628.6       3.3687e+6 
        8646.81      3.35682e+6 
        8652.39      3.35318e+6 
        8665.01      3.34495e+6 
        8685.59      3.33156e+6 
        8701.43      3.32126e+6 
        8750.47      3.28956e+6 
        8767.92      3.27831e+6 
        8815.35      3.24787e+6 
        8862.78       3.2179e+6 
        8900.38      3.19428e+6 
        8957.65      3.15853e+6 
        9014.91      3.12304e+6 
        9044.62      3.10475e+6 
        9072.17      3.08785e+6 
        9099.72      3.07101e+6 
        9154.81      3.03786e+6 
         9190.8      3.01634e+6 
         9209.9      3.00496e+6 
        9229.01       2.9936e+6 
        9267.22      2.97101e+6 
         9303.2      2.94985e+6 
        9343.64      2.92621e+6 
        9384.08      2.90271e+6 
        9464.96      2.85658e+6 
        9545.72      2.81108e+6 
        9545.84      2.81101e+6 
        9545.97      2.81095e+6 
        9546.21      2.81081e+6 
        9546.69      2.81055e+6 
        9546.87      2.81045e+6 
        9547.66      2.81001e+6 
        9549.59      2.80893e+6 
        9553.47      2.80677e+6 
        9561.21      2.80245e+6 
        9576.69      2.79382e+6 
        9607.66      2.77662e+6 
        9668.45      2.74312e+6 
        9729.24      2.71025e+6 
        9790.04      2.67771e+6 
        9850.83      2.64551e+6 
        9870.42       2.6352e+6 
        9911.62      2.61363e+6 
        9952.82      2.59221e+6 
        10021.1      2.55738e+6 
        10035.2      2.55021e+6 
        10049.4      2.54302e+6 
        10077.7      2.52883e+6 
        10134.2      2.50058e+6 
        10144.5       2.4955e+6 
        10190.8       2.4726e+6 
        10237.2      2.44988e+6 
        10329.9      2.40605e+6 
        10422.6      2.36292e+6 
        10515.3      2.32047e+6 
          10608      2.27873e+6 
        10700.7      2.23767e+6 
        10793.4       2.1973e+6 
        10834.1      2.17977e+6 
        10886.1      2.15755e+6 
        10938.1       2.1354e+6 
        10990.1      2.11389e+6 
          11042      2.09245e+6 
          11094      2.07117e+6 
          11146       2.0501e+6 
          11198      2.02924e+6 
          11239      2.01292e+6 
          11250      2.00859e+6 
        11260.9      2.00426e+6 
        11282.8      1.99598e+6 
        11326.6      1.97951e+6 
        11414.2      1.94697e+6 
        11501.8      1.91494e+6 
        11589.4      1.88342e+6 
          11677      1.85241e+6 
        11764.6      1.82191e+6 
        11852.2      1.79191e+6 
        11939.8       1.7624e+6 
        12027.4      1.73338e+6 
          12115      1.70486e+6 
        12120.6      1.70305e+6 
        12202.6      1.67682e+6 
        12284.6      1.65099e+6 
        12366.6      1.62678e+6 
        12448.7      1.60291e+6 
        12530.7      1.57938e+6 
        12612.7      1.55616e+6 
        12694.7      1.53321e+6 
        12735.4      1.52186e+6 
        12776.7      1.51022e+6 
        12818.1      1.49841e+6 
        12900.8      1.47719e+6 
        12983.5      1.45561e+6 
        13066.2      1.43419e+6 
        13148.9      1.41306e+6 
        13154.8      1.41156e+6 
        13231.6      1.39224e+6 
        13308.4       1.3732e+6 
        13385.1      1.35554e+6 
        13461.9      1.33811e+6 
        13538.7       1.3209e+6 
        13615.5      1.30391e+6 
        13692.3      1.28715e+6 
        13769.1      1.27059e+6 
        13845.9      1.25424e+6 
        13922.7      1.23811e+6 
        13999.5      1.22219e+6 
        14076.2      1.20648e+6 
          14153      1.19098e+6 
        14229.8      1.17569e+6 
        14281.2      1.16558e+6 
        14306.6       1.1606e+6 
        14332.1      1.15564e+6 
          14383      1.14618e+6 
        14410.1      1.14116e+6 
        14427.1      1.13803e+6 
        14433.9      1.13678e+6 
        14457.6      1.13242e+6 
        14505.2      1.12384e+6 
        14581.2      1.11023e+6 
        14583.2      1.10987e+6 
        14585.2      1.10952e+6 
        14589.2      1.10883e+6 
        14597.2      1.10746e+6 
        14613.2      1.10473e+6 
        14645.2      1.09928e+6 
        14709.2      1.08846e+6 
        14773.2      1.07773e+6 
        14837.1       1.0671e+6 
        14901.1      1.05656e+6 
        14965.1      1.04612e+6 
        15029.1      1.03577e+6 
        15093.1      1.02553e+6 
        15157.1      1.01538e+6 
          15221      1.00532e+6 
          15285          995357 
          15349          985496 
          15413          975725 
        15471.6          966866 
          15477          966055 
        15482.4          965242 
        15493.1          963583 
        15514.7          960275 
        15557.9          953690 
        15644.2          940653 
        15730.5          927791 
        15816.8          915105 
        15903.1          902598 
        15989.4          890265 
        16075.8          878100 
        16162.1          866106 
        16248.4          854284 
        16289.9          848660 
        16334.7          842632 
        16379.5          836647 
        16469.1          822456 
        16558.8          808558 
        16648.4          794945 
          16738          781609 
        16827.7          768544 
        16917.3          755742 
        17006.9          743200 
        17096.6          730910 
        17186.2          718869 
        17275.8          707069 
        17327.7          700346 
        17365.5          695501 
        17403.2          690695 
        17478.8          681198 
        17554.3          671858 
        17629.9          662672 
        17705.4          653643 
          17781          644762 
        17856.5          636028 
        17932.1          627436 
        18007.6          618746 
        18083.2          610389 
        18158.7          602149 
        18234.3          594019 
        18309.8          585976 
        18343.7          582382 
        18385.3          577987 
          18427          573592 
        18510.2          564717 
        18593.4          555462 
        18602.1          554450 
        18676.6          545148 
        18713.8          540068 
        18751.1          535280 
        18788.4          533160 
        18825.6          531272 
        18900.2          526522 
        18974.7          520798 
        19049.2          514668 
        19123.7          508407 
        19198.3          502127 
        19272.8          495885 
        19347.3          489705 
          19393          485951 
        19421.9          483598 
        19450.7          481257 
        19508.3          476617 
        19565.9          472147 
        19623.6          467588 
        19681.2          463086 
        19738.8          458635 
        19796.5          454237 
        19854.1          449889 
        19911.7          445591 
        19969.4          441347 
          20027          437149 
        20084.6          433003 
        20142.3          428903 
        20199.9          424850 
        20257.5          420845 
        20315.2          416886 
        20372.8          412975 
        20386.4          412054 
        20430.4          409108 
        20474.4          406186 
        20562.3          400421 
        20650.3          394757 
        20738.2          389190 
        20826.2          383720 
        20914.1          378345 
        21002.1          373061 
          21090          367868 
        21177.9          362766 
        21265.9          357749 
        21353.8          352817 
        21441.8          347966 
        21529.7          343200 
        21604.7          339198 
        21617.7          338513 
        21630.6          337828 
        21656.5          336468 
        21708.4          333763 
        21760.2          331086 
          21812          328435 
        21863.8          325808 
        21915.7          323210 
        21967.5          320637 
        22019.3          318089 
        22071.1          315564 
          22123          313066 
        22174.8          310591 
        22226.6          308141 
        22278.4          305714 
        22330.3          303311 
        22382.1          300931 
        22433.9          298574 
        22485.8          296240 
        22537.6          293928 
        22589.4          291638 
        22641.2          289371 
        22693.1          287125 
        22702.9          286699 
        22744.9          284900 
        22784.8          283199 
        22786.8          283115 
        22788.8          283030 
        22792.8          282861 
        22800.8          282522 
        22816.8          281847 
        22848.8          280503 
        22912.8          277839 
        22976.8          275206 
        23040.8          272603 
        23104.8          270031 
        23168.7          267488 
        23232.7          264975 
        23296.7          262491 
        23360.7          260036 
        23424.7          257609 
        23488.6          255210 
        23552.6          252838 
        23616.6          250494 
        23680.6          248176 
        23744.6          245885 
        23808.6          243620 
        23872.5          241380 
        23936.5          239166 
        24000.5          236977 
        24064.5          234812 
        24128.5          232672 
        24192.5          230556 
        24256.4          228464 
        24320.4          226395 
        24384.4          224349 
        24448.4          222326 
        24512.4          220326 
        24576.3          218348 
        24640.3          216391 
        24704.3          214456 
        24768.3          212543 
        24832.3          210650 
        24896.3          208779 
        24960.2          206928 
        25004.4          205661 
        25024.2          205097 
          25044          204535 
        25083.6          203416 
        25162.8          201202 
        25241.9          199018 
        25321.1          196864 
        25400.2          194737 
        25479.4          192639 
        25558.5          190569 
        25637.7          188527 
        25716.9          186511 
          25796          184522 
        25875.2          182560 
        25954.3          180623 
        26033.5          178711 
        26112.7          176824 
        26191.8          174962 
          26271          173124 
        26350.1          171310 
        26429.3          169520 
        26508.4          167752 
        26587.6          166007 
        26666.8          164285 
        26745.9          162584 
        26825.1          160906 
        26904.2          159249 
        26983.4          157612 
        27062.6          155997 
        27141.7          154402 
        27142.5          154385 
        27220.9          152827 
        27299.2          151289 
        27377.5          149770 
        27455.8          148270 
        27534.2          146788 
        27612.5          145325 
        27690.8          143880 
        27769.1          142452 
        27847.5          141042 
        27925.8          139650 
        28004.1          138274 
        28082.4          136915 
        28160.8          135573 
        28239.1          134247 
        28317.4          132936 
        28395.7          131642 
          28474          130364 
        28552.4          129100 
        28630.7          127852 
          28709          126618 
        28787.3          125400 
        28865.7          124196 
          28944          123006 
        29022.3          121830 
        29100.6          120668 
          29179          119520 
        29257.3          118386 
        29335.6          117264 
        29413.9          116156 
        29492.3          115061 
        29570.6          113979 
        29648.9          112909 
        29727.2          111851 
        29805.5          110806 
        29883.9          109773 
        29932.6          109136 
        29962.2          108752 
        29991.8          108369 
