# Koester WD models
# teff = 5250 K (value for the effective temperature for the model. Temperatures are given in K)
# logg = 8 log(cm/s2) (value for Log(G) for the model.)
#
# column 1: WAVELENGTH (ANGSTROM), Wavelength in Angstrom
# column 2: FLUX (ERG/CM2/S/A), Flux in erg/cm2/s/A
         899.23     0.000755814 
         900.63     0.000793884 
        902.031     0.000833732 
        902.627     0.000851271 
        903.431     0.000875439 
        904.235     0.000900245 
        905.843     0.000951833 
        907.451      0.00100616 
        908.875      0.00105672 
        909.059      0.00106337 
         909.18      0.00106782 
        909.241      0.00107005 
        909.606      0.00108353 
        909.733      0.00108827 
        910.032      0.00109946 
        910.783      0.00112811 
        910.884      0.00113198 
        912.034      0.00117731 
        913.037      0.00121822 
        913.241      0.00122671 
        913.284      0.00122851 
        913.478      0.00123664 
        913.531      0.00123887 
        913.755       0.0012483 
        913.822      0.00125115 
         914.08      0.00126216 
        914.165      0.00126581 
        914.499      0.00128024 
        914.575      0.00128355 
        915.071      0.00130527 
         915.54      0.00132617 
        915.609      0.00132922 
        915.643      0.00133075 
        915.677      0.00133228 
        915.741      0.00133517 
        915.813      0.00133843 
        916.085      0.00135079 
        916.429      0.00136659 
        916.858      0.00138648 
        917.118      0.00139869 
        917.196      0.00140237 
        917.378        0.001411 
        917.899      0.00143593 
        917.952      0.00143849 
        918.287       0.0014548 
        918.602      0.00147024 
        919.251      0.00150263 
        920.215      0.00155192 
        921.882      0.00164067 
        921.999       0.0016471 
        922.143      0.00165503 
        922.405      0.00166948 
         922.81      0.00169212 
        923.621      0.00173721 
        925.001      0.00181894 
        925.242      0.00183422 
        925.484      0.00184891 
        925.564       0.0018538 
        925.966      0.00187752 
        926.369      0.00189729 
        926.771      0.00191779 
        926.969       0.0019284 
        927.576      0.00196302 
        928.182      0.00200133 
        928.489      0.00201854 
        928.789      0.00204262 
        928.917      0.00205392 
         928.98      0.00205969 
        929.089      0.00207005 
        929.261      0.00208652 
        929.317      0.00209181 
        929.543      0.00211191 
        929.655      0.00212048 
        929.769      0.00212856 
        929.827      0.00213261 
        929.883      0.00213652 
         929.91      0.00213841 
        929.939      0.00214044 
        929.954      0.00214149 
        929.968      0.00214247 
        929.982      0.00214345 
        929.996      0.00214444 
         930.01      0.00214542 
        930.024       0.0021464 
        930.038      0.00214738 
        930.052      0.00214837 
        930.081      0.00215041 
        930.137      0.00215435 
        930.201      0.00215886 
        930.247      0.00216211 
        930.249      0.00216225 
        930.251       0.0021624 
        930.301      0.00216592 
        930.326      0.00216759 
        930.329       0.0021678 
        930.402      0.00217271 
        930.478      0.00217744 
         930.63      0.00218542 
        930.931      0.00219809 
        931.229      0.00221059 
         931.49        0.002223 
        931.534      0.00222526 
        931.838      0.00224206 
        931.968      0.00224962 
        932.447      0.00227947 
        932.925      0.00231269 
        933.265      0.00233778 
        933.403      0.00234824 
        933.432      0.00235038 
        933.542      0.00235883 
        933.652      0.00236739 
        933.872       0.0023848 
        933.973      0.00239294 
        934.073      0.00240107 
        934.312      0.00242102 
        934.316      0.00242136 
        934.652      0.00245039 
        934.773      0.00246137 
         935.23      0.00250463 
        935.687      0.00255291 
        936.144      0.00260598 
        936.372      0.00263246 
        936.601      0.00265613 
        936.714      0.00266643 
        936.829      0.00267639 
        936.887      0.00268139 
        936.944      0.00268632 
        936.973      0.00268883 
        937.001      0.00269125 
        937.015      0.00269247 
        937.029      0.00269368 
        937.043       0.0026949 
        937.058       0.0026962 
        937.072      0.00269741 
        937.086      0.00269863 
        937.101      0.00269993 
        937.115      0.00270115 
        937.143      0.00270359 
          937.2      0.00270855 
        937.314       0.0027185 
        937.493       0.0027339 
        937.542      0.00273782 
        937.593      0.00274176 
        937.694      0.00274865 
        937.788      0.00275454 
        937.894      0.00276045 
            938      0.00276612 
        938.212      0.00277689 
        938.359      0.00278481 
        938.556      0.00279601 
        938.636      0.00280075 
        938.914      0.00281882 
        939.271      0.00284531 
        939.986      0.00290647 
         940.58      0.00296238 
         940.66      0.00297017 
        940.675      0.00297163 
          940.7      0.00297407 
         940.74      0.00297798 
        940.787       0.0029826 
        940.901      0.00299372 
        941.221      0.00302582 
        941.861      0.00309117 
        943.048      0.00321253 
        943.457      0.00325554 
        944.382      0.00334844 
        945.308      0.00344259 
         945.77       0.0034926 
        946.233      0.00354576 
        946.696      0.00360391 
        947.158        0.003668 
        947.621      0.00373931 
        948.083       0.0038144 
        948.314      0.00385024 
        948.546      0.00388207 
        948.661      0.00389639 
        948.777      0.00391062 
        948.835      0.00391772 
        948.893      0.00392485 
        948.922      0.00392844 
        948.951      0.00393199 
        948.966      0.00393384 
         948.98      0.00393557 
        948.994       0.0039373 
        949.009      0.00393915 
        949.023      0.00394088 
        949.037       0.0039426 
        949.052      0.00394446 
        949.066      0.00394619 
        949.095      0.00394977 
        949.153      0.00395696 
         949.23      0.00396651 
        949.258      0.00396997 
        949.269      0.00397135 
         949.28       0.0039727 
         949.33      0.00397892 
         949.36      0.00398266 
         949.43      0.00399133 
          949.5      0.00399981 
         949.64      0.00401562 
        949.795      0.00403101 
        949.879      0.00403849 
        949.921        0.004042 
        949.963      0.00404546 
        950.047      0.00405253 
        950.131        0.004059 
        950.467      0.00408561 
        950.888      0.00412161 
        951.308      0.00416393 
        951.728      0.00421156 
          952.4      0.00429839 
        952.569      0.00432205 
        952.738      0.00434624 
        953.076      0.00439672 
        953.753      0.00450247 
        954.198      0.00457595 
         954.43      0.00461472 
        955.106      0.00473165 
        956.014      0.00489115 
         956.37      0.00495539 
         957.83       0.0052239 
        958.148      0.00528344 
        959.289      0.00549977 
         960.43      0.00572084 
        961.192      0.00587192 
        962.712       0.0061808 
        964.231      0.00649766 
         965.75      0.00682612 
        966.507      0.00699479 
        966.767      0.00705325 
        967.269      0.00716682 
        968.032      0.00734105 
        968.668      0.00748733 
        968.979      0.00755892 
        969.297      0.00763165 
        969.453      0.00766687 
        969.927      0.00777057 
        970.164      0.00781836 
          970.4      0.00786042 
        970.637      0.00789077 
        970.756       0.0079001 
        970.874      0.00790264 
        970.992      0.00789206 
         971.11         0.00787 
         971.23      0.00782954 
        971.348      0.00777205 
        971.466      0.00771484 
        971.535      0.00770469 
        971.567       0.0077112 
        971.584      0.00771845 
        971.635      0.00775537 
        971.644      0.00776457 
        971.703      0.00783265 
        971.732      0.00786347 
        971.762      0.00788326 
        971.778      0.00788854 
        971.792      0.00789196 
        971.806      0.00789526 
        971.821      0.00789878 
        971.827      0.00790019 
        971.833      0.00790161 
        971.836       0.0079023 
        971.839      0.00790302 
        971.851      0.00790585 
        971.866      0.00790937 
         971.88      0.00791267 
         971.91      0.00791895 
        971.969      0.00790085 
        972.037      0.00785342 
        972.087      0.00783695 
        972.137      0.00784358 
         972.15      0.00784779 
        972.199      0.00787786 
        972.237      0.00790858 
        972.324      0.00799633 
        972.348      0.00802155 
        972.499      0.00816484 
        972.649      0.00827835 
        972.798      0.00837055 
        972.948      0.00844328 
        973.097      0.00850891 
        973.396      0.00861915 
        973.645      0.00870303 
        973.696      0.00871911 
        973.746      0.00873495 
        973.846      0.00876611 
        974.046      0.00882684 
        974.446      0.00894462 
        974.853      0.00906221 
        975.247      0.00917515 
         975.64       0.0092879 
        976.427      0.00951522 
        976.695      0.00959398 
            978       0.0099842 
        979.305       0.0103856 
        979.906       0.0105749 
        981.915       0.0112276 
        983.923       0.0119144 
        985.245       0.0123866 
        985.932       0.0126388 
        986.618       0.0128953 
         986.67       0.0129149 
        987.991        0.013422 
        989.312       0.0139464 
        990.029       0.0142383 
        990.633       0.0144887 
        991.954       0.0150497 
         993.88       0.0159023 
        995.805        0.016798 
        997.014       0.0173834 
        997.574        0.017661 
         997.73        0.017739 
        997.806       0.0177771 
        998.447       0.0181012 
        999.319       0.0185512 
        999.435       0.0186119 
        1001.06       0.0194825 
        1002.69       0.0203898 
        1004.32       0.0213354 
        1005.84       0.0222496 
        1005.95       0.0223212 
        1007.58       0.0233483 
        1009.33       0.0244958 
        1011.07       0.0256925 
         1011.3       0.0258556 
        1012.82       0.0269417 
        1014.33       0.0280703 
        1015.38        0.028879 
        1015.84        0.029245 
        1017.36       0.0304595 
        1017.62       0.0306813 
        1019.05       0.0318727 
        1019.33       0.0321143 
        1021.04       0.0335745 
        1022.04       0.0344146 
        1022.54       0.0348007 
        1023.04       0.0351221 
        1023.29       0.0352496 
        1023.54       0.0353102 
        1023.79       0.0353071 
        1023.99       0.0352251 
        1024.04       0.0351959 
        1024.09       0.0351585 
        1024.19       0.0350646 
        1024.24       0.0350046 
        1024.29       0.0349424 
        1024.39       0.0347916 
        1024.41       0.0347539 
        1024.54       0.0345198 
        1024.67       0.0343345 
        1024.79       0.0344174 
        1024.85       0.0346128 
        1024.91       0.0348896 
        1024.95       0.0350146 
        1024.98       0.0350906 
        1024.99       0.0351111 
        1025.01       0.0351271 
        1025.03       0.0351422 
        1025.04        0.035156 
        1025.06       0.0351708 
        1025.07       0.0351858 
        1025.09       0.0351997 
         1025.1       0.0352147 
        1025.13       0.0352433 
         1025.2       0.0352173 
        1025.27       0.0350281 
        1025.32       0.0349377 
        1025.37       0.0349182 
        1025.47       0.0350856 
        1025.52        0.035238 
        1025.57       0.0354196 
        1025.62       0.0356178 
        1025.72       0.0359973 
        1025.77       0.0361814 
        1025.92       0.0366712 
        1026.07       0.0371003 
        1026.22       0.0374773 
        1026.37       0.0378175 
        1026.67       0.0383956 
        1026.86       0.0387308 
        1026.96       0.0388885 
        1027.07       0.0390399 
        1027.28       0.0393365 
        1027.69       0.0398844 
        1027.98       0.0402429 
        1028.53       0.0408778 
         1028.8       0.0411885 
        1029.07       0.0414973 
        1029.34       0.0418074 
        1029.88       0.0424272 
        1030.96       0.0436772 
        1033.08       0.0461754 
        1033.13        0.046238 
        1033.19       0.0463008 
        1033.23       0.0463529 
        1033.29       0.0464268 
         1033.5        0.046679 
        1033.91        0.047187 
        1034.75       0.0482178 
        1036.27       0.0501521 
        1037.78       0.0521548 
        1039.17       0.0540489 
        1039.26       0.0541683 
         1039.3        0.054228 
        1039.34        0.054288 
         1039.5       0.0545104 
        1039.52       0.0545271 
        1039.86        0.055009 
        1040.55       0.0559838 
        1041.92       0.0579809 
        1044.35       0.0616512 
        1046.77       0.0655327 
        1049.03       0.0693576 
        1049.19       0.0696359 
        1049.35       0.0699152 
        1049.67       0.0704782 
        1050.31       0.0716167 
        1051.59        0.073944 
        1053.95        0.078417 
        1054.15       0.0788072 
        1054.35       0.0791992 
        1054.75       0.0799884 
        1054.95       0.0803858 
        1055.55       0.0815887 
        1057.15        0.084877 
        1059.36       0.0895967 
        1061.56       0.0945434 
        1063.16        0.098296 
        1063.76        0.099738 
        1064.36        0.101199 
        1065.56         0.10418 
        1066.56        0.106725 
        1067.96        0.110383 
        1069.36        0.114155 
        1069.96        0.115814 
        1072.16        0.122084 
        1074.36        0.128662 
        1076.56        0.135563 
        1078.16        0.140792 
        1078.69        0.142543 
        1078.76          0.1428 
        1078.98         0.14353 
        1079.36        0.144835 
        1080.57        0.148969 
        1080.71        0.149481 
        1082.44        0.155651 
        1084.17        0.162051 
         1085.9        0.168691 
        1087.64        0.175577 
        1089.32        0.182515 
        1089.37        0.182721 
        1089.42        0.182936 
        1089.52        0.183359 
        1089.72        0.184206 
        1090.12        0.185913 
        1090.67        0.188282 
        1090.92        0.189368 
        1092.52        0.196455 
        1094.37        0.204951 
        1096.22         0.21378 
        1096.77        0.216471 
        1098.07        0.222954 
        1099.37        0.229613 
        1099.57        0.230651 
        1101.97        0.243434 
        1104.37        0.256858 
        1106.78        0.270949 
        1108.98        0.284477 
        1109.18        0.285737 
        1109.38        0.287002 
        1109.78        0.289566 
        1109.98        0.290857 
        1110.58        0.294758 
        1112.18        0.305396 
        1114.38        0.320593 
        1116.58        0.336477 
        1118.18        0.348475 
        1118.68        0.352333 
        1118.78        0.353074 
        1119.38        0.357727 
        1120.08        0.363193 
        1121.47        0.374358 
        1123.78         0.39356 
        1124.25        0.397619 
        1124.73        0.401697 
        1125.68        0.409975 
        1125.79        0.410923 
        1127.08        0.422353 
        1127.59         0.42699 
        1127.85        0.429343 
        1129.38        0.443621 
        1129.77        0.447262 
        1131.69        0.465857 
        1133.62         0.48514 
        1135.54        0.505143 
        1137.46        0.525887 
        1139.39        0.547382 
        1141.31         0.56963 
        1142.08        0.578735 
        1143.23        0.592643 
           1144        0.602077 
        1144.39        0.606827 
         1146.7        0.636019 
        1149.39        0.671443 
        1149.77        0.676586 
        1152.08         0.70819 
        1154.39        0.740919 
        1158.62        0.803019 
           1159        0.808684 
        1159.01        0.808803 
        1159.39        0.814615 
        1160.16        0.826233 
         1161.7        0.849531 
        1164.39        0.891392 
        1169.39        0.970165 
         1171.9         1.01027 
         1174.4         1.05281 
        1175.65         1.07564 
         1176.9         1.09996 
        1177.86         1.11962 
        1178.15         1.12568 
         1179.4          1.1528 
        1180.94         1.18784 
        1182.47         1.22433 
        1182.86         1.23363 
        1184.01         1.26201 
        1185.17         1.29091 
        1185.56         1.30077 
        1187.48         1.35039 
         1189.4         1.40158 
        1191.32         1.45456 
        1192.09         1.47613 
        1193.24         1.50946 
        1194.03         1.53256 
         1194.4         1.54342 
        1196.72         1.61338 
         1196.9         1.61905 
         1199.4         1.69777 
         1201.9         1.78054 
         1204.4         1.86891 
         1206.9         1.96257 
        1208.48         2.02434 
         1209.4         2.06114 
        1210.33         2.09854 
        1211.64         2.15235 
        1212.16         2.17377 
        1212.69         2.19505 
        1213.61         2.23237 
        1213.74         2.23771 
        1213.81         2.24029 
        1213.88         2.24307 
        1214.14         2.25382 
        1214.17         2.25522 
        1214.47         2.26743 
        1214.62         2.27356 
        1214.76          2.2797 
        1214.84         2.28278 
        1214.91         2.28586 
        1214.95          2.2874 
        1214.98         2.28894 
           1215         2.28973 
        1215.02         2.29048 
        1215.04         2.29124 
        1215.06         2.29203 
        1215.08         2.29278 
         1215.1         2.29353 
        1215.11         2.29433 
        1215.13         2.29508 
        1215.17         2.29663 
        1215.24         2.29972 
        1215.39         2.30593 
        1215.64         2.31628 
        1215.69         2.31839 
        1215.74         2.32049 
         1215.8         2.32294 
        1215.84         2.32472 
        1216.04         2.33319 
        1216.06         2.33434 
        1216.28         2.34348 
        1216.76         2.36418 
        1217.46         2.39435 
        1218.32         2.43117 
        1218.86         2.45438 
        1218.98         2.45954 
        1219.41         2.47706 
        1219.83         2.49424 
         1220.1          2.5053 
        1220.67         2.52819 
        1222.36          2.5968 
        1224.62         2.69384 
        1226.88         2.79844 
        1228.86          2.8952 
        1229.13          2.9091 
        1229.41         2.92304 
        1229.74         2.93995 
        1229.96         2.95119 
        1230.18         2.96247 
        1230.62         2.98531 
        1231.49         3.03155 
        1231.69         3.04232 
        1233.24          3.1262 
        1234.79         3.21237 
        1236.38         3.30291 
        1237.89         3.39169 
        1239.41         3.48271 
        1240.47         3.54774 
        1242.44         3.67158 
        1244.41         3.79944 
        1247.29         3.99328 
        1248.35         4.06685 
        1248.65          4.0879 
        1249.41         4.14156 
        1251.53         4.29456 
        1251.91         4.32252 
        1254.41         4.51073 
        1256.91         4.70664 
        1259.41         4.91116 
        1261.91         5.12475 
        1264.41         5.34825 
        1266.91         5.58393 
        1269.41         5.83086 
        1271.91         6.08985 
        1274.41         6.35909 
        1276.91           6.638 
        1279.42         6.92872 
        1281.92         7.22868 
        1284.42         7.53819 
        1286.92         7.85857 
        1289.42         8.19085 
        1291.92         8.52999 
        1294.42         8.88109 
        1296.92         9.24376 
        1299.42         9.61949 
        1301.92         10.0133 
        1304.42         10.4208 
        1306.92         10.8409 
        1309.42         11.2761 
        1311.92         11.7218 
        1314.42          12.182 
        1316.92         12.6588 
        1319.42         13.1526 
        1321.92         13.6634 
        1324.42         14.1927 
        1326.92          14.747 
        1329.42         15.3203 
        1334.42         16.5071 
        1339.42         17.7681 
        1341.92         18.4275 
        1344.42         19.1084 
        1346.92         19.8212 
        1349.42          20.559 
        1354.42         22.1074 
        1359.42         23.7598 
        1364.42         25.4941 
        1365.19         25.7684 
        1369.42         27.3248 
        1373.65         28.9701 
        1376.35         30.0733 
        1377.88         30.7199 
        1379.42         31.3792 
        1380.57         31.8812 
         1382.5         32.7351 
        1384.42         33.6106 
        1387.12         34.8729 
        1388.27         35.4249 
        1389.03         35.7934 
        1389.42         35.9847 
        1391.73         37.1273 
        1394.42         38.4971 
        1399.42         41.1241 
        1404.42         43.9056 
        1409.42         46.8581 
        1414.42         50.0123 
        1419.42         53.3848 
        1424.42         56.9348 
        1429.42         60.6767 
        1434.42         64.5792 
        1439.42         68.6736 
        1444.42         72.9745 
        1449.42         77.5625 
        1454.42         82.4656 
        1459.42          87.647 
        1464.42         93.1545 
        1465.96         94.9176 
        1469.42          98.973 
        1472.88         103.136 
        1473.27         103.599 
        1474.42         104.999 
        1476.35         107.369 
        1479.42         111.225 
        1484.42         117.737 
        1489.42         124.563 
        1494.42         131.657 
        1499.42         139.163 
        1504.42         147.185 
        1509.42         155.692 
        1514.42         164.662 
        1519.42         174.138 
        1524.42         184.227 
        1529.42         194.866 
        1534.42         205.875 
        1539.42         217.149 
        1544.42         228.813 
        1549.42         240.908 
        1554.42         253.282 
        1559.42         265.944 
        1564.42         279.093 
        1566.72         285.392 
        1569.42         292.955 
        1570.19         295.164 
        1572.11         300.744 
        1574.41         307.618 
         1574.8         308.778 
        1579.41         323.047 
        1584.41         339.173 
        1589.41         355.983 
        1594.41         373.598 
        1599.41          392.19 
        1604.41         411.655 
        1609.41         432.371 
        1614.41          454.35 
        1619.41         477.814 
        1624.41         502.875 
        1629.41           529.6 
        1634.41         558.066 
        1639.41         587.955 
        1644.41         619.089 
        1649.41         650.985 
        1654.41         683.739 
        1659.41         717.433 
        1664.41         752.471 
        1665.56         760.708 
         1669.4         788.807 
        1670.17         794.543 
        1673.25         817.766 
         1674.4         826.606 
        1676.33         841.516 
         1679.4         865.914 
         1684.4         907.037 
         1689.4         950.156 
         1694.4         995.301 
         1699.4         1042.61 
         1704.4         1091.37 
         1709.4         1141.22 
         1714.4         1192.94 
         1719.4         1246.46 
         1724.4         1302.15 
         1729.4         1359.64 
         1734.4         1418.71 
         1739.4         1479.32 
         1744.4         1541.85 
        1749.39         1605.63 
        1754.39         1671.28 
        1759.39            1739 
        1764.39         1809.04 
        1767.08          1847.7 
        1767.85         1858.89 
        1769.39          1881.4 
         1771.7         1915.79 
        1774.39         1956.78 
        1775.55         1974.58 
        1779.39         2034.87 
        1784.39         2116.55 
        1789.39         2201.05 
        1794.39         2287.36 
        1799.39         2376.49 
        1809.39         2562.49 
        1819.38         2760.55 
           1824         2855.73 
        1829.38         2970.21 
        1834.77         3088.47 
        1840.15         3210.08 
        1845.54         3335.62 
        1850.92         3465.84 
         1856.3         3601.84 
           1864         3801.74 
        1867.07         3883.54 
        1870.14         3966.83 
        1876.29         4139.61 
        1882.44         4318.68 
        1888.59         4504.54 
        1894.73         4697.12 
        1900.88         4896.45 
        1906.98         5101.29 
        1907.03         5102.89 
        1913.17         5316.55 
        1919.37         5539.19 
        1925.56         5766.61 
        1931.76         6003.24 
        1937.95         6255.73 
        1944.14         6507.84 
        1944.47         6521.41 
        1950.34         6777.08 
        1956.53         7045.74 
        1968.59          7593.7 
        1980.65         8175.02 
        1992.71         8792.28 
        2004.77         9447.37 
        2015.84         10083.3 
        2016.83         10141.6 
        2017.81         10200.2 
        2019.79         10318.9 
        2023.73         10563.9 
        2031.63         11063.5 
        2039.52         11570.6 
        2047.42         12096.2 
        2055.31         12641.1 
        2059.38         12929.5 
         2063.2         13205.7 
        2067.03         13486.6 
        2074.69         14067.6 
        2082.34         14669.7 
        2089.99         15292.7 
        2094.36         15657.1 
        2097.65           15937 
         2105.3         16603.3 
        2116.25         17595.1 
         2127.2         18636.2 
        2132.72         19187.2 
        2138.15         19745.9 
         2149.1         20883.9 
        2157.29         21766.1 
        2165.47         22679.2 
        2173.66         23619.8 
        2181.85         24591.9 
        2190.04           25597 
        2198.13         26622.3 
        2198.22         26634.8 
        2206.41         27707.3 
         2214.7         28828.3 
        2231.26         31152.4 
        2231.75         31222.7 
        2247.83         33617.9 
        2255.87         34864.1 
        2263.91         36169.5 
        2271.95         37593.9 
           2280           39022 
        2296.08           42004 
        2311.19         44989.2 
        2312.16           45188 
        2313.13         45387.8 
        2315.08         45770.5 
        2318.97           46543 
        2326.75         48120.7 
        2342.32         51456.8 
        2353.41         53964.7 
        2357.88         55005.2 
        2362.35         56068.9 
         2371.3         58275.6 
        2380.24         60563.3 
        2389.19         62941.8 
        2398.13         65462.6 
        2404.88         67446.2 
        2407.07         68104.7 
        2409.27         68769.5 
        2413.67         70127.6 
        2422.47         72945.9 
        2423.93         73431.3 
        2431.26         76011.1 
        2440.06         79130.4 
        2451.59         83419.7 
        2456.19         85192.5 
        2460.79         87208.1 
        2465.39         89203.6 
        2474.59         93351.2 
        2475.96         93987.3 
        2483.79         97764.5 
        2484.47         98102.8 
        2492.99          102439 
         2501.5          107017 
        2510.01          111786 
        2518.53          116594 
        2527.04          121598 
         2528.9          122714 
        2535.55          126766 
        2544.07          132103 
        2551.65          137016 
        2555.44          139520 
        2559.23          142052 
        2563.02          144931 
        2566.81          147864 
        2570.61          150853 
         2574.4          153898 
        2578.19          157003 
        2585.77          163463 
        2593.35          170152 
        2600.94          177129 
        2608.52          184454 
         2616.1          191793 
        2623.68          199351 
        2631.27          207190 
        2638.85          215260 
        2646.43          223571 
        2650.36          227968 
        2654.02          232113 
        2657.67          236314 
        2661.32          239863 
        2664.98          243440 
        2672.28          250678 
         2686.9          265518 
        2701.52          280813 
        2716.13          296568 
        2730.75          312777 
        2734.62          317159 
        2745.36          329562 
        2756.11          342220 
        2766.85          355776 
         2777.6          369640 
        2799.09          398373 
        2820.58          428428 
         2829.6          441441 
        2842.07          459844 
        2854.55          478757 
        2867.02          499702 
         2879.5          521225 
        2904.45          565955 
        2905.81          568462 
         2929.4          613066 
        2952.98          659876 
        2976.57          706528 
        2996.07          746581 
        3000.16          755157 
        3023.74          805947 
        3037.58          836738 
         3044.5          852386 
        3051.42          868207 
        3058.34          886174 
        3065.26          904361 
        3072.18          922749 
         3079.1          941359 
        3086.02          960209 
        3099.85          998602 
         3105.2      1.01369e+6 
        3127.53      1.07817e+6 
        3138.69      1.11134e+6 
        3149.86       1.1451e+6 
        3161.02      1.18286e+6 
        3172.18      1.22141e+6 
        3194.51        1.301e+6 
        3216.84      1.38346e+6 
        3230.04      1.43353e+6 
        3239.16      1.46873e+6 
        3243.73      1.48651e+6 
        3248.29       1.5044e+6 
        3252.86      1.51777e+6 
        3257.42      1.53118e+6 
        3261.99      1.54465e+6 
        3266.55      1.55816e+6 
        3275.68      1.58533e+6 
        3293.94      1.64025e+6 
        3314.17        1.702e+6 
        3330.45       1.7523e+6 
        3346.73      1.80314e+6 
        3379.29      1.90822e+6 
        3411.84       2.0153e+6 
        3443.63      2.12166e+6 
         3444.4      2.12425e+6 
        3445.17      2.12685e+6 
        3446.71      2.13198e+6 
        3449.79      2.14225e+6 
        3455.94      2.16283e+6 
        3468.26      2.20415e+6 
        3492.89       2.2874e+6 
        3540.72      2.45109e+6 
        3542.16      2.45605e+6 
         3543.6      2.46103e+6 
        3546.48      2.47092e+6 
        3552.25      2.49073e+6 
        3563.77      2.53045e+6 
        3582.37      2.59474e+6 
        3586.83      2.61018e+6 
        3591.28      2.62563e+6 
        3597.07      2.64567e+6 
         3600.2      2.65647e+6 
        3618.02      2.71829e+6 
        3635.88      2.78046e+6 
        3638.96       2.7912e+6 
        3642.04      2.80211e+6 
        3643.12      2.80593e+6 
        3645.12        2.813e+6 
        3645.28      2.81357e+6 
        3647.12      2.82008e+6 
        3648.96      2.82659e+6 
        3651.32      2.83493e+6 
        3652.64      2.83959e+6 
        3653.96      2.84426e+6 
        3654.24      2.84525e+6 
         3656.6      2.85357e+6 
        3658.96       2.8619e+6 
         3663.4      2.87755e+6 
        3663.68      2.87853e+6 
        3663.96      2.87952e+6 
        3664.52      2.88149e+6 
        3665.64      2.88543e+6 
         3666.8      2.88951e+6 
        3667.88      2.89331e+6 
        3668.28      2.89472e+6 
        3668.95      2.89711e+6 
        3671.11      2.90469e+6 
        3673.95      2.91468e+6 
         3675.2      2.91907e+6 
        3678.95      2.93224e+6 
        3682.58      2.94498e+6 
         3682.7       2.9454e+6 
        3682.82      2.94581e+6 
        3683.06      2.94666e+6 
        3683.18      2.94706e+6 
        3683.54      2.94834e+6 
         3684.5       2.9517e+6 
        3684.82      2.95281e+6 
        3685.83      2.95634e+6 
        3686.83      2.95985e+6 
        3688.74      2.96654e+6 
        3688.85       2.9669e+6 
        3688.94      2.96722e+6 
        3688.95      2.96727e+6 
        3689.16      2.96799e+6 
        3689.38      2.96876e+6 
        3689.73      2.96999e+6 
        3689.82      2.97029e+6 
         3689.9      2.97059e+6 
        3690.07      2.97118e+6 
        3690.41      2.97236e+6 
        3690.62      2.97312e+6 
        3691.09      2.97474e+6 
        3691.47      2.97607e+6 
        3691.55      2.97636e+6 
         3691.7      2.97687e+6 
        3692.48      2.97961e+6 
         3693.5      2.98316e+6 
         3694.4      2.98629e+6 
         3695.3      2.98943e+6 
        3695.81      2.99121e+6 
         3696.2      2.99256e+6 
        3696.53      2.99371e+6 
        3696.59      2.99392e+6 
        3696.65      2.99413e+6 
        3696.67       2.9942e+6 
        3696.76      2.99452e+6 
        3696.77      2.99456e+6 
        3696.87      2.99492e+6 
        3696.93      2.99512e+6 
        3696.99      2.99531e+6 
        3697.04       2.9955e+6 
         3697.1       2.9957e+6 
        3697.15      2.99589e+6 
        3697.21      2.99609e+6 
        3697.26      2.99628e+6 
        3697.32      2.99648e+6 
        3697.35      2.99657e+6 
        3697.41      2.99677e+6 
        3697.43      2.99688e+6 
        3697.46      2.99698e+6 
         3697.5       2.9971e+6 
        3697.53      2.99721e+6 
        3697.58      2.99738e+6 
        3697.66      2.99766e+6 
        3697.82      2.99822e+6 
        3698.11      2.99923e+6 
        3698.43      3.00034e+6 
        3698.69      3.00125e+6 
        3698.89      3.00193e+6 
        3698.95      3.00215e+6 
        3699.01      3.00236e+6 
        3699.13      3.00278e+6 
        3699.37      3.00363e+6 
        3699.53      3.00419e+6 
        3699.86      3.00533e+6 
        3699.88      3.00539e+6 
        3700.19      3.00648e+6 
         3700.2       3.0065e+6 
         3700.5      3.00756e+6 
        3700.81      3.00862e+6 
        3700.84      3.00874e+6 
        3701.09      3.00961e+6 
        3701.42      3.01074e+6 
        3701.99      3.01274e+6 
        3702.44      3.01431e+6 
        3702.89      3.01588e+6 
        3703.12      3.01666e+6 
        3703.35      3.01744e+6 
        3703.46      3.01783e+6 
        3703.57      3.01823e+6 
        3703.63      3.01842e+6 
        3703.68      3.01862e+6 
        3703.74      3.01881e+6 
         3703.8        3.019e+6 
        3703.85       3.0192e+6 
        3703.91      3.01939e+6 
        3703.97       3.0196e+6 
        3704.02      3.01979e+6 
        3704.09      3.02001e+6 
        3704.13      3.02018e+6 
        3704.18      3.02036e+6 
        3704.21      3.02045e+6 
        3704.22      3.02049e+6 
        3704.28      3.02071e+6 
        3704.31      3.02081e+6 
        3704.36      3.02097e+6 
        3704.41      3.02113e+6 
        3704.49      3.02142e+6 
        3704.57      3.02168e+6 
        3704.59      3.02177e+6 
        3704.69      3.02211e+6 
        3704.81      3.02253e+6 
        3705.05      3.02338e+6 
        3705.37      3.02448e+6 
        3705.54      3.02507e+6 
        3705.71      3.02566e+6 
        3706.05      3.02684e+6 
        3706.07      3.02692e+6 
        3706.73       3.0292e+6 
        3707.27      3.03106e+6 
        3707.39      3.03149e+6 
        3707.51      3.03192e+6 
        3707.61      3.03226e+6 
        3707.76      3.03278e+6 
        3707.91       3.0333e+6 
        3708.12      3.03401e+6 
        3708.21      3.03433e+6 
         3708.3      3.03465e+6 
        3708.49      3.03529e+6 
        3708.76      3.03625e+6 
        3708.85      3.03656e+6 
        3708.87      3.03663e+6 
        3708.95      3.03688e+6 
        3709.13      3.03751e+6 
        3709.21      3.03778e+6 
        3709.49      3.03877e+6 
        3710.11      3.04091e+6 
         3710.9      3.04366e+6 
        3711.01      3.04404e+6 
        3711.12      3.04442e+6 
        3711.21      3.04474e+6 
        3711.32      3.04512e+6 
        3711.34      3.04517e+6 
        3711.46       3.0456e+6 
        3711.52      3.04579e+6 
        3711.58      3.04599e+6 
         3711.6      3.04609e+6 
        3711.69      3.04639e+6 
        3711.75      3.04658e+6 
         3711.8      3.04677e+6 
        3711.86      3.04696e+6 
        3711.91      3.04716e+6 
        3711.97      3.04735e+6 
        3712.03      3.04755e+6 
        3712.08      3.04775e+6 
        3712.14      3.04794e+6 
         3712.2      3.04816e+6 
        3712.25      3.04833e+6 
         3712.3      3.04851e+6 
        3712.33       3.0486e+6 
        3712.33      3.04861e+6 
         3712.4      3.04886e+6 
        3712.48      3.04912e+6 
        3712.63      3.04965e+6 
        3712.93      3.05069e+6 
        3713.23      3.05171e+6 
        3713.53      3.05276e+6 
        3713.83      3.05381e+6 
        3714.24      3.05523e+6 
        3714.42      3.05584e+6 
        3714.44      3.05591e+6 
        3714.64      3.05659e+6 
        3715.03      3.05795e+6 
        3715.64      3.06006e+6 
        3716.76      3.06395e+6 
        3716.79      3.06404e+6 
        3716.86      3.06428e+6 
        3716.95       3.0646e+6 
        3717.14      3.06526e+6 
        3717.52      3.06657e+6 
        3718.19      3.06887e+6 
        3718.26      3.06911e+6 
        3718.33      3.06935e+6 
        3718.47      3.06984e+6 
        3718.56      3.07014e+6 
        3718.63       3.0704e+6 
        3718.73      3.07075e+6 
        3718.75       3.0708e+6 
        3718.94      3.07147e+6 
        3719.25      3.07254e+6 
        3719.47      3.07331e+6 
        3719.77      3.07433e+6 
        3720.07      3.07536e+6 
        3720.36      3.07625e+6 
        3720.52      3.07677e+6 
        3720.67      3.07722e+6 
        3720.98      3.07818e+6 
         3721.2      3.07884e+6 
        3721.43      3.07951e+6 
        3721.54      3.07984e+6 
        3721.66      3.08017e+6 
        3721.71      3.08033e+6 
        3721.77       3.0805e+6 
        3721.82      3.08066e+6 
        3721.88      3.08082e+6 
        3721.94      3.08098e+6 
        3721.99      3.08115e+6 
        3722.05      3.08132e+6 
        3722.11       3.0815e+6 
        3722.22      3.08184e+6 
         3722.4      3.08236e+6 
        3722.45       3.0825e+6 
         3722.5      3.08265e+6 
         3722.6      3.08295e+6 
         3722.7      3.08323e+6 
         3722.8      3.08354e+6 
         3722.9      3.08384e+6 
        3723.11      3.08444e+6 
        3723.23      3.08481e+6 
        3723.52      3.08565e+6 
        3723.81       3.0865e+6 
        3724.38      3.08819e+6 
        3725.45      3.09133e+6 
        3725.53      3.09157e+6 
        3725.62      3.09181e+6 
        3725.75      3.09221e+6 
        3725.78       3.0923e+6 
        3725.92      3.09269e+6 
        3725.93      3.09273e+6 
        3726.11      3.09327e+6 
        3726.48      3.09434e+6 
        3727.04      3.09599e+6 
        3727.37      3.09694e+6 
        3728.15      3.09925e+6 
        3728.64      3.10067e+6 
        3728.94      3.10156e+6 
        3729.01      3.10176e+6 
        3729.24      3.10244e+6 
        3729.84       3.1042e+6 
        3730.68      3.10665e+6 
        3732.19      3.11109e+6 
        3732.34      3.11153e+6 
        3732.49      3.11196e+6 
        3732.79      3.11284e+6 
        3733.35      3.11448e+6 
        3733.38      3.11457e+6 
        3733.39       3.1146e+6 
         3733.4      3.11462e+6 
        3733.45      3.11477e+6 
        3733.55      3.11506e+6 
        3733.65      3.11534e+6 
        3733.75      3.11565e+6 
        3733.86      3.11595e+6 
           3734      3.11638e+6 
        3734.04      3.11649e+6 
        3734.06      3.11655e+6 
        3734.08      3.11661e+6 
        3734.13      3.11674e+6 
        3734.14      3.11677e+6 
        3734.16      3.11684e+6 
         3734.2      3.11693e+6 
        3734.25      3.11708e+6 
        3734.31      3.11724e+6 
        3734.37       3.1174e+6 
        3734.43      3.11757e+6 
        3734.48      3.11775e+6 
        3734.54      3.11793e+6 
        3734.65      3.11827e+6 
        3734.83      3.11879e+6 
        3734.88      3.11894e+6 
        3734.93      3.11909e+6 
        3735.03      3.11938e+6 
        3735.12      3.11966e+6 
        3735.17       3.1198e+6 
        3735.23      3.11997e+6 
        3735.33      3.12027e+6 
        3735.39      3.12044e+6 
        3735.49      3.12075e+6 
        3735.82      3.12168e+6 
           3736      3.12222e+6 
        3736.24      3.12293e+6 
        3736.49      3.12364e+6 
        3736.97      3.12506e+6 
        3737.83      3.12756e+6 
        3737.94       3.1279e+6 
        3738.06      3.12824e+6 
        3738.29      3.12892e+6 
        3738.59      3.12978e+6 
        3738.76      3.13029e+6 
        3738.94       3.1308e+6 
        3739.29      3.13182e+6 
         3739.5      3.13244e+6 
        3739.99      3.13386e+6 
        3740.48      3.13529e+6 
        3741.21      3.13744e+6 
        3741.45      3.13814e+6 
        3741.69      3.13885e+6 
        3742.09      3.14001e+6 
        3742.18      3.14025e+6 
        3742.26       3.1405e+6 
        3742.43      3.14099e+6 
        3742.67      3.14169e+6 
        3742.73      3.14188e+6 
        3742.76      3.14197e+6 
         3742.8      3.14206e+6 
        3742.86      3.14225e+6 
        3742.92      3.14241e+6 
        3743.17      3.14313e+6 
        3743.66      3.14458e+6 
        3744.62      3.14737e+6 
        3744.65      3.14747e+6 
        3746.45      3.15268e+6 
        3747.61      3.15608e+6 
        3748.27      3.15799e+6 
        3748.84      3.15966e+6 
         3748.9      3.15985e+6 
        3748.93      3.15994e+6 
        3748.96         3.16e+6 
        3748.99      3.16007e+6 
        3749.08      3.16035e+6 
        3749.12      3.16047e+6 
        3749.18      3.16063e+6 
        3749.38      3.16123e+6 
        3749.41      3.16129e+6 
        3749.64      3.16195e+6 
        3749.75       3.1623e+6 
        3749.87      3.16261e+6 
        3749.92      3.16277e+6 
        3749.98      3.16292e+6 
        3750.04      3.16308e+6 
        3750.09      3.16321e+6 
        3750.15      3.16336e+6 
        3750.21      3.16355e+6 
        3750.27      3.16374e+6 
        3750.32      3.16393e+6 
        3750.44      3.16427e+6 
        3750.62      3.16481e+6 
        3750.66      3.16493e+6 
        3750.72      3.16509e+6 
        3750.82      3.16537e+6 
        3750.91      3.16566e+6 
        3751.02      3.16597e+6 
        3751.12      3.16629e+6 
        3751.33      3.16691e+6 
        3751.48      3.16732e+6 
        3751.76      3.16814e+6 
        3752.03      3.16892e+6 
        3752.59      3.17056e+6 
        3753.53      3.17329e+6 
         3753.7      3.17376e+6 
        3753.78      3.17401e+6 
        3753.86      3.17423e+6 
        3754.18      3.17518e+6 
        3754.27      3.17543e+6 
        3754.84      3.17706e+6 
        3755.89      3.18014e+6 
        3756.09      3.18071e+6 
        3757.47      3.18473e+6 
        3757.51      3.18482e+6 
        3757.55      3.18492e+6 
        3758.93      3.18894e+6 
        3760.39      3.19315e+6 
        3761.66      3.19682e+6 
        3762.72       3.1999e+6 
        3763.23      3.20138e+6 
        3764.81      3.20593e+6 
        3765.07      3.20669e+6 
         3766.9      3.21196e+6 
        3768.55      3.21671e+6 
        3768.74      3.21727e+6 
        3768.93      3.21781e+6 
        3768.97      3.21793e+6 
         3769.2      3.21859e+6 
        3769.31      3.21891e+6 
        3769.66      3.21988e+6 
        3769.89      3.22054e+6 
        3770.11       3.2212e+6 
        3770.23      3.22151e+6 
        3770.34      3.22183e+6 
         3770.4      3.22199e+6 
        3770.46      3.22211e+6 
        3770.51      3.22227e+6 
        3770.57      3.22239e+6 
        3770.63      3.22252e+6 
        3770.69      3.22271e+6 
        3770.74      3.22293e+6 
         3770.8      3.22312e+6 
        3770.87      3.22334e+6 
        3770.92      3.22349e+6 
        3770.97      3.22365e+6 
        3770.99      3.22371e+6 
           3771      3.22375e+6 
        3771.07      3.22393e+6 
        3771.15      3.22419e+6 
         3771.3      3.22462e+6 
         3771.6       3.2255e+6 
        3771.89      3.22635e+6 
        3771.95      3.22651e+6 
        3772.21      3.22726e+6 
        3772.52      3.22817e+6 
        3773.15         3.23e+6 
        3774.36      3.23345e+6 
         3775.5      3.23672e+6 
        3776.76      3.24036e+6 
        3777.13       3.2414e+6 
        3778.03      3.24398e+6 
         3778.4      3.24505e+6 
        3778.93      3.24658e+6 
        3780.73      3.25174e+6 
        3781.84      3.25497e+6 
        3783.05      3.25843e+6 
        3783.16      3.25874e+6 
        3784.26      3.26192e+6 
        3785.37      3.26509e+6 
        3786.22      3.26754e+6 
         3787.4       3.2709e+6 
        3787.57       3.2714e+6 
        3788.92      3.27527e+6 
        3790.45      3.27963e+6 
        3792.84      3.28648e+6 
        3793.49      3.28834e+6 
        3794.14      3.29019e+6 
         3794.9      3.29233e+6 
        3795.07      3.29283e+6 
        3795.44       3.2939e+6 
        3795.99      3.29544e+6 
        3796.45      3.29676e+6 
        3796.92      3.29804e+6 
        3797.15       3.2987e+6 
        3797.38      3.29933e+6 
        3797.49      3.29961e+6 
        3797.61      3.29993e+6 
        3797.67      3.30005e+6 
        3797.72      3.30018e+6 
        3797.78      3.30027e+6 
        3797.84      3.30037e+6 
         3797.9      3.30049e+6 
        3797.96      3.30068e+6 
        3798.01      3.30093e+6 
        3798.07      3.30115e+6 
        3798.19      3.30156e+6 
        3798.37      3.30213e+6 
        3798.42      3.30229e+6 
        3798.47      3.30244e+6 
        3798.57      3.30272e+6 
        3798.66      3.30298e+6 
        3798.75      3.30329e+6 
        3798.77      3.30332e+6 
        3798.84      3.30351e+6 
        3798.88      3.30364e+6 
        3798.92      3.30376e+6 
        3799.05      3.30414e+6 
        3799.09      3.30426e+6 
        3799.43      3.30521e+6 
        3799.47      3.30536e+6 
         3799.8      3.30631e+6 
        3800.56      3.30847e+6 
        3801.65      3.31158e+6 
        3802.32       3.3135e+6 
        3803.83       3.3178e+6 
        3805.35      3.32211e+6 
        3807.84      3.32915e+6 
        3808.38      3.33069e+6 
        3808.92      3.33222e+6 
           3810      3.33527e+6 
        3811.59      3.33976e+6 
        3812.16       3.3414e+6 
        3812.74      3.34303e+6 
         3813.9       3.3463e+6 
        3815.78      3.35161e+6 
        3816.09      3.35252e+6 
        3816.21      3.35283e+6 
        3816.64      3.35406e+6 
        3817.44      3.35635e+6 
         3817.5      3.35654e+6 
        3818.92      3.36062e+6 
        3820.39      3.36496e+6 
        3822.57      3.37134e+6 
        3823.35       3.3736e+6 
        3823.51       3.3741e+6 
        3824.13      3.37589e+6 
        3825.68      3.38045e+6 
         3826.8      3.38372e+6 
        3827.86      3.38679e+6 
        3828.91      3.38984e+6 
        3830.45      3.39433e+6 
        3831.02      3.39597e+6 
        3831.59      3.39763e+6 
           3832      3.39879e+6 
        3832.53       3.4003e+6 
        3832.73       3.4009e+6 
        3833.46      3.40297e+6 
        3833.93      3.40432e+6 
        3834.39      3.40561e+6 
        3834.63      3.40627e+6 
        3834.86      3.40687e+6 
        3834.97      3.40715e+6 
        3835.09      3.40743e+6 
        3835.15      3.40756e+6 
        3835.21      3.40762e+6 
        3835.27      3.40769e+6 
        3835.33      3.40772e+6 
        3835.38      3.40784e+6 
        3835.44      3.40806e+6 
         3835.5      3.40838e+6 
        3835.56      3.40866e+6 
        3835.63      3.40894e+6 
        3835.68      3.40913e+6 
        3835.73      3.40932e+6 
        3835.74      3.40935e+6 
        3835.77      3.40948e+6 
        3835.83      3.40963e+6 
        3835.91      3.40992e+6 
        3836.07      3.41045e+6 
        3836.38      3.41139e+6 
        3836.65      3.41221e+6 
        3836.98      3.41318e+6 
        3837.03      3.41334e+6 
        3837.31      3.41419e+6 
        3837.97      3.41614e+6 
        3838.65      3.41812e+6 
        3838.91       3.4189e+6 
        3839.18      3.41966e+6 
         3839.7      3.42119e+6 
        3840.76      3.42427e+6 
        3842.75      3.43005e+6 
        3842.83      3.43027e+6 
        3842.87       3.4304e+6 
        3842.91      3.43049e+6 
        3843.07      3.43096e+6 
        3843.38      3.43188e+6 
           3844      3.43367e+6 
        3844.59      3.43536e+6 
        3845.25      3.43728e+6 
        3845.55      3.43813e+6 
        3845.91       3.4392e+6 
        3847.23        3.443e+6 
        3847.44      3.44363e+6 
        3848.91      3.44784e+6 
        3850.38      3.45208e+6 
        3851.98      3.45666e+6 
        3853.31       3.4605e+6 
        3854.64      3.46433e+6 
         3855.7      3.46738e+6 
         3857.3      3.47196e+6 
        3858.91      3.47655e+6 
        3862.01      3.48541e+6 
        3862.11      3.48572e+6 
        3862.22      3.48601e+6 
        3862.43       3.4866e+6 
        3862.85       3.4878e+6 
        3863.68      3.49018e+6 
        3865.17      3.49442e+6 
        3865.36      3.49499e+6 
        3865.56      3.49552e+6 
        3865.95      3.49666e+6 
        3866.73      3.49885e+6 
        3867.68      3.50156e+6 
        3868.29      3.50328e+6 
         3868.9      3.50504e+6 
        3870.13       3.5085e+6 
        3871.32      3.51189e+6 
        3872.59      3.51544e+6 
        3873.85      3.51902e+6 
        3876.32        3.526e+6 
        3876.37      3.52609e+6 
        3876.37      3.52612e+6 
        3876.37      3.52612e+6 
        3876.42      3.52625e+6 
        3876.52      3.52653e+6 
        3876.72       3.5271e+6 
        3876.95      3.52773e+6 
        3877.12      3.52823e+6 
        3877.92      3.53046e+6 
         3878.9      3.53319e+6 
        3880.29      3.53706e+6 
        3880.85      3.53863e+6 
        3881.42       3.5402e+6 
        3882.55      3.54331e+6 
         3884.4      3.54837e+6 
         3884.8      3.54947e+6 
        3884.92      3.54978e+6 
         3885.2      3.55053e+6 
        3886.01       3.5527e+6 
        3886.15      3.55308e+6 
         3887.1      3.55559e+6 
        3887.57      3.55679e+6 
        3888.04      3.55798e+6 
        3888.28      3.55854e+6 
        3888.52      3.55908e+6 
        3888.63       3.5593e+6 
        3888.75      3.55949e+6 
        3888.84      3.55955e+6 
        3888.87      3.55955e+6 
        3888.87      3.55955e+6 
         3888.9      3.55955e+6 
        3888.93      3.55949e+6 
        3888.99      3.55942e+6 
        3889.05      3.55949e+6 
        3889.11      3.55977e+6 
        3889.17      3.56015e+6 
        3889.22      3.56056e+6 
        3889.29      3.56093e+6 
        3889.34      3.56115e+6 
        3889.39      3.56134e+6 
        3889.41       3.5614e+6 
        3889.45      3.56156e+6 
        3889.49      3.56175e+6 
        3889.58      3.56206e+6 
        3889.75      3.56263e+6 
        3890.05       3.5636e+6 
        3890.32      3.56445e+6 
        3890.47      3.56492e+6 
        3890.66      3.56549e+6 
           3891      3.56652e+6 
        3891.68      3.56857e+6 
        3892.89      3.57209e+6 
        3893.94      3.57513e+6 
        3894.46      3.57661e+6 
        3895.31      3.57906e+6 
        3896.22      3.58167e+6 
        3896.68      3.58296e+6 
        3898.89      3.58924e+6 
         3899.6      3.59122e+6 
        3901.57      3.59675e+6 
        3903.89      3.60325e+6 
        3904.25      3.60422e+6 
        3908.89      3.61714e+6 
        3913.89      3.63093e+6 
        3918.89      3.64566e+6 
        3923.89      3.66049e+6 
        3928.22      3.67324e+6 
        3928.35      3.67365e+6 
        3928.89      3.67522e+6 
        3929.56       3.6772e+6 
         3930.9      3.68116e+6 
        3933.45      3.68864e+6 
        3935.81      3.69552e+6 
        3937.35      3.69998e+6 
        3938.89      3.70447e+6 
        3940.04       3.7078e+6 
        3941.96      3.71336e+6 
        3943.88      3.71892e+6 
        3946.58      3.72668e+6 
        3947.73      3.72998e+6 
        3948.88      3.73325e+6 
        3950.65      3.73831e+6 
        3951.01      3.73931e+6 
        3951.19      3.73981e+6 
        3951.72      3.74132e+6 
        3952.78      3.74431e+6 
        3954.55      3.74927e+6 
        3957.31      3.75687e+6 
        3958.09      3.75901e+6 
        3958.62      3.76045e+6 
        3958.88      3.76115e+6 
        3960.45      3.76532e+6 
        3962.28       3.7701e+6 
        3965.74      3.77855e+6 
        3965.94      3.77902e+6 
        3966.15      3.77949e+6 
        3966.56      3.78044e+6 
        3966.68      3.78069e+6 
        3967.28      3.78204e+6 
        3967.38      3.78223e+6 
        3968.08      3.78373e+6 
        3968.71      3.78502e+6 
        3968.88      3.78537e+6 
        3969.05      3.78568e+6 
        3969.23        3.786e+6 
        3969.29      3.78609e+6 
        3969.38      3.78625e+6 
        3969.53      3.78644e+6 
        3969.65      3.78656e+6 
        3969.77      3.78659e+6 
        3969.83      3.78653e+6 
        3969.89       3.7864e+6 
        3969.95      3.78612e+6 
        3970.01      3.78581e+6 
        3970.07      3.78574e+6 
        3970.13      3.78615e+6 
        3970.19      3.78678e+6 
        3970.25      3.78741e+6 
        3970.32      3.78798e+6 
        3970.37      3.78829e+6 
        3970.42      3.78857e+6 
        3970.43      3.78864e+6 
        3970.49      3.78895e+6 
        3970.52      3.78907e+6 
        3970.61      3.78951e+6 
         3970.8      3.79027e+6 
         3971.1      3.79146e+6 
        3971.33      3.79237e+6 
        3971.59      3.79332e+6 
         3971.7      3.79369e+6 
        3972.06      3.79501e+6 
        3972.79      3.79759e+6 
        3973.99       3.8017e+6 
        3974.94      3.80485e+6 
         3976.4      3.80959e+6 
        3976.84        3.811e+6 
        3977.86      3.81418e+6 
        3978.87      3.81732e+6 
        3979.58      3.81945e+6 
         3980.9      3.82344e+6 
        3982.23       3.8274e+6 
        3984.18      3.83309e+6 
        3984.88      3.83513e+6 
        3985.12      3.83582e+6 
        3985.59      3.83717e+6 
        3986.99      3.84119e+6 
        3988.87      3.84653e+6 
        3991.38      3.85363e+6 
        3992.62      3.85712e+6 
        3993.85      3.86058e+6 
        3993.87      3.86064e+6 
        3996.36      3.86758e+6 
        3998.87      3.87456e+6 
        4003.87      3.88835e+6 
        4008.87      3.90202e+6 
        4013.86      3.91581e+6 
        4018.86      3.92979e+6 
        4023.86      3.94367e+6 
        4025.34      3.94776e+6 
        4028.86      3.95746e+6 
        4032.38      3.96711e+6 
        4032.95      3.96865e+6 
        4033.86      3.97116e+6 
         4035.9      3.97672e+6 
        4038.86      3.98476e+6 
        4043.86      3.99827e+6 
        4048.86      4.01169e+6 
        4053.86      4.02498e+6 
        4058.85      4.03817e+6 
        4063.85      4.05124e+6 
        4068.85      4.06412e+6 
        4073.85      4.07678e+6 
        4075.42      4.08071e+6 
        4078.85      4.08913e+6 
        4082.28       4.0973e+6 
        4082.56      4.09796e+6 
           4084      4.10129e+6 
         4085.7      4.10509e+6 
        4088.84      4.11165e+6 
         4089.7      4.11329e+6 
        4093.69      4.11973e+6 
        4096.52      4.12243e+6 
        4097.68      4.12293e+6 
        4098.01      4.12299e+6 
        4098.68      4.12306e+6 
        4098.84      4.12306e+6 
        4099.68      4.12299e+6 
        4100.17       4.1229e+6 
        4100.67      4.12271e+6 
        4100.92      4.12255e+6 
        4101.17      4.12227e+6 
         4101.3      4.12202e+6 
        4101.42      4.12158e+6 
        4101.48      4.12124e+6 
        4101.55       4.1207e+6 
        4101.61      4.11982e+6 
        4101.67      4.11891e+6 
        4101.73       4.1185e+6 
         4101.8      4.11922e+6 
        4101.86      4.12045e+6 
        4101.92      4.12164e+6 
        4102.05      4.12315e+6 
         4102.3      4.12507e+6 
        4102.74      4.12774e+6 
        4102.79      4.12799e+6 
        4102.85      4.12827e+6 
        4102.94      4.12881e+6 
        4103.15      4.12987e+6 
         4103.3      4.13066e+6 
        4103.55      4.13198e+6 
        4103.79      4.13324e+6 
        4104.29      4.13581e+6 
        4104.78      4.13829e+6 
        4105.29      4.14074e+6 
        4105.79      4.14316e+6 
        4106.79      4.14778e+6 
        4108.68      4.15576e+6 
        4108.76      4.15608e+6 
         4108.8      4.15623e+6 
        4108.84      4.15639e+6 
        4108.86      4.15648e+6 
           4109      4.15705e+6 
        4109.32      4.15834e+6 
        4109.78      4.16016e+6 
         4110.7      4.16365e+6 
        4111.32      4.16591e+6 
        4112.55      4.17024e+6 
        4113.77      4.17436e+6 
        4114.69      4.17734e+6 
        4116.23      4.18218e+6 
        4116.69      4.18363e+6 
        4117.77      4.18686e+6 
        4118.13      4.18793e+6 
        4118.84      4.19004e+6 
        4120.98      4.19623e+6 
        4123.84      4.20424e+6 
        4126.14      4.21055e+6 
        4128.84      4.21781e+6 
         4129.6      4.21985e+6 
        4131.53      4.22494e+6 
        4133.83        4.231e+6 
        4134.22      4.23201e+6 
        4138.83      4.24398e+6 
        4143.83      4.25673e+6 
        4148.83      4.26936e+6 
        4153.83      4.28183e+6 
        4158.83      4.29421e+6 
        4163.83      4.30643e+6 
        4168.82      4.31859e+6 
        4173.82      4.33059e+6 
        4178.82      4.34253e+6 
        4183.82      4.35434e+6 
        4188.82      4.36606e+6 
        4193.82      4.37768e+6 
        4198.82      4.38918e+6 
        4203.81      4.40062e+6 
        4208.81      4.41208e+6 
        4213.81      4.42355e+6 
        4216.52      4.42974e+6 
        4217.24      4.43134e+6 
        4218.81      4.43492e+6 
         4221.1      4.44008e+6 
        4223.81      4.44617e+6 
        4224.95      4.44875e+6 
        4228.81      4.45735e+6 
        4233.81      4.46841e+6 
        4238.81      4.47935e+6 
        4243.81      4.49018e+6 
         4248.8      4.50093e+6 
         4253.8      4.51158e+6 
         4258.8      4.52207e+6 
         4263.8       4.5325e+6 
         4268.8      4.54277e+6 
         4273.8      4.55295e+6 
         4278.8      4.56297e+6 
        4283.79      4.57287e+6 
        4288.79      4.58258e+6 
        4293.79       4.5921e+6 
        4298.79       4.6014e+6 
        4303.79      4.61032e+6 
        4308.79      4.61855e+6 
        4313.79      4.62612e+6 
        4314.07       4.6265e+6 
        4318.78      4.63247e+6 
        4320.85      4.63454e+6 
         4323.5      4.63649e+6 
        4326.14      4.63718e+6 
        4326.48      4.63715e+6 
        4328.78      4.63599e+6 
        4330.23      4.63419e+6 
        4331.09      4.63259e+6 
        4331.15      4.63247e+6 
        4331.95      4.63058e+6 
        4333.66      4.62493e+6 
        4334.06      4.62323e+6 
        4336.17      4.61189e+6 
        4337.79      4.60052e+6 
        4338.22      4.59722e+6 
        4338.28      4.59672e+6 
        4338.78      4.59291e+6 
        4338.81      4.59269e+6 
        4339.34      4.58864e+6 
         4339.6      4.58654e+6 
        4339.87      4.58418e+6 
           4340      4.58274e+6 
        4340.13      4.58091e+6 
         4340.2      4.57966e+6 
        4340.26      4.57787e+6 
        4340.33      4.57516e+6 
         4340.4      4.57237e+6 
        4340.46      4.57095e+6 
        4340.53      4.57262e+6 
        4340.59      4.57564e+6 
        4340.66      4.57853e+6 
        4340.79      4.58204e+6 
        4341.01      4.58553e+6 
        4341.06      4.58622e+6 
         4341.1      4.58688e+6 
         4341.2      4.58811e+6 
        4341.23      4.58839e+6 
        4341.24      4.58852e+6 
         4341.4      4.59046e+6 
        4341.58      4.59247e+6 
        4341.94      4.59643e+6 
        4342.64      4.60422e+6 
        4343.33      4.61186e+6 
        4343.57      4.61447e+6 
        4344.04      4.61949e+6 
        4344.75      4.62672e+6 
        4346.17      4.63982e+6 
        4348.58      4.65769e+6 
        4348.78      4.65895e+6 
        4348.98      4.66021e+6 
        4349.37      4.66259e+6 
        4350.17      4.66709e+6 
        4350.32       4.6679e+6 
        4351.76        4.675e+6 
         4353.2      4.68122e+6 
        4354.73      4.68704e+6 
        4356.08      4.69159e+6 
        4356.08      4.69159e+6 
        4357.43       4.6958e+6 
        4358.77       4.6997e+6 
        4359.17       4.7008e+6 
        4361.47      4.70667e+6 
        4363.77      4.71214e+6 
        4367.98      4.72128e+6 
        4368.38       4.7221e+6 
        4368.52      4.72238e+6 
        4368.77      4.72288e+6 
        4369.56      4.72448e+6 
        4371.15      4.72763e+6 
        4373.77      4.73265e+6 
        4378.77      4.74186e+6 
        4383.77      4.75065e+6 
        4388.77       4.7592e+6 
        4393.77      4.76752e+6 
        4398.76      4.77569e+6 
        4403.76       4.7826e+6 
        4408.76      4.78892e+6 
        4413.76       4.7952e+6 
        4418.76      4.80139e+6 
        4423.76      4.80752e+6 
        4428.76      4.81358e+6 
        4433.75      4.81961e+6 
        4438.75      4.82555e+6 
        4443.75      4.83146e+6 
        4448.75      4.83733e+6 
        4453.75      4.84314e+6 
        4458.75      4.84889e+6 
        4463.75      4.85461e+6 
        4468.74      4.86026e+6 
        4473.74      4.86589e+6 
        4478.74      4.87148e+6 
        4483.74      4.87701e+6 
        4488.74      4.88247e+6 
        4493.74      4.88794e+6 
        4498.74      4.89416e+6 
        4503.74      4.90198e+6 
        4508.73      4.90968e+6 
        4513.73      4.91728e+6 
        4514.12      4.91788e+6 
        4518.73      4.92479e+6 
        4523.35      4.93164e+6 
        4527.19      4.93726e+6 
        4527.96      4.93836e+6 
        4528.73      4.93949e+6 
        4530.27      4.94169e+6 
        4532.97      4.94559e+6 
        4533.29      4.94606e+6 
        4533.35      4.94612e+6 
        4533.73      4.94669e+6 
        4534.49      4.94776e+6 
        4536.01      4.94992e+6 
        4538.73      4.95376e+6 
        4543.73      4.96076e+6 
        4548.72      4.96764e+6 
        4553.72      4.97443e+6 
        4558.72      4.98112e+6 
        4563.72      4.98775e+6 
        4568.72      4.99425e+6 
        4573.72      5.00066e+6 
        4578.72      5.00698e+6 
        4583.72       5.0132e+6 
        4588.71      5.01935e+6 
        4593.71      5.02539e+6 
        4596.53       5.0284e+6 
        4596.98      5.02887e+6 
        4598.71      5.03073e+6 
        4600.89      5.03299e+6 
        4603.71      5.03591e+6 
         4604.8      5.03701e+6 
        4608.71        5.041e+6 
        4613.71      5.04606e+6 
         4618.7      5.05105e+6 
         4623.7      5.05595e+6 
         4628.7      5.06082e+6 
         4633.7      5.06563e+6 
         4638.7       5.0704e+6 
         4643.7      5.07509e+6 
         4648.7      5.07974e+6 
         4653.7      5.08429e+6 
        4658.69      5.08881e+6 
        4663.69      5.09328e+6 
        4668.69      5.09767e+6 
        4673.69      5.10204e+6 
        4678.69      5.10631e+6 
        4683.69      5.11055e+6 
        4688.69      5.11473e+6 
        4693.69      5.11875e+6 
        4698.68      5.12262e+6 
        4703.68      5.12642e+6 
        4708.68      5.13016e+6 
        4713.68      5.13383e+6 
         4715.6      5.13525e+6 
        4718.68      5.13748e+6 
        4720.98      5.13914e+6 
        4721.76      5.13971e+6 
        4723.68      5.14106e+6 
        4724.83      5.14188e+6 
        4728.68      5.14461e+6 
        4733.68       5.1481e+6 
        4738.67      5.15152e+6 
        4743.67      5.15488e+6 
        4748.67      5.15818e+6 
        4753.67      5.16142e+6 
        4758.67      5.16462e+6 
        4763.67      5.16773e+6 
        4768.67      5.17075e+6 
        4773.66       5.1737e+6 
        4778.66      5.17656e+6 
        4783.66      5.17932e+6 
        4788.66      5.18193e+6 
        4793.66      5.18435e+6 
        4798.66      5.18661e+6 
        4803.66      5.18862e+6 
        4808.65      5.19035e+6 
        4813.65      5.19167e+6 
        4818.65      5.19239e+6 
        4823.65      5.19233e+6 
        4828.65      5.19095e+6 
        4833.65      5.18749e+6 
        4834.97      5.18605e+6 
        4838.65      5.18036e+6 
        4839.16      5.17929e+6 
        4842.32      5.17106e+6 
        4845.48      5.15834e+6 
         4845.5      5.15821e+6 
        4848.64      5.13848e+6 
        4851.78      5.10732e+6 
        4853.34       5.0857e+6 
        4854.39      5.06789e+6 
        4854.93      5.05784e+6 
        4856.52      5.02338e+6 
         4858.4      4.97433e+6 
        4858.64      4.96758e+6 
        4858.66      4.96698e+6 
        4858.88      4.96083e+6 
        4859.36      4.94722e+6 
        4859.47      4.94411e+6 
        4860.06      4.92734e+6 
        4860.36       4.9187e+6 
        4860.66      4.90915e+6 
        4860.81      4.90349e+6 
        4860.95      4.89633e+6 
        4861.03      4.89143e+6 
         4861.1      4.88442e+6 
        4861.18      4.87402e+6 
        4861.25      4.86262e+6 
        4861.32      4.85709e+6 
         4861.4      4.86268e+6 
        4861.47      4.87434e+6 
        4861.54      4.88464e+6 
        4861.64       4.8935e+6 
        4861.69      4.89649e+6 
        4861.69      4.89661e+6 
        4861.69      4.89674e+6 
        4861.69      4.89696e+6 
        4861.74      4.89947e+6 
        4861.84      4.90415e+6 
        4861.98      4.90959e+6 
        4861.99      4.90987e+6 
        4862.28      4.91961e+6 
        4862.58      4.92872e+6 
         4862.6      4.92922e+6 
        4863.18      4.94637e+6 
        4863.73      4.96249e+6 
        4863.76      4.96347e+6 
        4864.93      4.99686e+6 
        4866.13      5.02853e+6 
        4868.41      5.07829e+6 
        4868.53       5.0804e+6 
        4868.64      5.08247e+6 
        4868.86      5.08652e+6 
        4869.32      5.09425e+6 
        4869.58      5.09858e+6 
        4870.22      5.10832e+6 
        4870.86      5.11728e+6 
        4872.13      5.13295e+6 
        4874.62       5.1568e+6 
        4874.69       5.1573e+6 
        4874.75       5.1578e+6 
        4874.87      5.15878e+6 
        4875.12      5.16073e+6 
        4875.61      5.16437e+6 
        4876.61      5.17106e+6 
        4878.45      5.18162e+6 
        4878.54      5.18209e+6 
        4878.59      5.18231e+6 
        4878.64      5.18256e+6 
        4878.82      5.18347e+6 
        4879.19      5.18523e+6 
        4879.53       5.1868e+6 
        4879.92      5.18859e+6 
        4880.32      5.19029e+6 
        4880.94       5.1928e+6 
        4881.12      5.19349e+6 
        4882.71      5.19918e+6 
        4884.48      5.20458e+6 
         4887.4       5.2119e+6 
        4888.02      5.21322e+6 
        4888.63      5.21451e+6 
        4889.87       5.2169e+6 
        4891.06        5.219e+6 
        4892.35      5.22111e+6 
        4893.63      5.22305e+6 
        4893.78      5.22327e+6 
         4896.2      5.22657e+6 
        4898.63      5.22946e+6 
        4903.34      5.23427e+6 
        4903.48       5.2344e+6 
        4903.63      5.23452e+6 
        4903.92      5.23477e+6 
         4904.5      5.23531e+6 
        4905.66      5.23631e+6 
        4907.33      5.23769e+6 
        4907.98      5.23823e+6 
        4908.63      5.23873e+6 
        4909.93      5.23974e+6 
        4911.43      5.24084e+6 
        4912.53      5.24162e+6 
        4913.01      5.24197e+6 
        4913.63      5.24238e+6 
        4915.55      5.24366e+6 
        4915.82      5.24385e+6 
        4918.24      5.24539e+6 
        4918.63      5.24561e+6 
         4921.7      5.24747e+6 
        4923.62      5.24856e+6 
        4925.16      5.24941e+6 
        4928.62      5.25127e+6 
        4933.62      5.25381e+6 
        4938.62      5.25623e+6 
        4943.62      5.25849e+6 
        4948.62      5.26069e+6 
        4953.62       5.2628e+6 
        4958.61      5.26484e+6 
        4963.61      5.26679e+6 
        4968.61       5.2687e+6 
        4973.61      5.27052e+6 
        4978.61      5.27235e+6 
        4983.61      5.27407e+6 
        4988.61      5.27571e+6 
        4993.61      5.27731e+6 
         4998.6      5.27888e+6 
         5003.6      5.28039e+6 
         5008.6      5.28187e+6 
         5013.6      5.28331e+6 
         5018.6      5.28472e+6 
         5023.6      5.28608e+6 
         5028.6      5.28743e+6 
         5033.6      5.28875e+6 
        5038.59         5.29e+6 
        5043.59      5.29126e+6 
        5048.59      5.29245e+6 
        5053.59      5.29365e+6 
        5058.59      5.29478e+6 
        5063.59      5.29591e+6 
        5068.59      5.29698e+6 
        5073.58      5.29804e+6 
        5078.58      5.29908e+6 
        5083.58      5.29996e+6 
        5088.58      5.30081e+6 
        5093.58      5.30163e+6 
        5098.58      5.30241e+6 
        5103.58      5.30317e+6 
        5108.57      5.30392e+6 
        5113.57      5.30461e+6 
        5118.57       5.3053e+6 
        5123.57      5.30596e+6 
        5128.57      5.30659e+6 
        5133.57      5.30719e+6 
        5138.57      5.30778e+6 
        5143.57      5.30832e+6 
        5148.56      5.30885e+6 
        5153.56      5.30939e+6 
        5158.56      5.30986e+6 
        5163.56      5.31033e+6 
        5168.56      5.31074e+6 
        5173.56      5.31115e+6 
        5178.56      5.31152e+6 
        5183.56      5.31177e+6 
        5188.55      5.31199e+6 
        5193.55      5.31221e+6 
        5198.55       5.3124e+6 
        5203.55      5.31256e+6 
        5208.55      5.31272e+6 
        5213.55      5.31284e+6 
        5218.55      5.31294e+6 
        5223.54        5.313e+6 
        5228.54      5.31306e+6 
        5233.54      5.31309e+6 
        5238.54      5.31309e+6 
        5243.54      5.31309e+6 
        5248.54      5.31306e+6 
        5253.54        5.313e+6 
        5258.53      5.31294e+6 
        5263.53      5.31284e+6 
        5268.53      5.31272e+6 
        5273.53      5.31259e+6 
        5278.53      5.31281e+6 
        5283.53      5.31306e+6 
        5288.53      5.31328e+6 
        5293.52      5.31347e+6 
        5298.52      5.31363e+6 
        5303.52      5.31375e+6 
        5308.52      5.31388e+6 
        5313.52      5.31394e+6 
        5318.52      5.31397e+6 
        5323.52        5.314e+6 
        5328.52      5.31397e+6 
        5333.52      5.31394e+6 
        5338.51      5.31388e+6 
        5343.51      5.31378e+6 
        5348.51      5.31366e+6 
        5353.51       5.3135e+6 
        5358.51      5.31331e+6 
        5363.51      5.31319e+6 
        5368.51      5.31294e+6 
         5373.5       5.3125e+6 
         5378.5       5.3118e+6 
         5383.5      5.31111e+6 
         5388.5      5.31039e+6 
         5393.5      5.30964e+6 
         5398.5      5.30888e+6 
         5403.5       5.3081e+6 
        5408.49      5.30728e+6 
        5413.49      5.30646e+6 
        5418.49      5.30562e+6 
        5423.49      5.30477e+6 
        5428.49      5.30389e+6 
        5433.49      5.30301e+6 
        5438.49       5.3021e+6 
        5443.48      5.30119e+6 
        5448.48      5.30021e+6 
        5453.48      5.29927e+6 
        5458.48       5.2983e+6 
        5463.48      5.29729e+6 
        5468.48      5.29625e+6 
        5473.48       5.2955e+6 
        5478.48      5.29471e+6 
        5483.48       5.2939e+6 
        5488.47      5.29308e+6 
        5493.47      5.29223e+6 
        5498.47      5.29135e+6 
        5503.47      5.29047e+6 
        5508.47      5.28959e+6 
        5513.47      5.28865e+6 
        5518.47      5.28771e+6 
        5523.46      5.28673e+6 
        5528.46      5.28576e+6 
        5533.46      5.28476e+6 
        5538.46      5.28375e+6 
        5543.46      5.28271e+6 
        5548.46      5.28165e+6 
        5553.46      5.28058e+6 
        5558.45      5.27948e+6 
        5563.45      5.27838e+6 
        5568.45      5.27725e+6 
        5573.45      5.27608e+6 
        5578.45      5.27492e+6 
        5583.45      5.27373e+6 
        5588.45      5.27253e+6 
        5593.44      5.27128e+6 
        5598.44      5.27005e+6 
        5603.44       5.2688e+6 
        5608.44      5.26751e+6 
        5613.44      5.26622e+6 
        5618.44       5.2649e+6 
        5623.44      5.26358e+6 
        5628.44      5.26223e+6 
        5633.43      5.26088e+6 
        5638.43       5.2595e+6 
        5643.43      5.25808e+6 
        5648.43       5.2567e+6 
        5653.43      5.25526e+6 
        5658.43      5.25381e+6 
        5663.43      5.25237e+6 
        5668.43      5.25095e+6 
        5673.42      5.24944e+6 
        5673.98      5.24929e+6 
        5678.42      5.24794e+6 
        5682.86      5.24659e+6 
         5686.2      5.24555e+6 
        5687.31       5.2452e+6 
        5687.86      5.24505e+6 
        5688.42      5.24486e+6 
        5690.64      5.24417e+6 
        5693.42      5.24332e+6 
        5698.42      5.24172e+6 
        5703.41      5.24015e+6 
        5704.77      5.23971e+6 
        5708.41      5.23854e+6 
        5708.88      5.23839e+6 
        5712.06      5.23735e+6 
        5713.41      5.23691e+6 
        5715.23      5.23631e+6 
        5718.41      5.23528e+6 
        5723.41      5.23361e+6 
        5728.41      5.23195e+6 
        5733.41      5.23025e+6 
        5738.41      5.22855e+6 
         5743.4      5.22686e+6 
         5748.4      5.22513e+6 
         5753.4       5.2234e+6 
         5758.4      5.22164e+6 
         5763.4       5.2195e+6 
         5768.4      5.21771e+6 
         5773.4      5.21592e+6 
         5778.4       5.2141e+6 
        5783.39      5.21225e+6 
        5788.39      5.21043e+6 
        5793.39      5.20854e+6 
        5798.39      5.20669e+6 
        5803.39       5.2048e+6 
        5808.39      5.20289e+6 
        5813.39      5.20097e+6 
        5818.39      5.19905e+6 
        5823.38      5.19711e+6 
        5828.38      5.19516e+6 
        5833.38      5.19318e+6 
        5838.38       5.1912e+6 
        5843.38      5.18922e+6 
        5848.38      5.18721e+6 
        5853.38      5.18517e+6 
        5858.37      5.18316e+6 
        5863.37      5.18111e+6 
        5868.37      5.17904e+6 
        5873.37      5.17697e+6 
        5878.37      5.17489e+6 
        5883.37      5.17279e+6 
        5888.37      5.17068e+6 
        5893.36      5.16858e+6 
        5898.36      5.16644e+6 
        5903.36      5.16431e+6 
        5908.36      5.16214e+6 
        5913.36      5.15997e+6 
        5918.36       5.1578e+6 
        5923.36       5.1556e+6 
        5928.35      5.15341e+6 
        5933.35      5.15118e+6 
        5938.35      5.14894e+6 
        5943.35      5.14671e+6 
        5948.35      5.14445e+6 
        5953.35      5.14219e+6 
        5958.35       5.1399e+6 
        5963.35       5.1376e+6 
        5968.34      5.13528e+6 
        5973.34      5.13295e+6 
        5978.34      5.13063e+6 
        5983.34      5.12827e+6 
        5988.34      5.12592e+6 
        5993.34      5.12356e+6 
        5998.34      5.12117e+6 
        6003.34      5.11879e+6 
        6008.33       5.1164e+6 
        6013.33      5.11398e+6 
        6018.33      5.11156e+6 
        6023.33      5.10911e+6 
        6028.33      5.10666e+6 
        6033.33      5.10421e+6 
        6038.32      5.10176e+6 
        6043.32      5.09928e+6 
        6048.32      5.09676e+6 
        6053.32      5.09428e+6 
        6058.32      5.09177e+6 
        6063.32      5.08925e+6 
        6068.32      5.08671e+6 
        6073.32      5.08417e+6 
        6078.31      5.08162e+6 
        6083.31      5.07904e+6 
        6088.31      5.07647e+6 
        6093.31      5.07389e+6 
        6098.31      5.07132e+6 
        6103.31      5.06871e+6 
        6108.31       5.0661e+6 
        6113.31      5.06346e+6 
         6118.3      5.06082e+6 
         6123.3      5.05818e+6 
         6128.3      5.05555e+6 
         6133.3      5.05287e+6 
         6138.3       5.0502e+6 
         6143.3      5.04753e+6 
         6148.3      5.04483e+6 
        6153.29      5.04213e+6 
        6158.29      5.03943e+6 
        6163.29       5.0367e+6 
        6168.29      5.03396e+6 
        6173.29       5.0312e+6 
        6178.29      5.02846e+6 
        6183.29       5.0257e+6 
        6188.28      5.02294e+6 
        6193.28      5.02014e+6 
        6198.28      5.01734e+6 
        6203.28      5.01455e+6 
        6208.28      5.01172e+6 
        6213.28      5.00892e+6 
        6218.28      5.00607e+6 
        6223.28      5.00324e+6 
        6228.27      5.00038e+6 
        6233.27      4.99752e+6 
        6238.27      4.99466e+6 
        6243.27      4.99177e+6 
        6244.38      4.99114e+6 
        6248.27      4.98888e+6 
        6252.16      4.98662e+6 
        6253.82      4.98564e+6 
        6256.04      4.98436e+6 
        6258.27      4.98307e+6 
        6262.16      4.98081e+6 
        6262.71      4.98046e+6 
        6263.27      4.98015e+6 
        6264.37      4.97949e+6 
        6264.91      4.97917e+6 
        6266.59       4.9782e+6 
        6268.26      4.97723e+6 
        6269.97      4.97622e+6 
        6271.61      4.97525e+6 
        6273.26      4.97427e+6 
        6274.85      4.97333e+6 
        6276.56      4.97232e+6 
        6278.26      4.97132e+6 
        6280.08      4.97025e+6 
        6281.67      4.96931e+6 
        6283.26      4.96833e+6 
        6284.63      4.96755e+6 
        6286.44      4.96645e+6 
        6288.26      4.96538e+6 
        6290.52      4.96403e+6 
        6291.89      4.96321e+6 
        6293.26       4.9624e+6 
        6293.73      4.96211e+6 
        6295.99      4.96073e+6 
        6298.26      4.95938e+6 
        6302.31      4.95693e+6 
        6302.78      4.95665e+6 
        6303.25      4.95637e+6 
        6303.92      4.95596e+6 
         6304.2       4.9558e+6 
        6306.09      4.95467e+6 
        6308.25      4.95335e+6 
        6311.92      4.95112e+6 
        6312.59      4.95071e+6 
        6313.25       4.9503e+6 
        6314.58      4.94948e+6 
        6316.22      4.94848e+6 
        6317.23      4.94788e+6 
        6317.31      4.94782e+6 
        6318.25      4.94725e+6 
        6320.28        4.946e+6 
        6323.25      4.94418e+6 
        6328.25       4.9411e+6 
        6333.25      4.93802e+6 
        6338.24      4.93491e+6 
        6343.24      4.93177e+6 
        6348.24      4.92862e+6 
        6353.24      4.92545e+6 
        6358.24      4.92228e+6 
        6363.24      4.91907e+6 
        6368.24      4.91584e+6 
        6373.23       4.9126e+6 
        6378.23      4.90934e+6 
        6383.23      4.90604e+6 
        6388.23      4.90271e+6 
        6393.23      4.89935e+6 
        6398.23      4.89595e+6 
        6403.23      4.89253e+6 
        6408.23      4.88904e+6 
        6413.22      4.88552e+6 
        6418.22      4.88197e+6 
        6423.22      4.87833e+6 
        6428.22      4.87462e+6 
        6433.22      4.87085e+6 
        6438.22      4.86702e+6 
        6443.22      4.86306e+6 
        6448.22      4.85898e+6 
        6453.21      4.85477e+6 
        6458.21      4.85043e+6 
        6463.21      4.84588e+6 
        6468.21      4.84113e+6 
        6473.21       4.8361e+6 
        6478.21      4.83076e+6 
         6483.2      4.82502e+6 
         6488.2      4.81876e+6 
         6493.2      4.81191e+6 
         6498.2      4.80425e+6 
         6503.2      4.79561e+6 
         6508.2      4.78559e+6 
         6513.2      4.77378e+6 
         6518.2      4.75951e+6 
        6523.19      4.74186e+6 
        6523.72      4.73975e+6 
        6528.19       4.7193e+6 
        6532.67      4.69316e+6 
         6536.1      4.66778e+6 
        6537.14      4.65882e+6 
        6537.38      4.65669e+6 
        6538.19      4.64924e+6 
        6540.29      4.62785e+6 
        6540.69      4.62336e+6 
        6543.19      4.59229e+6 
        6545.69      4.55474e+6 
        6546.46      4.54164e+6 
        6546.72       4.5369e+6 
        6548.19      4.50907e+6 
        6549.92      4.47152e+6 
        6551.52      4.43169e+6 
        6553.11      4.38626e+6 
        6554.43      4.34416e+6 
        6554.71      4.33449e+6 
        6556.31      4.27561e+6 
        6556.87      4.25306e+6 
         6557.9      4.20923e+6 
        6558.19       4.1967e+6 
         6559.5      4.13603e+6 
         6560.3       4.0995e+6 
         6561.1       4.0623e+6 
         6561.5      4.04185e+6 
         6561.9      4.01813e+6 
        6562.09      4.00349e+6 
        6562.29      3.98442e+6 
        6562.39      3.97151e+6 
        6562.49      3.95332e+6 
        6562.59      3.92533e+6 
        6562.69      3.89413e+6 
        6562.79       3.8793e+6 
        6562.89      3.89378e+6 
        6562.99      3.92517e+6 
        6563.09       3.9531e+6 
        6563.29      3.98389e+6 
        6563.49      4.00277e+6 
        6563.64      4.01401e+6 
        6563.69      4.01715e+6 
        6563.69      4.01728e+6 
        6563.69      4.01741e+6 
        6563.74      4.02064e+6 
        6563.84       4.0268e+6 
        6564.04      4.03817e+6 
        6564.29       4.0513e+6 
        6564.39      4.05614e+6 
        6564.44      4.05853e+6 
        6564.49      4.06089e+6 
        6564.69      4.07015e+6 
        6565.08      4.08806e+6 
        6565.64      4.11282e+6 
        6565.86      4.12296e+6 
        6566.09       4.1332e+6 
        6566.54      4.15353e+6 
        6566.69      4.16041e+6 
        6567.09      4.17848e+6 
        6567.44      4.19409e+6 
        6568.18      4.22594e+6 
        6569.28      4.26952e+6 
        6570.48      4.31303e+6 
        6571.48      4.34614e+6 
        6572.47      4.37655e+6 
        6573.27      4.39902e+6 
        6574.47      4.43002e+6 
        6575.67      4.45792e+6 
        6577.95       4.5035e+6 
        6578.06      4.50558e+6 
        6578.18      4.50762e+6 
        6578.41      4.51164e+6 
        6578.87      4.51943e+6 
        6579.79      4.53417e+6 
        6580.08      4.53856e+6 
        6581.63      4.56034e+6 
        6583.18      4.57944e+6 
        6584.38       4.5926e+6 
        6586.28      4.61095e+6 
        6587.91      4.62461e+6 
        6588.18      4.62665e+6 
        6588.44       4.6287e+6 
        6588.98      4.63259e+6 
        6590.04      4.63994e+6 
        6591.02      4.64623e+6 
        6592.17      4.65295e+6 
        6593.01      4.65757e+6 
        6593.31      4.65911e+6 
        6595.59      4.66995e+6 
        6598.17      4.68012e+6 
        6603.34      4.69555e+6 
        6613.66      4.71333e+6 
        6623.98      4.72122e+6 
         6634.3      4.72376e+6 
        6654.94      4.72084e+6 
        6675.58      4.71273e+6 
        6680.98      4.71013e+6 
        6696.23      4.70218e+6 
        6711.48      4.69354e+6 
        6741.98      4.67507e+6 
        6781.19      4.64993e+6 
        6802.98      4.63555e+6 
        6824.78      4.62094e+6 
        6868.37      4.59153e+6 
        6955.56      4.53143e+6 
        6976.35      4.51689e+6 
        7042.75      4.47011e+6 
        7109.15       4.4228e+6 
        7175.54      4.37561e+6 
        7241.94      4.32805e+6 
        7308.33      4.28023e+6 
        7355.95       4.2458e+6 
        7374.73      4.23235e+6 
        7393.51      4.21872e+6 
        7431.08      4.19173e+6 
        7506.22      4.13757e+6 
        7581.35      4.08335e+6 
         7635.1      4.04455e+6 
        7656.49      4.02909e+6 
        7677.88      4.01364e+6 
        7720.67      3.98307e+6 
        7806.23        3.922e+6 
        7821.36      3.91122e+6 
         7891.8      3.86108e+6 
        7962.25      3.81107e+6 
        7982.84      3.79658e+6 
        8032.69      3.76159e+6 
        8082.55      3.72668e+6 
        8161.68      3.67183e+6 
        8182.26      3.65757e+6 
        8200.85      3.64472e+6 
        8202.85      3.64337e+6 
        8204.85      3.64199e+6 
        8208.85      3.63922e+6 
        8216.85      3.63375e+6 
        8232.84      3.62276e+6 
        8264.83      3.60089e+6 
        8289.72       3.5839e+6 
        8328.82      3.55726e+6 
        8343.44      3.54733e+6 
        8367.92      3.53074e+6 
        8371.47      3.52835e+6 
        8388.68      3.51676e+6 
        8392.39      3.51425e+6 
        8408.65      3.50335e+6 
        8413.32      3.50021e+6 
        8432.02      3.48767e+6 
        8437.95      3.48371e+6 
        8467.25      3.46414e+6 
        8473.98      3.45965e+6 
        8502.48      3.44067e+6 
        8516.58      3.43131e+6 
        8530.98      3.42173e+6 
        8545.38      3.41227e+6 
        8549.97      3.40926e+6 
        8574.18      3.39339e+6 
        8598.39      3.37756e+6 
         8628.6      3.35786e+6 
        8646.81      3.34602e+6 
        8652.39       3.3424e+6 
        8665.01       3.3342e+6 
        8685.59      3.32088e+6 
        8701.43      3.31064e+6 
        8750.47      3.27907e+6 
        8767.92      3.26788e+6 
        8815.35       3.2376e+6 
        8862.78      3.20779e+6 
        8900.38      3.18429e+6 
        8957.65      3.14869e+6 
        9014.91      3.11336e+6 
        9044.62      3.09515e+6 
        9072.17      3.07833e+6 
        9099.72      3.06158e+6 
        9154.81      3.02857e+6 
         9190.8      3.00716e+6 
         9209.9      2.99583e+6 
        9229.01      2.98452e+6 
        9267.22      2.96204e+6 
         9303.2      2.94098e+6 
        9343.64      2.91744e+6 
        9384.08      2.89405e+6 
        9464.96      2.84814e+6 
        9545.72      2.80282e+6 
        9545.84      2.80275e+6 
        9545.97      2.80268e+6 
        9546.21      2.80255e+6 
        9546.69      2.80229e+6 
        9546.87      2.80219e+6 
        9547.66      2.80176e+6 
        9549.59      2.80069e+6 
        9553.47      2.79854e+6 
        9561.21      2.79424e+6 
        9576.69      2.78565e+6 
        9607.66      2.76854e+6 
        9668.45      2.73519e+6 
        9729.24      2.70248e+6 
        9790.04      2.67009e+6 
        9850.83      2.63803e+6 
        9870.42      2.62776e+6 
        9911.62      2.60629e+6 
        9952.82      2.58497e+6 
        10021.1      2.55026e+6 
        10035.2      2.54309e+6 
        10049.4      2.53589e+6 
        10077.7      2.52183e+6 
        10134.2      2.49374e+6 
        10144.5      2.48868e+6 
        10190.8      2.46588e+6 
        10237.2      2.44327e+6 
        10329.9      2.39965e+6 
        10422.6      2.35671e+6 
        10515.3      2.31446e+6 
          10608       2.2729e+6 
        10700.7      2.23202e+6 
        10793.4      2.19182e+6 
        10834.1      2.17436e+6 
        10886.1      2.15219e+6 
        10938.1      2.12984e+6 
        10990.1      2.10871e+6 
          11042       2.0874e+6 
          11094      2.06622e+6 
          11146      2.04523e+6 
          11198      2.02445e+6 
          11239       2.0082e+6 
          11250      2.00388e+6 
        11260.9      1.99958e+6 
        11282.8      1.99133e+6 
        11326.6      1.97494e+6 
        11414.2      1.94254e+6 
        11501.8      1.91066e+6 
        11589.4      1.87928e+6 
          11677      1.84841e+6 
        11764.6      1.81803e+6 
        11852.2      1.78816e+6 
        11939.8      1.75877e+6 
        12027.4      1.72987e+6 
          12115      1.70146e+6 
        12120.6      1.69966e+6 
        12202.6      1.67353e+6 
        12284.6      1.64781e+6 
        12366.6       1.6237e+6 
        12448.7      1.59995e+6 
        12530.7      1.57653e+6 
        12612.7      1.55342e+6 
        12694.7      1.53056e+6 
        12735.4      1.51922e+6 
        12776.7      1.50738e+6 
        12818.1       1.4947e+6 
        12900.8      1.47474e+6 
        12983.5       1.4533e+6 
        13066.2      1.43197e+6 
        13148.9      1.41092e+6 
        13154.8      1.40943e+6 
        13231.6      1.39019e+6 
        13308.4      1.37121e+6 
        13385.1      1.35365e+6 
        13461.9       1.3363e+6 
        13538.7      1.31917e+6 
        13615.5      1.30226e+6 
        13692.3      1.28557e+6 
        13769.1      1.26909e+6 
        13845.9      1.25282e+6 
        13922.7      1.23676e+6 
        13999.5      1.22091e+6 
        14076.2      1.20527e+6 
          14153      1.18983e+6 
        14229.8       1.1746e+6 
        14281.2      1.16453e+6 
        14306.6      1.15957e+6 
        14332.1      1.15464e+6 
          14383      1.14521e+6 
        14410.1      1.14022e+6 
        14427.1      1.13711e+6 
        14433.9      1.13586e+6 
        14457.6      1.13153e+6 
        14505.2      1.12298e+6 
        14581.2      1.10943e+6 
        14583.2      1.10908e+6 
        14585.2      1.10872e+6 
        14589.2      1.10804e+6 
        14597.2      1.10668e+6 
        14613.2      1.10396e+6 
        14645.2      1.09854e+6 
        14709.2      1.08777e+6 
        14773.2       1.0771e+6 
        14837.1      1.06652e+6 
        14901.1      1.05603e+6 
        14965.1      1.04563e+6 
        15029.1      1.03534e+6 
        15093.1      1.02514e+6 
        15157.1      1.01503e+6 
          15221      1.00502e+6 
          15285          995103 
          15349          985279 
          15413          975549 
        15471.6          966725 
          15477          965914 
        15482.4          965107 
        15493.1          963454 
        15514.7          960156 
        15557.9          953593 
        15644.2          940599 
        15730.5          927775 
        15816.8          915130 
        15903.1          902658 
        15989.4          890362 
        16075.8          878229 
        16162.1          866269 
        16248.4          854479 
        16289.9          848868 
        16334.7          842855 
        16379.5          836883 
        16469.1          822683 
        16558.8          808775 
        16648.4          795150 
          16738          781804 
        16827.7          768732 
        16917.3          755921 
        17006.9          743373 
        17096.6          731074 
        17186.2          719023 
        17275.8          707213 
        17327.7          700490 
        17365.5          695643 
        17403.2          690833 
        17478.8          681330 
        17554.3          671984 
        17629.9          662794 
        17705.4          653756 
          17781          644868 
        17856.5          636129 
        17932.1          627536 
        18007.6          618884 
        18083.2          610531 
        18158.7          602297 
        18234.3          594173 
        18309.8          586143 
        18343.7          582555 
        18385.3          578169 
          18427          573780 
        18510.2          564896 
        18593.4          555452 
        18602.1          554391 
        18639.3          549518 
        18676.6          543825 
        18713.8          536848 
        18732.5          533053 
        18741.8          531344 
        18751.1          529695 
        18760.4          529644 
        18769.7          529647 
        18779.1          529814 
        18788.4          530002 
        18797.7          530141 
          18807          530191 
        18816.3          530144 
        18825.6          530002 
        18844.3          529465 
        18881.5          527634 
        18918.8          525180 
        18956.1          522393 
        19030.6          516362 
        19105.1          510104 
        19179.6          503802 
        19254.2          497528 
        19328.7          491317 
        19355.8          489077 
        19403.2          485178 
        19450.7          481314 
        19545.6          473686 
        19640.5          466278 
        19735.4          458914 
        19830.3          451689 
        19925.2          444604 
          20020          437655 
        20114.9          430841 
        20209.8          424153 
        20304.7          417596 
        20324.9          416220 
        20399.6          411159 
        20474.4          406177 
        20549.2          401269 
        20623.9          396431 
        20698.7          391669 
        20773.4          386972 
        20848.2          382348 
          20923          377792 
        20997.7          373300 
        21072.5          368873 
        21147.2          364513 
          21222          360215 
        21296.7          355980 
        21371.5          351808 
        21446.3          347693 
          21521          343637 
          21561          341494 
        21595.8          339641 
        21630.6          337797 
        21700.3          334149 
        21769.9          330552 
        21839.6          326999 
        21909.3          323493 
        21978.9          320037 
        22048.6          316622 
        22118.3          313254 
        22187.9          309930 
        22257.6          306649 
        22327.2          303411 
        22396.9          300214 
        22466.6          297060 
        22536.2          293945 
        22605.9          290871 
        22675.6          287837 
        22703.6          286627 
        22745.2          284842 
        22784.8          283155 
        22786.8          283070 
        22788.8          282986 
        22792.8          282816 
        22800.8          282478 
        22816.8          281803 
        22848.8          280458 
        22912.8          277793 
        22976.8          275160 
        23040.8          272556 
        23104.8          269983 
        23168.7          267441 
        23232.7          264927 
        23296.7          262443 
        23360.7          259987 
        23424.7          257560 
        23488.6          255160 
        23552.6          252788 
        23616.6          250443 
        23680.6          248125 
        23744.6          245834 
        23808.6          243568 
        23872.5          241328 
        23936.5          239114 
        24000.5          236924 
        24064.5          234760 
        24128.5          232620 
        24192.5          230503 
        24256.4          228411 
        24320.4          226342 
        24384.4          224296 
        24448.4          222273 
        24512.4          220272 
        24576.3          218294 
        24640.3          216337 
        24704.3          214402 
        24768.3          212489 
        24832.3          210596 
        24896.3          208724 
        24960.2          206873 
        25004.4          205606 
        25024.2          205042 
          25044          204480 
        25083.6          203361 
        25162.8          201147 
        25241.9          198963 
        25321.1          196808 
        25400.2          194682 
        25479.4          192584 
        25558.5          190514 
        25637.7          188471 
        25716.9          186456 
          25796          184467 
        25875.2          182504 
        25954.3          180567 
        26033.5          178655 
        26112.7          176769 
        26191.8          174907 
          26271          173068 
        26350.1          171254 
        26429.3          169464 
        26508.4          167696 
        26587.6          165951 
        26666.8          164229 
        26745.9          162529 
        26825.1          160850 
        26904.2          159193 
        26983.4          157557 
        27062.6          155942 
        27141.7          154347 
        27142.5          154330 
        27220.9          152773 
        27299.2          151234 
        27377.5          149715 
        27455.8          148215 
        27534.2          146734 
        27612.5          145271 
        27690.8          143826 
        27769.1          142398 
        27847.5          140988 
        27925.8          139596 
        28004.1          138220 
        28082.4          136862 
        28160.8          135519 
        28239.1          134193 
        28317.4          132883 
        28395.7          131589 
          28474          130310 
        28552.4          129047 
        28630.7          127799 
          28709          126566 
        28787.3          125347 
        28865.7          124143 
          28944          122954 
        29022.3          121778 
        29100.6          120616 
          29179          119468 
        29257.3          118334 
        29335.6          117213 
        29413.9          116105 
        29492.3          115010 
        29570.6          113928 
        29648.9          112858 
        29727.2          111800 
        29805.5          110756 
        29883.9          109723 
        29932.6          109086 
        29962.2          108702 
        29991.8          108319 
