# Koester WD models
# teff = 5000 K (value for the effective temperature for the model. Temperatures are given in K)
# logg = 9.25 log(cm/s2) (value for Log(G) for the model.)
#
# column 1: WAVELENGTH (ANGSTROM), Wavelength in Angstrom
# column 2: FLUX (ERG/CM2/S/A), Flux in erg/cm2/s/A
         899.23      8.63065e-5 
        900.318      8.99026e-5 
        901.407      9.36389e-5 
        902.495      9.75201e-5 
        902.932      9.91204e-5 
        903.583     0.000101552 
        904.235     0.000104039 
        905.539     0.000109185 
        906.841     0.000114569 
        907.048     0.000115445 
        908.145       0.0001202 
         908.45     0.000121557 
        909.241     0.000125138 
        910.032     0.000128817 
        911.193     0.000134403 
        911.613      0.00013648 
        912.034     0.000138588 
        912.465     0.000140783 
        912.875     0.000142895 
        913.037      0.00014374 
        913.241     0.000144811 
        913.284     0.000145037 
        913.478     0.000146064 
        913.531     0.000146346 
        913.755     0.000147536 
        913.822     0.000147896 
         914.08     0.000149288 
        914.165     0.000149749 
        914.499     0.000151574 
        914.575     0.000151992 
        915.071     0.000154743 
         915.54     0.000157392 
        915.609      0.00015778 
        915.643     0.000157974 
        915.677     0.000158168 
        915.741     0.000158535 
        915.813     0.000158948 
        916.085     0.000160518 
        916.429     0.000162524 
        916.858     0.000165054 
        917.118     0.000166608 
        917.196     0.000167077 
        917.378     0.000168176 
        917.899     0.000171353 
        917.952      0.00017168 
        918.287     0.000173761 
        918.602     0.000175732 
        919.251     0.000179873 
        920.215     0.000186186 
        921.882     0.000197591 
        921.999     0.000198417 
        922.143     0.000199437 
        922.405     0.000201299 
         922.81     0.000204221 
        923.621     0.000210184 
        925.001     0.000220711 
        925.242       0.0002226 
        925.484     0.000224505 
        925.564      0.00022514 
        925.966      0.00022836 
        926.164     0.000229961 
        926.369     0.000231622 
        927.173     0.000238278 
        927.276     0.000239136 
        928.182     0.000246875 
        928.917     0.000253317 
         928.98     0.000253877 
        929.089     0.000254849 
        929.261      0.00025639 
        929.317     0.000256884 
        929.543     0.000258925 
        929.655     0.000259943 
        929.769     0.000260982 
        929.827     0.000261512 
        929.883     0.000262025 
         929.91     0.000262272 
        929.939     0.000262539 
        929.954     0.000262676 
        929.968     0.000262805 
        929.982     0.000262934 
        929.996     0.000263063 
         930.01     0.000263192 
        930.024      0.00026332 
        930.038     0.000263449 
        930.052     0.000263578 
        930.081     0.000263846 
        930.137     0.000264363 
        930.201     0.000264955 
        930.247     0.000265382 
        930.249       0.0002654 
        930.251     0.000265419 
        930.301     0.000265883 
        930.326     0.000266106 
        930.329     0.000266134 
        930.402     0.000266814 
        930.478     0.000267523 
         930.63     0.000268947 
        930.931     0.000271788 
        931.229     0.000274629 
         931.49      0.00027713 
        931.534     0.000277555 
        931.838      0.00028051 
        932.447     0.000286509 
        933.265     0.000294768 
        933.403     0.000296183 
        933.432     0.000296471 
        933.542     0.000297605 
        933.652     0.000298743 
        933.872      0.00030103 
        933.973     0.000302085 
        934.073     0.000303134 
        934.312     0.000305654 
        934.316     0.000305696 
        934.652     0.000309262 
         935.23     0.000315504 
        935.688     0.000320524 
        936.144     0.000325607 
        936.372     0.000328177 
        936.601     0.000330766 
        936.714     0.000332057 
        936.829     0.000333373 
        936.887     0.000334039 
        936.944     0.000334696 
        936.973     0.000335029 
        937.001     0.000335352 
        937.015     0.000335513 
        937.029     0.000335676 
        937.043     0.000335836 
        937.058     0.000336012 
        937.072     0.000336172 
        937.086     0.000336336 
        937.101     0.000336509 
        937.115     0.000336672 
        937.143     0.000336996 
          937.2     0.000337655 
        937.314     0.000338984 
        937.493     0.000341076 
        937.542     0.000341651 
        937.593     0.000342251 
        937.694     0.000343429 
        937.788     0.000344538 
        937.894     0.000345795 
            938     0.000347058 
        938.212     0.000349593 
        938.359     0.000351359 
        938.556      0.00035374 
        938.636     0.000354714 
        938.914     0.000358094 
        939.231     0.000361999 
        939.271     0.000362496 
        939.986     0.000371446 
         940.74     0.000381119 
        941.452     0.000390453 
         942.25     0.000401175 
        943.048     0.000412168 
        943.978     0.000425359 
        944.643     0.000435026 
        945.308     0.000444906 
        946.115     0.000457218 
        946.233     0.000459043 
        946.637     0.000465345 
        947.158     0.000473605 
        947.621     0.000481028 
        948.083     0.000488549 
        948.314      0.00049235 
        948.546     0.000496177 
        948.661     0.000498093 
        948.777     0.000500035 
        948.835     0.000501005 
        948.893     0.000501979 
        948.922     0.000502469 
        948.951     0.000502956 
        948.966     0.000503208 
         948.98     0.000503447 
        948.994     0.000503682 
        949.009     0.000503933 
        949.023     0.000504169 
        949.037     0.000504408 
        949.052     0.000504659 
        949.066     0.000504898 
        949.095     0.000505388 
        949.153     0.000506368 
         949.23     0.000507675 
        949.258     0.000508153 
        949.269     0.000508338 
         949.28     0.000508526 
         949.33     0.000509378 
         949.36      0.00050989 
         949.43     0.000511084 
          949.5     0.000512284 
         949.64     0.000514687 
        949.795     0.000517345 
        949.879     0.000518799 
        949.921     0.000519528 
        949.963     0.000520257 
        950.047     0.000521718 
        950.131     0.000523185 
        950.467     0.000529085 
        950.718     0.000533521 
        950.888     0.000536524 
        951.728     0.000551582 
        952.738     0.000570174 
        953.502     0.000584723 
        954.758     0.000609551 
        955.251     0.000619632 
        956.014     0.000635459 
         957.27     0.000662433 
        958.148     0.000681892 
        959.289     0.000707817 
         960.43     0.000734595 
        961.192     0.000752773 
        962.712     0.000790076 
        963.468     0.000809303 
        964.231     0.000829113 
         965.75     0.000869568 
        966.767     0.000897569 
        968.032     0.000933446 
        968.668      0.00095178 
        968.979     0.000960862 
        969.297     0.000970221 
        969.927     0.000988882 
        970.401      0.00100322 
        970.874      0.00101836 
         971.11      0.00102677 
        971.348       0.0010376 
        971.467       0.0010446 
        971.585      0.00105152 
        971.644      0.00105378 
        971.703      0.00105586 
        971.732      0.00105714 
        971.762      0.00105838 
        971.778      0.00105893 
        971.792       0.0010594 
        971.806      0.00105988 
        971.821      0.00106038 
        971.827      0.00106058 
        971.833      0.00106079 
        971.836      0.00106089 
        971.839      0.00106099 
        971.851      0.00106139 
        971.866       0.0010619 
         971.88      0.00106237 
         971.91      0.00106338 
        971.969      0.00106487 
        972.037      0.00106704 
        972.087      0.00106846 
        972.137      0.00106908 
         972.15      0.00106908 
        972.199      0.00106911 
        972.237        0.001069 
        972.324      0.00106892 
        972.499      0.00106867 
        972.798      0.00107253 
        973.047      0.00107908 
        973.097       0.0010805 
        973.248      0.00108494 
        973.396      0.00108942 
        973.746      0.00110036 
        974.444      0.00112155 
         975.64      0.00116171 
        976.836      0.00120385 
        978.032      0.00124748 
        979.151      0.00128965 
        979.228       0.0012926 
        979.305      0.00129556 
         979.31      0.00129575 
        979.459      0.00130146 
        979.767      0.00131334 
        980.384      0.00133736 
        981.617      0.00138665 
        983.923      0.00148362 
        985.842      0.00156782 
         986.23       0.0015855 
        986.618      0.00160339 
        987.395      0.00163685 
        988.584      0.00169229 
        988.948      0.00171005 
        989.116      0.00171835 
        989.312      0.00172811 
        990.041      0.00176479 
        990.307      0.00177851 
        991.498      0.00184161 
        992.689       0.0019073 
        993.829      0.00197256 
         993.88      0.00197547 
         993.93       0.0019784 
         994.03      0.00198426 
         994.23      0.00199604 
         994.63      0.00201976 
        995.431      0.00206807 
        995.617      0.00207946 
        997.032      0.00216813 
        997.574       0.0022031 
        997.806      0.00221823 
        998.447      0.00226052 
        999.319      0.00231941 
        999.435      0.00232732 
        1001.06      0.00244126 
        1002.69      0.00256061 
        1004.32      0.00268561 
        1005.84      0.00280677 
        1005.95      0.00281629 
        1007.58      0.00295323 
        1009.33      0.00310713 
        1011.07      0.00326971 
         1011.3      0.00329195 
        1012.82      0.00344052 
        1014.33      0.00359558 
        1015.38      0.00370695 
        1015.84      0.00375725 
        1017.36      0.00392589 
        1017.62      0.00395564 
        1019.33      0.00415611 
        1021.04      0.00436725 
        1022.47      0.00455723 
        1022.76      0.00459866 
        1023.04       0.0046429 
        1023.19      0.00466671 
         1023.4      0.00470416 
        1023.62      0.00474619 
        1023.83      0.00479407 
        1024.04      0.00485483 
        1024.15      0.00488901 
        1024.25      0.00492859 
        1024.36      0.00497663 
        1024.39       0.0049929 
        1024.47      0.00503139 
        1024.54      0.00507264 
        1024.58      0.00509783 
        1024.69       0.0051557 
        1024.79      0.00519519 
        1024.85      0.00520653 
        1024.88      0.00521005 
        1024.89      0.00521288 
        1024.91      0.00521639 
        1024.95      0.00522262 
        1024.98      0.00522814 
        1024.99      0.00523047 
        1025.01      0.00523283 
        1025.03      0.00523521 
        1025.04      0.00523744 
        1025.06       0.0052398 
        1025.07      0.00524219 
        1025.09      0.00524442 
         1025.1      0.00524681 
        1025.13      0.00525142 
         1025.2      0.00525903 
        1025.27      0.00526867 
        1025.32      0.00527508 
        1025.37      0.00527709 
        1025.47      0.00526129 
        1025.52      0.00524759 
        1025.57      0.00523204 
        1025.62      0.00521621 
        1025.72      0.00518963 
        1025.77      0.00517832 
        1025.92      0.00515532 
        1026.07      0.00514621 
        1026.22      0.00514298 
        1026.52      0.00515444 
        1026.56      0.00515762 
        1026.82      0.00517907 
        1027.07      0.00520653 
        1027.58      0.00526977 
        1028.08      0.00533948 
        1028.11      0.00534335 
        1028.59      0.00541284 
         1028.8      0.00544369 
        1029.07      0.00548444 
        1029.34      0.00552562 
        1029.88      0.00560941 
        1030.96       0.0057815 
        1033.08      0.00613399 
        1033.13      0.00614291 
        1033.19      0.00615187 
        1033.23      0.00615925 
        1033.29      0.00616977 
         1033.5      0.00620578 
        1033.91      0.00627835 
        1034.75      0.00642594 
        1036.27       0.0067034 
        1037.78      0.00699218 
        1039.17      0.00726663 
        1039.26      0.00728397 
         1039.3      0.00729264 
        1039.34      0.00730134 
         1039.5      0.00733405 
        1039.52       0.0073365 
        1039.86      0.00740731 
        1040.55      0.00755082 
        1041.92      0.00784572 
        1044.35      0.00839063 
        1046.77      0.00897075 
        1049.03      0.00954611 
        1049.19      0.00958811 
        1049.35       0.0096303 
        1049.67      0.00971453 
        1050.31      0.00988499 
        1051.59       0.0102344 
        1053.95       0.0109088 
        1054.15       0.0109678 
        1054.35       0.0110271 
        1054.75       0.0111466 
        1054.95       0.0112068 
        1055.55       0.0113892 
        1057.15       0.0118893 
        1059.36       0.0126102 
        1061.56       0.0133781 
        1063.16        0.013963 
        1063.76       0.0141884 
        1064.36       0.0144171 
        1065.56       0.0148851 
        1066.56       0.0152857 
        1067.96       0.0158635 
        1069.36       0.0164613 
        1069.96       0.0167209 
        1072.16       0.0177053 
        1074.36       0.0187429 
        1076.56       0.0198365 
        1078.16       0.0206684 
        1078.69       0.0209475 
        1078.76       0.0209887 
        1078.98       0.0211051 
        1079.36       0.0213135 
        1080.57       0.0219846 
        1080.71       0.0220678 
        1082.44       0.0230734 
        1084.17       0.0241211 
         1085.9       0.0252125 
        1087.64       0.0263492 
        1089.32       0.0274988 
        1089.37        0.027533 
        1089.42       0.0275683 
        1089.52       0.0276376 
        1089.72       0.0277766 
        1090.12       0.0280567 
        1090.67       0.0284459 
        1090.92       0.0286245 
        1092.52       0.0297921 
        1094.37       0.0311968 
        1096.22       0.0326622 
        1096.77       0.0331099 
        1098.07       0.0341906 
        1099.37       0.0353036 
        1099.57       0.0354796 
        1101.97       0.0376526 
        1104.37        0.039945 
        1106.78       0.0423644 
        1108.98       0.0446998 
        1109.18       0.0449182 
        1109.38       0.0451371 
        1109.78       0.0455697 
        1109.98       0.0457875 
        1110.58       0.0464466 
        1112.18       0.0482467 
        1114.38       0.0508269 
        1116.58       0.0535327 
        1118.18       0.0555829 
        1118.68       0.0562436 
        1118.78       0.0563702 
        1119.38       0.0571676 
        1120.08       0.0581056 
        1121.47       0.0600239 
        1123.78       0.0633333 
        1124.25       0.0640426 
        1124.73       0.0647649 
        1125.68       0.0662314 
        1125.79       0.0663998 
        1127.08       0.0684308 
        1127.59       0.0692564 
        1129.38       0.0722233 
        1131.69       0.0762044 
        1132.46       0.0775766 
           1134       0.0803868 
        1135.54       0.0832905 
        1137.85       0.0878308 
        1138.62       0.0893972 
        1139.39       0.0909934 
        1140.93       0.0942685 
        1142.47       0.0976636 
        1143.63        0.100299 
        1143.95        0.101041 
        1144.01         0.10118 
        1144.39        0.102069 
        1145.15        0.103868 
        1146.67        0.107575 
        1149.39         0.11455 
        1149.83        0.115729 
        1152.11        0.122032 
        1154.39         0.12872 
        1156.67        0.135757 
        1158.51         0.14173 
        1158.95         0.14319 
        1159.39         0.14466 
        1159.67        0.145605 
        1160.27        0.147647 
        1162.03        0.153759 
        1164.39        0.162244 
        1166.76        0.171009 
        1168.84        0.178989 
        1169.12        0.180076 
        1169.39        0.181166 
        1169.96         0.18336 
        1171.08        0.187804 
        1172.24        0.192492 
        1173.32         0.19692 
        1173.72        0.198584 
         1174.4        0.201442 
        1176.56        0.210799 
        1177.86        0.216646 
         1179.4        0.223747 
        1180.94        0.231059 
        1182.86        0.240487 
        1184.01        0.246316 
        1185.17        0.252271 
        1185.56        0.254306 
        1187.48        0.264572 
         1189.4         0.27521 
        1191.32        0.286236 
        1192.09        0.290726 
        1193.24        0.297662 
        1194.03        0.302479 
         1194.4        0.304748 
        1196.72        0.319381 
         1199.4        0.337137 
        1199.77        0.339638 
        1202.09        0.355782 
        1204.04        0.369897 
         1204.4        0.372618 
        1206.72        0.390176 
        1208.48         0.40405 
         1209.4        0.411461 
        1210.33        0.418994 
        1211.64        0.429971 
        1212.16        0.434438 
        1212.69         0.43895 
        1213.61        0.446948 
        1213.74        0.448095 
        1213.81        0.448648 
        1213.88        0.449248 
        1214.14        0.451557 
        1214.17        0.451858 
        1214.47        0.454482 
        1214.62        0.455798 
        1214.76        0.457121 
        1214.84         0.45778 
        1214.91        0.458443 
        1214.95        0.458776 
        1214.98        0.459106 
           1215        0.459279 
        1215.02        0.459439 
        1215.04        0.459599 
        1215.06        0.459772 
        1215.08        0.459932 
         1215.1        0.460096 
        1215.11        0.460265 
        1215.13        0.460429 
        1215.17        0.460762 
        1215.24        0.461428 
        1215.39        0.462763 
        1215.64         0.46499 
        1215.69        0.465443 
        1215.74        0.465898 
         1215.8        0.466426 
        1215.84        0.466809 
        1216.04        0.468635 
        1216.06         0.46888 
        1216.28        0.470849 
        1216.76         0.47531 
        1217.46        0.481823 
        1218.32        0.489869 
        1218.86         0.49509 
        1218.98        0.496281 
        1219.41        0.500358 
        1219.83        0.504468 
         1220.1         0.50716 
        1220.67        0.512774 
        1222.36        0.529764 
        1224.62        0.553275 
        1226.88        0.577707 
        1228.86         0.59995 
        1229.13        0.603098 
        1229.41        0.606261 
        1229.74        0.610088 
        1229.96        0.612633 
        1230.18        0.615184 
        1230.62         0.62032 
        1231.49        0.630706 
        1231.69        0.633125 
        1233.24        0.651962 
        1234.79        0.671302 
        1236.38        0.691618 
        1237.89        0.711555 
        1239.41         0.73201 
        1240.47        0.746637 
        1242.44        0.774531 
        1244.41        0.803362 
        1247.29        0.847275 
        1248.35        0.863976 
        1248.65        0.868757 
        1249.41        0.880978 
        1251.53         0.91589 
        1254.41         0.96532 
        1255.17         0.97876 
        1257.29         1.01715 
        1259.41         1.05687 
        1261.53         1.09797 
        1262.89         1.12508 
        1263.65         1.14051 
        1264.41         1.15614 
        1265.93         1.18794 
        1268.53         1.24426 
        1268.97         1.25402 
        1269.41         1.26384 
        1269.69         1.27012 
         1270.3         1.28368 
        1272.06         1.32429 
        1274.41         1.38054 
        1276.78         1.43901 
        1278.86         1.49225 
        1279.14         1.49955 
        1279.42         1.50688 
        1279.98         1.52164 
         1281.1         1.55153 
        1282.26         1.58306 
        1283.34         1.61294 
        1283.74         1.62413 
        1284.42         1.64332 
        1286.58         1.70559 
        1286.92         1.71559 
        1289.42          1.7907 
        1291.92         1.86878 
        1294.42          1.9499 
        1296.92         2.03417 
        1299.42          2.1217 
        1301.92         2.21255 
        1304.42         2.30679 
        1306.92         2.40452 
        1309.42           2.506 
        1311.92         2.61138 
        1314.42         2.72082 
        1316.92         2.83435 
        1319.42          2.9521 
        1321.92         3.07412 
        1324.42         3.20056 
        1326.92         3.33163 
        1329.42         3.46747 
        1331.92         3.60834 
        1334.42         3.75433 
        1336.92         3.90566 
        1339.42         4.06271 
        1341.92         4.22538 
        1344.42         4.39377 
        1346.92         4.56778 
        1349.42         4.74786 
        1351.92         4.93397 
        1354.42         5.12633 
        1356.92         5.32525 
        1359.42         5.53143 
        1361.92         5.74569 
        1364.42         5.96768 
        1365.19         6.03748 
        1366.92         6.19729 
        1369.42         6.43477 
        1373.65         6.85445 
        1376.35         7.13368 
        1377.88         7.29757 
        1379.42         7.46408 
        1380.57           7.591 
         1382.5          7.8072 
        1384.42         8.02887 
        1387.12         8.34972 
        1388.27         8.49031 
        1389.03         8.58421 
        1389.42           8.633 
        1391.73         8.92473 
        1394.42           9.278 
        1399.42          9.9694 
        1404.42         10.7059 
        1409.42         11.4892 
        1414.42         12.3196 
        1419.42         13.1982 
        1424.42         14.1345 
        1429.42         15.1307 
        1434.42          16.195 
        1439.42         17.3279 
        1444.42         18.5331 
        1449.42         19.8054 
        1454.42         21.1462 
        1459.42         22.5646 
        1464.42         24.0604 
        1465.96         24.5364 
        1469.42         25.6401 
        1472.88         26.7909 
        1473.27         26.9223 
        1474.42         27.3207 
        1476.35          27.996 
        1479.42         29.1113 
        1484.42          31.009 
        1489.42         33.0166 
        1494.42         35.1368 
        1499.42         37.3674 
        1504.42         39.7141 
        1509.42         42.1831 
        1514.42         44.7831 
        1519.42         47.5172 
        1524.42         50.3855 
        1529.42         53.3885 
        1534.42         56.5575 
        1539.42          59.919 
        1544.42         63.4636 
        1549.42         67.1968 
        1554.42         71.1354 
        1559.42         75.2839 
        1564.42         79.6246 
        1566.72         81.6911 
        1569.42         84.1564 
        1570.19         84.8726 
        1572.11         86.6838 
        1574.41         88.9011 
         1574.8         89.2756 
        1579.41         93.8733 
        1584.41         99.0824 
        1589.41         104.538 
        1594.41         110.244 
        1599.41         116.224 
        1604.41         122.483 
        1609.41         129.031 
        1614.41         135.889 
        1619.41          143.04 
        1624.41         150.501 
        1629.41         158.233 
        1634.41         166.145 
        1639.41         174.092 
        1644.41         181.917 
        1649.41         189.576 
        1654.41         197.125 
        1659.41         204.486 
        1664.41         211.809 
        1665.56          213.47 
         1669.4         219.115 
        1670.17         220.261 
        1673.25         224.926 
         1674.4         226.701 
        1676.33         229.722 
         1679.4         234.696 
         1684.4          242.93 
         1689.4          251.43 
         1694.4         260.159 
         1699.4         269.337 
         1704.4         279.498 
         1709.4         290.454 
         1714.4         302.121 
         1719.4         314.404 
         1724.4         327.253 
         1729.4         340.885 
         1734.4         355.286 
         1739.4          370.45 
         1744.4          386.24 
        1749.39         402.982 
        1754.39         420.386 
        1759.39           438.5 
        1764.39         457.297 
        1767.08         467.705 
        1767.85         470.717 
        1769.39         476.787 
         1771.7         485.995 
        1774.39         496.896 
        1775.55         501.634 
        1779.39         517.712 
        1784.39         539.085 
        1789.39         561.142 
        1794.39         584.189 
        1799.39         608.074 
        1804.39         632.877 
        1809.39         658.544 
        1814.38         685.119 
        1819.38         712.626 
           1824          738.89 
        1824.38         741.117 
        1829.38          770.57 
        1834.77         803.403 
        1840.15         837.454 
        1845.54         872.712 
        1850.92         909.161 
         1856.3          946.75 
        1861.69         985.791 
           1864         1003.02 
        1867.07         1026.33 
        1870.14         1050.11 
        1876.29         1099.02 
        1882.44         1149.85 
        1888.59         1202.58 
        1894.73         1257.26 
        1900.88         1314.04 
        1906.98         1372.53 
        1907.03         1372.99 
        1913.17         1434.19 
        1919.37         1498.19 
        1925.56          1564.6 
        1931.76         1633.44 
        1937.95         1705.33 
        1944.14         1779.45 
        1944.47         1783.46 
        1950.34         1857.38 
        1956.53         1937.04 
        1962.56          2017.1 
        1968.59         2099.88 
        1974.62         2185.44 
        1980.65         2273.77 
        1992.71         2459.01 
        2004.77         2656.11 
        2015.84         2848.42 
        2016.83         2866.11 
        2017.81         2883.88 
        2019.79         2919.71 
        2023.73         2992.51 
        2031.63         3142.63 
        2039.52         3298.74 
        2047.42         3461.16 
        2055.31         3630.08 
        2059.38         3719.68 
         2063.2         3805.66 
        2067.03         3893.22 
        2074.69         4073.36 
        2082.34         4260.22 
        2089.99         4453.99 
        2094.36         4567.34 
        2097.65         4654.46 
         2105.3         4862.21 
        2116.25         5172.26 
         2127.2         5497.88 
        2138.15         5840.72 
         2149.1         6200.06 
        2154.62         6387.86 
        2160.05         6576.74 
        2165.47         6770.04 
        2176.33         7171.22 
        2187.18         7590.97 
        2198.03         8029.79 
        2203.07         8240.21 
        2208.88         8488.43 
         2214.7         8742.52 
        2226.32         9262.04 
        2235.24         9674.57 
        2237.95         9802.68 
        2249.58         10363.3 
        2263.91           11080 
        2278.25         11837.8 
        2292.59         12630.6 
        2300.72           13097 
        2306.93         13468.5 
        2313.13         13849.9 
        2325.55         14633.9 
        2337.97         15467.1 
        2338.43           15499 
        2350.39         16352.6 
        2362.35         17246.1 
        2374.32         18213.6 
        2386.28         19228.1 
        2387.21           19309 
        2398.24         20319.9 
        2409.27         21402.8 
        2420.31         22541.3 
        2431.34         23787.3 
        2442.37         25122.9 
        2450.61         26166.6 
        2451.59         26293.8 
         2453.4         26529.3 
        2456.19         26896.5 
        2460.79           27552 
        2469.99         28907.5 
        2479.19         30322.7 
        2488.39         31800.1 
        2497.59         33375.3 
        2503.55         34434.7 
        2506.78         35014.6 
        2510.01         35593.3 
        2516.47         36740.9 
        2522.93         37760.1 
        2529.39         38933.8 
        2535.86         40169.3 
        2542.32         41430.1 
        2551.24         43210.4 
        2555.24         44023.5 
        2559.23         44846.5 
        2567.22         46553.1 
        2583.21         50097.7 
        2599.19         53824.9 
        2615.18         57746.6 
        2631.16         61875.2 
        2636.62         63336.1 
        2647.14         66231.7 
        2657.67         69235.4 
        2668.19         72249.4 
        2678.72         75367.8 
        2689.24         78608.3 
        2699.77         81972.6 
        2710.29         85486.5 
        2720.82         89148.3 
        2727.62         91610.1 
        2731.34         92984.5 
        2741.87         96994.5 
        2756.11          102739 
        2770.35          108921 
        2784.59          115582 
        2798.84          122614 
        2813.08          130138 
        2827.32          138060 
        2828.58          138778 
        2841.56          146366 
        2854.55          154365 
        2867.53          163097 
        2880.51          172194 
        2893.49          181681 
        2906.48          191598 
        2919.46          201841 
        2932.44          212458 
        2937.87          217007 
        2945.43          223444 
        2952.98          229993 
         2968.1          243063 
        2983.21          256725 
        2998.33          270796 
        3005.69          277816 
        3013.44          285313 
        3028.55          300243 
        3039.99          311826 
         3045.7          317716 
        3051.42          323729 
        3057.14          330464 
        3062.85          337281 
        3068.57          344174 
        3074.29          351133 
        3085.72          365314 
        3108.59          394732 
        3113.05          400666 
        3131.45          425789 
        3140.66          438736 
        3149.86          451959 
        3159.06          467004 
        3168.26          482392 
        3186.67          514153 
        3198.66          535598 
        3205.07          547328 
        3223.47          581923 
        3235.88          606202 
        3242.09          618592 
        3248.29          631124 
         3254.5          640888 
         3260.7          650728 
        3266.91          660646 
        3273.11          670639 
        3273.96          672002 
        3285.52          690843 
        3310.34          732088 
        3328.54          763090 
        3346.73          794760 
        3364.92          828303 
        3383.12          862650 
        3401.31          897732 
        3430.23          955252 
        3436.37          967749 
         3437.7          970451 
        3445.17          985756 
        3460.11      1.01702e+6 
        3463.18      1.02351e+6 
        3489.99      1.08086e+6 
        3495.92      1.09372e+6 
         3516.8      1.13946e+6 
        3519.76      1.14603e+6 
         3543.6      1.19941e+6 
        3567.44      1.25478e+6 
        3591.28       1.3113e+6 
        3635.88      1.42153e+6 
        3638.96      1.42929e+6 
        3642.04      1.43727e+6 
        3643.12      1.44007e+6 
        3645.12      1.44525e+6 
        3645.28      1.44567e+6 
        3647.12      1.45045e+6 
        3648.96      1.45523e+6 
        3651.32      1.46137e+6 
        3652.64      1.46481e+6 
        3653.96      1.46826e+6 
        3654.24      1.46899e+6 
         3656.6      1.47515e+6 
        3658.96      1.48132e+6 
         3663.4      1.49294e+6 
        3663.68      1.49368e+6 
        3663.96      1.49441e+6 
        3664.52      1.49588e+6 
        3665.64      1.49882e+6 
         3666.8      1.50186e+6 
        3667.88       1.5047e+6 
        3668.28      1.50575e+6 
        3668.95      1.50753e+6 
        3671.11      1.51321e+6 
        3673.95      1.52068e+6 
         3675.2      1.52397e+6 
        3678.95      1.53386e+6 
        3682.58      1.54346e+6 
         3682.7      1.54377e+6 
        3682.82      1.54409e+6 
        3683.06      1.54472e+6 
        3683.18      1.54503e+6 
        3683.54      1.54599e+6 
         3684.5      1.54853e+6 
        3684.82      1.54937e+6 
        3685.83      1.55204e+6 
        3686.83       1.5547e+6 
        3688.74      1.55976e+6 
        3688.85      1.56004e+6 
        3688.94      1.56028e+6 
        3688.95      1.56031e+6 
        3689.16      1.56087e+6 
        3689.38      1.56145e+6 
        3689.73      1.56238e+6 
        3689.82      1.56261e+6 
         3689.9      1.56283e+6 
        3690.07      1.56328e+6 
        3690.41      1.56419e+6 
        3690.62      1.56476e+6 
        3691.09      1.56599e+6 
        3691.47      1.56699e+6 
        3691.55      1.56722e+6 
         3691.7      1.56761e+6 
        3692.48      1.56969e+6 
         3693.5      1.57238e+6 
         3694.4      1.57477e+6 
         3695.3      1.57716e+6 
        3695.81      1.57852e+6 
         3696.2      1.57956e+6 
        3696.53      1.58043e+6 
        3696.59      1.58059e+6 
        3696.65      1.58075e+6 
        3696.67       1.5808e+6 
        3696.76      1.58105e+6 
        3696.77      1.58107e+6 
        3696.87      1.58135e+6 
        3696.93       1.5815e+6 
        3696.99      1.58165e+6 
        3697.04       1.5818e+6 
         3697.1      1.58195e+6 
        3697.15      1.58209e+6 
        3697.21      1.58224e+6 
        3697.26      1.58239e+6 
        3697.32      1.58254e+6 
        3697.35      1.58261e+6 
        3697.41      1.58277e+6 
        3697.43      1.58284e+6 
        3697.46      1.58292e+6 
         3697.5      1.58301e+6 
        3697.53       1.5831e+6 
        3697.58      1.58323e+6 
        3697.66      1.58344e+6 
        3697.82      1.58387e+6 
        3698.11      1.58464e+6 
        3698.43      1.58549e+6 
        3698.69      1.58618e+6 
        3698.89      1.58671e+6 
        3698.95      1.58687e+6 
        3699.01      1.58703e+6 
        3699.13      1.58736e+6 
        3699.37        1.588e+6 
        3699.53      1.58843e+6 
        3699.86       1.5893e+6 
        3699.88      1.58935e+6 
        3700.19      1.59018e+6 
         3700.2       1.5902e+6 
         3700.5      1.59101e+6 
        3700.81      1.59182e+6 
        3700.84      1.59191e+6 
        3701.09      1.59258e+6 
        3701.42      1.59344e+6 
        3701.99      1.59498e+6 
        3702.44      1.59618e+6 
        3702.89      1.59738e+6 
        3703.12      1.59798e+6 
        3703.35      1.59858e+6 
        3703.46      1.59888e+6 
        3703.57      1.59918e+6 
        3703.63      1.59934e+6 
        3703.68      1.59949e+6 
        3703.74      1.59964e+6 
         3703.8      1.59979e+6 
        3703.85      1.59993e+6 
        3703.91      1.60009e+6 
        3703.97      1.60024e+6 
        3704.02      1.60039e+6 
        3704.09      1.60055e+6 
        3704.13      1.60069e+6 
        3704.18      1.60082e+6 
        3704.21      1.60089e+6 
        3704.22      1.60092e+6 
        3704.28      1.60109e+6 
        3704.31      1.60117e+6 
        3704.36      1.60129e+6 
        3704.41      1.60141e+6 
        3704.49      1.60164e+6 
        3704.57      1.60184e+6 
        3704.59       1.6019e+6 
        3704.69      1.60217e+6 
        3704.81      1.60249e+6 
        3705.05      1.60314e+6 
        3705.37      1.60399e+6 
        3705.54      1.60444e+6 
        3705.71       1.6049e+6 
        3706.05       1.6058e+6 
        3706.07      1.60586e+6 
        3706.73      1.60762e+6 
        3707.27      1.60905e+6 
        3707.39      1.60938e+6 
        3707.51      1.60971e+6 
        3707.61      1.60997e+6 
        3707.76      1.61037e+6 
        3707.91      1.61077e+6 
        3708.12      1.61132e+6 
        3708.21      1.61156e+6 
         3708.3      1.61181e+6 
        3708.49       1.6123e+6 
        3708.76      1.61304e+6 
        3708.85      1.61328e+6 
        3708.87      1.61333e+6 
        3708.95      1.61353e+6 
        3709.13      1.61401e+6 
        3709.21      1.61423e+6 
        3709.49      1.61499e+6 
        3710.11      1.61664e+6 
         3710.9      1.61876e+6 
        3711.01      1.61905e+6 
        3711.12      1.61934e+6 
        3711.21      1.61959e+6 
        3711.32      1.61989e+6 
        3711.34      1.61992e+6 
        3711.46      1.62026e+6 
        3711.52      1.62041e+6 
        3711.58      1.62056e+6 
         3711.6      1.62063e+6 
        3711.69      1.62086e+6 
        3711.75      1.62102e+6 
         3711.8      1.62117e+6 
        3711.86      1.62132e+6 
        3711.91      1.62147e+6 
        3711.97      1.62162e+6 
        3712.03      1.62177e+6 
        3712.08      1.62192e+6 
        3712.14      1.62207e+6 
         3712.2      1.62224e+6 
        3712.25      1.62237e+6 
         3712.3      1.62251e+6 
        3712.33      1.62257e+6 
        3712.33      1.62258e+6 
         3712.4      1.62277e+6 
        3712.48      1.62298e+6 
        3712.63      1.62338e+6 
        3712.93      1.62418e+6 
        3713.23      1.62498e+6 
        3713.53      1.62579e+6 
        3713.83       1.6266e+6 
        3714.24       1.6277e+6 
        3714.42      1.62817e+6 
        3714.44      1.62822e+6 
        3714.64      1.62875e+6 
        3715.03       1.6298e+6 
        3715.64      1.63144e+6 
        3716.76      1.63445e+6 
        3716.79      1.63452e+6 
        3716.86      1.63471e+6 
        3716.95      1.63496e+6 
        3717.14      1.63547e+6 
        3717.52      1.63649e+6 
        3718.19      1.63827e+6 
        3718.26      1.63846e+6 
        3718.33      1.63864e+6 
        3718.47      1.63902e+6 
        3718.56      1.63925e+6 
        3718.63      1.63945e+6 
        3718.73      1.63973e+6 
        3718.75      1.63977e+6 
        3718.94      1.64029e+6 
        3719.25      1.64112e+6 
        3719.47      1.64171e+6 
        3719.77      1.64251e+6 
        3720.07      1.64331e+6 
        3720.36        1.644e+6 
        3720.52      1.64439e+6 
        3720.67      1.64474e+6 
        3720.98      1.64548e+6 
         3721.2      1.64599e+6 
        3721.43       1.6465e+6 
        3721.54      1.64676e+6 
        3721.66      1.64701e+6 
        3721.71      1.64714e+6 
        3721.77      1.64727e+6 
        3721.82      1.64739e+6 
        3721.88      1.64752e+6 
        3721.94      1.64765e+6 
        3721.99      1.64777e+6 
        3722.05       1.6479e+6 
        3722.11      1.64803e+6 
        3722.22      1.64828e+6 
         3722.4      1.64868e+6 
        3722.45      1.64879e+6 
         3722.5      1.64891e+6 
         3722.6      1.64913e+6 
         3722.7      1.64935e+6 
         3722.8      1.64958e+6 
         3722.9      1.64982e+6 
        3723.11      1.65028e+6 
        3723.23      1.65056e+6 
        3723.52      1.65121e+6 
        3723.81      1.65186e+6 
        3724.38      1.65315e+6 
        3725.45      1.65556e+6 
        3725.53      1.65575e+6 
        3725.62      1.65593e+6 
        3725.75      1.65624e+6 
        3725.78      1.65631e+6 
        3725.92      1.65661e+6 
        3725.93      1.65664e+6 
        3726.11      1.65706e+6 
        3726.48      1.65787e+6 
        3727.04      1.65914e+6 
        3727.37      1.65988e+6 
        3728.15      1.66165e+6 
        3728.64      1.66274e+6 
        3728.94      1.66342e+6 
        3729.01      1.66358e+6 
        3729.24       1.6641e+6 
        3729.84      1.66546e+6 
        3730.68      1.66734e+6 
        3732.19      1.67076e+6 
        3732.34       1.6711e+6 
        3732.49      1.67144e+6 
        3732.79      1.67212e+6 
        3733.35      1.67338e+6 
        3733.38      1.67345e+6 
        3733.39      1.67347e+6 
         3733.4      1.67349e+6 
        3733.45       1.6736e+6 
        3733.55      1.67383e+6 
        3733.65      1.67405e+6 
        3733.75      1.67428e+6 
        3733.86      1.67452e+6 
           3734      1.67485e+6 
        3734.04      1.67494e+6 
        3734.06      1.67499e+6 
        3734.08      1.67503e+6 
        3734.13      1.67514e+6 
        3734.14      1.67516e+6 
        3734.16      1.67521e+6 
         3734.2      1.67529e+6 
        3734.25      1.67541e+6 
        3734.31      1.67554e+6 
        3734.37      1.67567e+6 
        3734.43       1.6758e+6 
        3734.48      1.67593e+6 
        3734.54      1.67606e+6 
        3734.65      1.67631e+6 
        3734.83      1.67671e+6 
        3734.88      1.67682e+6 
        3734.93      1.67694e+6 
        3735.03      1.67716e+6 
        3735.12      1.67738e+6 
        3735.17      1.67749e+6 
        3735.23      1.67762e+6 
        3735.33      1.67785e+6 
        3735.39      1.67798e+6 
        3735.49      1.67822e+6 
        3735.82      1.67894e+6 
           3736      1.67936e+6 
        3736.24       1.6799e+6 
        3736.49      1.68045e+6 
        3736.97      1.68155e+6 
        3737.83      1.68348e+6 
        3737.94      1.68375e+6 
        3738.06      1.68401e+6 
        3738.29      1.68454e+6 
        3738.59       1.6852e+6 
        3738.76       1.6856e+6 
        3738.94      1.68599e+6 
        3739.29      1.68678e+6 
         3739.5      1.68726e+6 
        3739.99      1.68836e+6 
        3740.48      1.68947e+6 
        3741.21      1.69114e+6 
        3741.45      1.69168e+6 
        3741.69      1.69223e+6 
        3742.09      1.69313e+6 
        3742.18      1.69332e+6 
        3742.26      1.69351e+6 
        3742.43      1.69389e+6 
        3742.67      1.69444e+6 
        3742.73      1.69458e+6 
        3742.76      1.69465e+6 
         3742.8      1.69472e+6 
        3742.86      1.69487e+6 
        3742.92        1.695e+6 
        3743.17      1.69556e+6 
        3743.66      1.69668e+6 
        3744.62      1.69885e+6 
        3744.65      1.69892e+6 
        3746.45      1.70298e+6 
        3747.61       1.7056e+6 
        3748.27      1.70711e+6 
        3748.84      1.70841e+6 
         3748.9      1.70855e+6 
        3748.93      1.70861e+6 
        3748.96      1.70868e+6 
        3748.99      1.70873e+6 
        3749.08      1.70895e+6 
        3749.12      1.70903e+6 
        3749.18      1.70918e+6 
        3749.38      1.70962e+6 
        3749.41      1.70969e+6 
        3749.64      1.71021e+6 
        3749.75      1.71047e+6 
        3749.87      1.71073e+6 
        3749.92      1.71086e+6 
        3749.98      1.71099e+6 
        3750.04      1.71112e+6 
        3750.09      1.71124e+6 
        3750.15      1.71137e+6 
        3750.21       1.7115e+6 
        3750.27      1.71163e+6 
        3750.32      1.71176e+6 
        3750.44      1.71202e+6 
        3750.62      1.71243e+6 
        3750.66      1.71254e+6 
        3750.72      1.71265e+6 
        3750.82      1.71288e+6 
        3750.91      1.71309e+6 
        3751.02      1.71333e+6 
        3751.12      1.71357e+6 
        3751.33      1.71405e+6 
        3751.48      1.71439e+6 
        3751.76      1.71501e+6 
        3752.03      1.71564e+6 
        3752.59       1.7169e+6 
        3753.53      1.71904e+6 
         3753.7      1.71941e+6 
        3753.78       1.7196e+6 
        3753.86      1.71978e+6 
        3754.18      1.72052e+6 
        3754.27      1.72072e+6 
        3754.84      1.72199e+6 
        3755.89      1.72439e+6 
        3756.09      1.72483e+6 
        3757.47      1.72798e+6 
        3757.51      1.72806e+6 
        3757.55      1.72815e+6 
        3758.93      1.73128e+6 
        3760.39       1.7346e+6 
        3761.66      1.73747e+6 
        3762.72      1.73988e+6 
        3763.23      1.74105e+6 
        3764.81      1.74463e+6 
        3765.07      1.74521e+6 
         3766.9      1.74938e+6 
        3768.55      1.75312e+6 
        3768.74      1.75355e+6 
        3768.93      1.75399e+6 
        3768.97      1.75408e+6 
         3769.2       1.7546e+6 
        3769.31      1.75486e+6 
        3769.66      1.75564e+6 
        3769.89      1.75616e+6 
        3770.11      1.75668e+6 
        3770.23      1.75694e+6 
        3770.34       1.7572e+6 
         3770.4      1.75733e+6 
        3770.46      1.75746e+6 
        3770.51      1.75759e+6 
        3770.57      1.75772e+6 
        3770.63      1.75785e+6 
        3770.69      1.75798e+6 
        3770.74      1.75811e+6 
         3770.8      1.75825e+6 
        3770.87      1.75839e+6 
        3770.92       1.7585e+6 
        3770.97      1.75862e+6 
        3770.99      1.75867e+6 
           3771       1.7587e+6 
        3771.07      1.75885e+6 
        3771.15      1.75903e+6 
         3771.3      1.75939e+6 
         3771.6      1.76007e+6 
        3771.89      1.76072e+6 
        3771.95      1.76086e+6 
        3772.21      1.76144e+6 
        3772.52      1.76216e+6 
        3773.15       1.7636e+6 
        3774.36      1.76633e+6 
         3775.5      1.76893e+6 
        3776.76       1.7718e+6 
        3777.13      1.77263e+6 
        3778.03      1.77468e+6 
         3778.4      1.77553e+6 
        3778.93      1.77673e+6 
        3780.73      1.78083e+6 
        3781.84      1.78338e+6 
        3783.05      1.78613e+6 
        3783.16      1.78638e+6 
        3784.26      1.78889e+6 
        3785.37      1.79141e+6 
        3786.22      1.79336e+6 
         3787.4      1.79604e+6 
        3787.57      1.79644e+6 
        3788.92      1.79952e+6 
        3790.45      1.80299e+6 
        3792.84      1.80845e+6 
        3793.49      1.80993e+6 
        3794.14      1.81142e+6 
         3794.9      1.81314e+6 
        3795.07      1.81353e+6 
        3795.44      1.81439e+6 
        3795.99      1.81564e+6 
        3796.45       1.8167e+6 
        3796.92      1.81775e+6 
        3797.15      1.81828e+6 
        3797.38       1.8188e+6 
        3797.49      1.81907e+6 
        3797.61      1.81933e+6 
        3797.67      1.81946e+6 
        3797.72      1.81959e+6 
        3797.78      1.81972e+6 
        3797.84      1.81986e+6 
         3797.9      1.81999e+6 
        3797.96      1.82012e+6 
        3798.01      1.82025e+6 
        3798.07      1.82038e+6 
        3798.19      1.82065e+6 
        3798.37      1.82106e+6 
        3798.42      1.82117e+6 
        3798.47      1.82129e+6 
        3798.57      1.82152e+6 
        3798.66      1.82172e+6 
        3798.75      1.82194e+6 
        3798.77      1.82197e+6 
        3798.84      1.82213e+6 
        3798.88      1.82223e+6 
        3798.92      1.82232e+6 
        3799.05      1.82261e+6 
        3799.09      1.82271e+6 
        3799.43      1.82347e+6 
        3799.47      1.82358e+6 
         3799.8      1.82434e+6 
        3800.56      1.82607e+6 
        3801.65      1.82856e+6 
        3802.32      1.83008e+6 
        3803.83      1.83354e+6 
        3805.35        1.837e+6 
        3807.84      1.84268e+6 
        3808.38      1.84391e+6 
        3808.92      1.84515e+6 
           3810      1.84762e+6 
        3811.59      1.85125e+6 
        3812.16      1.85257e+6 
        3812.74      1.85389e+6 
         3813.9      1.85653e+6 
        3815.78      1.86083e+6 
        3816.09      1.86155e+6 
        3816.21      1.86181e+6 
        3816.64       1.8628e+6 
        3817.44      1.86469e+6 
         3817.5      1.86484e+6 
        3818.92      1.86817e+6 
        3820.39      1.87171e+6 
        3822.57      1.87693e+6 
        3823.35       1.8788e+6 
        3823.51       1.8792e+6 
        3824.13      1.88067e+6 
        3825.68      1.88442e+6 
         3826.8      1.88711e+6 
        3827.86      1.88964e+6 
        3828.91      1.89217e+6 
        3830.45      1.89588e+6 
        3831.02      1.89724e+6 
        3831.59      1.89861e+6 
           3832      1.89959e+6 
        3832.53      1.90085e+6 
        3832.73      1.90134e+6 
        3833.46       1.9031e+6 
        3833.93      1.90422e+6 
        3834.39      1.90534e+6 
        3834.63       1.9059e+6 
        3834.86      1.90646e+6 
        3834.97      1.90674e+6 
        3835.09      1.90702e+6 
        3835.15      1.90716e+6 
        3835.21       1.9073e+6 
        3835.27      1.90744e+6 
        3835.33      1.90758e+6 
        3835.38      1.90772e+6 
        3835.44      1.90786e+6 
         3835.5        1.908e+6 
        3835.56      1.90814e+6 
        3835.63       1.9083e+6 
        3835.68      1.90842e+6 
        3835.73      1.90854e+6 
        3835.74      1.90858e+6 
        3835.77      1.90866e+6 
        3835.83      1.90878e+6 
        3835.91      1.90898e+6 
        3836.07      1.90938e+6 
        3836.38      1.91011e+6 
        3836.65      1.91076e+6 
        3836.98      1.91155e+6 
        3837.03      1.91168e+6 
        3837.31      1.91235e+6 
        3837.97      1.91394e+6 
        3838.65      1.91556e+6 
        3838.91       1.9162e+6 
        3839.18      1.91683e+6 
         3839.7       1.9181e+6 
        3840.76      1.92063e+6 
        3842.75      1.92543e+6 
        3842.83      1.92562e+6 
        3842.87      1.92571e+6 
        3842.91      1.92581e+6 
        3843.07      1.92618e+6 
        3843.38      1.92693e+6 
           3844      1.92843e+6 
        3844.59      1.92984e+6 
        3845.25      1.93143e+6 
        3845.55      1.93215e+6 
        3845.91      1.93301e+6 
        3847.23      1.93619e+6 
        3847.44       1.9367e+6 
        3848.91      1.94023e+6 
        3850.38      1.94375e+6 
        3851.98       1.9476e+6 
        3853.31      1.95081e+6 
        3854.64      1.95401e+6 
         3855.7      1.95656e+6 
         3857.3      1.96041e+6 
        3858.91      1.96427e+6 
        3862.01      1.97172e+6 
        3862.11      1.97198e+6 
        3862.22      1.97223e+6 
        3862.43      1.97273e+6 
        3862.85      1.97374e+6 
        3863.68      1.97576e+6 
        3865.17      1.97933e+6 
        3865.36       1.9798e+6 
        3865.56      1.98027e+6 
        3865.95      1.98121e+6 
        3866.73      1.98308e+6 
        3867.68      1.98536e+6 
        3868.29      1.98683e+6 
         3868.9      1.98831e+6 
        3870.13      1.99126e+6 
        3871.32      1.99413e+6 
        3872.59      1.99716e+6 
        3873.85       2.0002e+6 
        3876.32      2.00615e+6 
        3876.37      2.00626e+6 
        3876.37      2.00626e+6 
        3876.37      2.00627e+6 
        3876.42      2.00639e+6 
        3876.52      2.00663e+6 
        3876.72      2.00711e+6 
        3876.95      2.00765e+6 
        3877.12      2.00807e+6 
        3877.92      2.00999e+6 
         3878.9      2.01234e+6 
        3880.29      2.01568e+6 
        3880.85      2.01704e+6 
        3881.42      2.01839e+6 
        3882.55       2.0211e+6 
         3884.4      2.02555e+6 
         3884.8      2.02653e+6 
        3884.92      2.02682e+6 
         3885.2      2.02749e+6 
        3886.01      2.02943e+6 
        3886.15      2.02977e+6 
         3887.1      2.03204e+6 
        3887.57      2.03318e+6 
        3888.04      2.03431e+6 
        3888.28      2.03488e+6 
        3888.52      2.03545e+6 
        3888.63      2.03573e+6 
        3888.75      2.03602e+6 
        3888.84      2.03624e+6 
        3888.87      2.03629e+6 
        3888.87       2.0363e+6 
         3888.9      2.03637e+6 
        3888.93      2.03644e+6 
        3888.99      2.03658e+6 
        3889.05      2.03673e+6 
        3889.11      2.03687e+6 
        3889.17      2.03701e+6 
        3889.22      2.03715e+6 
        3889.29      2.03732e+6 
        3889.34      2.03744e+6 
        3889.39      2.03756e+6 
        3889.41       2.0376e+6 
        3889.45       2.0377e+6 
        3889.49       2.0378e+6 
        3889.58      2.03801e+6 
        3889.75      2.03842e+6 
        3890.05      2.03915e+6 
        3890.32      2.03978e+6 
        3890.47      2.04016e+6 
        3890.66       2.0406e+6 
           3891      2.04142e+6 
        3891.68      2.04307e+6 
        3892.89      2.04597e+6 
        3893.94      2.04849e+6 
        3894.46      2.04973e+6 
        3895.31      2.05178e+6 
        3896.22      2.05396e+6 
        3896.68      2.05506e+6 
        3898.89      2.06039e+6 
         3899.6      2.06209e+6 
        3901.57      2.06682e+6 
        3903.89       2.0724e+6 
        3904.25      2.07325e+6 
        3908.89       2.0844e+6 
        3913.89       2.0964e+6 
        3918.89      2.10935e+6 
        3923.89      2.12246e+6 
        3928.22       2.1338e+6 
        3928.35      2.13416e+6 
        3928.89      2.13556e+6 
        3929.56      2.13732e+6 
         3930.9      2.14084e+6 
        3933.45      2.14752e+6 
        3935.81      2.15369e+6 
        3937.35      2.15771e+6 
        3938.89      2.16174e+6 
        3940.04      2.16475e+6 
        3941.96      2.16978e+6 
        3943.88      2.17481e+6 
        3946.58      2.18185e+6 
        3947.73      2.18486e+6 
        3948.88      2.18786e+6 
        3950.65      2.19249e+6 
        3951.01      2.19343e+6 
        3951.19      2.19388e+6 
        3951.72      2.19527e+6 
        3952.78      2.19805e+6 
        3954.55      2.20267e+6 
        3957.31      2.20985e+6 
        3958.09       2.2119e+6 
        3958.62      2.21328e+6 
        3958.88      2.21395e+6 
        3960.45      2.21805e+6 
        3962.28      2.22282e+6 
        3965.74      2.23181e+6 
        3965.94      2.23235e+6 
        3966.15      2.23288e+6 
        3966.56      2.23395e+6 
        3966.68      2.23425e+6 
        3967.28      2.23583e+6 
        3967.38      2.23608e+6 
        3968.08      2.23791e+6 
        3968.71      2.23955e+6 
        3968.88      2.23998e+6 
        3969.05      2.24042e+6 
        3969.23      2.24091e+6 
        3969.29      2.24105e+6 
        3969.38      2.24129e+6 
        3969.53      2.24167e+6 
        3969.65      2.24199e+6 
        3969.77       2.2423e+6 
        3969.83      2.24246e+6 
        3969.89      2.24261e+6 
        3969.95      2.24277e+6 
        3970.01      2.24293e+6 
        3970.07      2.24308e+6 
        3970.13      2.24324e+6 
        3970.19       2.2434e+6 
        3970.25      2.24356e+6 
        3970.32      2.24374e+6 
        3970.37      2.24387e+6 
        3970.42        2.244e+6 
        3970.43      2.24402e+6 
        3970.49      2.24419e+6 
        3970.52      2.24426e+6 
        3970.61       2.2445e+6 
         3970.8      2.24497e+6 
         3971.1      2.24576e+6 
        3971.33      2.24637e+6 
        3971.59      2.24705e+6 
         3971.7      2.24732e+6 
        3972.06      2.24827e+6 
        3972.79      2.25017e+6 
        3973.99      2.25329e+6 
        3974.94      2.25574e+6 
         3976.4      2.25954e+6 
        3976.84       2.2607e+6 
        3977.86      2.26334e+6 
        3978.87      2.26597e+6 
        3979.58      2.26779e+6 
         3980.9      2.27123e+6 
        3982.23      2.27467e+6 
        3984.18      2.27972e+6 
        3984.88      2.28155e+6 
        3985.12      2.28216e+6 
        3985.59      2.28337e+6 
        3986.99      2.28702e+6 
        3988.87      2.29187e+6 
        3991.38      2.29835e+6 
        3992.62      2.30158e+6 
        3993.85      2.30476e+6 
        3993.87       2.3048e+6 
        3996.36      2.31123e+6 
        3998.87       2.3177e+6 
        4003.87      2.33059e+6 
        4008.87      2.34346e+6 
        4013.86      2.35653e+6 
        4018.86      2.36986e+6 
        4023.86      2.38318e+6 
        4025.34      2.38711e+6 
        4028.86      2.39646e+6 
        4032.38      2.40581e+6 
        4032.95       2.4073e+6 
        4033.86      2.40972e+6 
         4035.9      2.41514e+6 
        4038.86      2.42296e+6 
        4043.86      2.43617e+6 
        4048.86      2.44936e+6 
        4053.86      2.46251e+6 
        4058.85      2.47563e+6 
        4063.85      2.48871e+6 
        4068.85      2.50176e+6 
        4073.85      2.51478e+6 
        4075.42      2.51886e+6 
        4078.85      2.52777e+6 
        4082.28      2.53666e+6 
        4082.56      2.53739e+6 
           4084      2.54113e+6 
         4085.7      2.54553e+6 
        4088.84      2.55364e+6 
         4089.7      2.55582e+6 
        4093.69       2.5661e+6 
        4096.52      2.57337e+6 
        4097.68      2.57636e+6 
        4098.01      2.57721e+6 
        4098.68      2.57892e+6 
        4098.84      2.57935e+6 
        4099.68      2.58148e+6 
        4100.17      2.58276e+6 
        4100.67      2.58404e+6 
        4100.92      2.58467e+6 
        4101.17      2.58531e+6 
         4101.3      2.58563e+6 
        4101.42      2.58595e+6 
        4101.48      2.58611e+6 
        4101.55      2.58626e+6 
        4101.61      2.58642e+6 
        4101.67      2.58658e+6 
        4101.73      2.58674e+6 
         4101.8       2.5869e+6 
        4101.86      2.58706e+6 
        4101.92      2.58722e+6 
        4102.05      2.58755e+6 
         4102.3      2.58819e+6 
        4102.74      2.58934e+6 
        4102.79      2.58947e+6 
        4102.85       2.5896e+6 
        4102.94      2.58986e+6 
        4103.15      2.59037e+6 
         4103.3      2.59076e+6 
        4103.55       2.5914e+6 
        4103.79      2.59203e+6 
        4104.29      2.59331e+6 
        4104.78      2.59457e+6 
        4105.29      2.59586e+6 
        4105.79      2.59714e+6 
        4106.79      2.59971e+6 
        4108.68      2.60453e+6 
        4108.76      2.60474e+6 
         4108.8      2.60484e+6 
        4108.84      2.60494e+6 
        4108.86      2.60499e+6 
           4109      2.60538e+6 
        4109.32      2.60625e+6 
        4109.78      2.60751e+6 
         4110.7      2.61002e+6 
        4111.32      2.61169e+6 
        4112.55      2.61504e+6 
        4113.77      2.61838e+6 
        4114.69      2.62088e+6 
        4116.23      2.62506e+6 
        4116.69      2.62632e+6 
        4117.77      2.62923e+6 
        4118.13      2.63021e+6 
        4118.84      2.63214e+6 
        4120.98      2.63794e+6 
        4123.84      2.64567e+6 
        4126.14       2.6519e+6 
        4128.84      2.65917e+6 
         4129.6      2.66124e+6 
        4131.53      2.66641e+6 
        4133.83      2.67262e+6 
        4134.22      2.67365e+6 
        4138.83      2.68602e+6 
        4143.83      2.69939e+6 
        4148.83       2.7127e+6 
        4153.83      2.72598e+6 
        4158.83      2.73925e+6 
        4163.83      2.75247e+6 
        4168.82      2.76566e+6 
        4173.82      2.77879e+6 
        4178.82      2.79188e+6 
        4183.82      2.80492e+6 
        4188.82      2.81791e+6 
        4193.82      2.83085e+6 
        4198.82      2.84373e+6 
        4203.81      2.85657e+6 
        4208.81      2.86954e+6 
        4213.81      2.88261e+6 
        4216.52      2.88967e+6 
        4217.24      2.89153e+6 
        4218.81      2.89562e+6 
         4221.1      2.90155e+6 
        4223.81      2.90856e+6 
        4224.95      2.91153e+6 
        4228.81      2.92155e+6 
        4233.81      2.93448e+6 
        4238.81      2.94733e+6 
        4243.81      2.96012e+6 
         4248.8      2.97284e+6 
         4253.8      2.98549e+6 
         4258.8      2.99807e+6 
         4263.8      3.01057e+6 
         4268.8        3.023e+6 
         4273.8      3.03536e+6 
         4278.8      3.04764e+6 
        4283.79      3.05985e+6 
        4288.79      3.07198e+6 
        4293.79      3.08404e+6 
        4298.79      3.09601e+6 
        4303.79      3.10783e+6 
        4308.79      3.11916e+6 
        4313.79      3.13042e+6 
        4314.07      3.13106e+6 
        4318.78      3.14159e+6 
        4320.85      3.14621e+6 
         4323.5      3.15209e+6 
        4326.14      3.15793e+6 
        4326.48      3.15868e+6 
        4328.78      3.16377e+6 
        4330.23      3.16695e+6 
        4331.09      3.16883e+6 
        4331.15      3.16899e+6 
        4331.95      3.17072e+6 
        4333.66      3.17449e+6 
        4334.06      3.17533e+6 
        4336.17      3.17995e+6 
        4337.79      3.18347e+6 
        4338.22      3.18441e+6 
        4338.28      3.18457e+6 
        4338.78      3.18564e+6 
        4338.81       3.1857e+6 
        4339.34      3.18683e+6 
         4339.6       3.1874e+6 
        4339.87      3.18796e+6 
           4340      3.18825e+6 
        4340.13      3.18853e+6 
         4340.2      3.18865e+6 
        4340.26      3.18881e+6 
        4340.33      3.18894e+6 
         4340.4      3.18906e+6 
        4340.46      3.18919e+6 
        4340.53      3.18934e+6 
        4340.59       3.1895e+6 
        4340.66      3.18966e+6 
        4340.79      3.18997e+6 
        4341.01      3.19044e+6 
        4341.06      3.19054e+6 
         4341.1      3.19066e+6 
         4341.2      3.19088e+6 
        4341.23      3.19095e+6 
        4341.24      3.19095e+6 
         4341.4      3.19132e+6 
        4341.58       3.1917e+6 
        4341.94      3.19249e+6 
        4342.64      3.19403e+6 
        4343.33      3.19553e+6 
        4343.57      3.19604e+6 
        4344.04      3.19707e+6 
        4344.75      3.19861e+6 
        4346.17      3.20169e+6 
        4348.58      3.20687e+6 
        4348.78      3.20731e+6 
        4348.98      3.20772e+6 
        4349.37      3.20857e+6 
        4350.17       3.2103e+6 
        4350.32      3.21061e+6 
        4351.76      3.21372e+6 
         4353.2       3.2168e+6 
        4354.73      3.22007e+6 
        4356.08      3.22293e+6 
        4356.08      3.22293e+6 
        4357.43      3.22582e+6 
        4358.77      3.22868e+6 
        4359.17      3.22953e+6 
        4361.47       3.2343e+6 
        4363.77      3.23917e+6 
        4367.98        3.248e+6 
        4368.38      3.24885e+6 
        4368.52      3.24916e+6 
        4368.77      3.24966e+6 
        4369.56      3.25133e+6 
        4371.15      3.25463e+6 
        4373.77      3.26012e+6 
        4378.77      3.27046e+6 
        4383.77      3.28077e+6 
        4388.77      3.29098e+6 
        4393.77      3.30112e+6 
        4398.76      3.31121e+6 
        4403.76      3.31938e+6 
        4408.76      3.32676e+6 
        4413.76      3.33411e+6 
        4418.76      3.34143e+6 
        4423.76      3.34869e+6 
        4428.76      3.35594e+6 
        4433.75      3.36314e+6 
        4438.75      3.37033e+6 
        4443.75      3.37746e+6 
        4448.75      3.38456e+6 
        4453.75       3.3916e+6 
        4458.75      3.39864e+6 
        4463.75      3.40561e+6 
        4468.74      3.41259e+6 
        4473.74       3.4195e+6 
        4478.74      3.42638e+6 
        4483.74      3.43323e+6 
        4488.74      3.44001e+6 
        4493.74       3.4468e+6 
        4498.74      3.45472e+6 
        4503.74      3.46549e+6 
        4508.73      3.47614e+6 
        4513.73       3.4867e+6 
        4514.12      3.48748e+6 
        4518.73      3.49713e+6 
        4523.35      3.50665e+6 
        4527.19       3.5145e+6 
        4527.96      3.51607e+6 
        4528.73      3.51764e+6 
        4530.27      3.52075e+6 
        4532.97      3.52622e+6 
        4533.29      3.52685e+6 
        4533.35      3.52697e+6 
        4533.73      3.52773e+6 
        4534.49      3.52927e+6 
        4536.01      3.53228e+6 
        4538.73      3.53772e+6 
        4543.73      3.54758e+6 
        4548.72      3.55732e+6 
        4553.72      3.56696e+6 
        4558.72      3.57651e+6 
        4563.72      3.58594e+6 
        4568.72      3.59524e+6 
        4573.72      3.60444e+6 
        4578.72      3.61355e+6 
        4583.72      3.62254e+6 
        4588.71      3.63143e+6 
        4593.71      3.64019e+6 
        4596.53      3.64444e+6 
        4596.98      3.64513e+6 
        4598.71       3.6477e+6 
        4600.89      3.65088e+6 
        4603.71      3.65493e+6 
         4604.8       3.6565e+6 
        4608.71      3.66209e+6 
        4613.71      3.66919e+6 
         4618.7      3.67623e+6 
         4623.7       3.6832e+6 
         4628.7      3.69008e+6 
         4633.7      3.69693e+6 
         4638.7      3.70372e+6 
         4643.7      3.71044e+6 
         4648.7      3.71707e+6 
         4653.7      3.72367e+6 
        4658.69       3.7302e+6 
        4663.69      3.73664e+6 
        4668.69      3.74305e+6 
        4673.69       3.7494e+6 
        4678.69      3.75568e+6 
        4683.69       3.7619e+6 
        4688.69      3.76806e+6 
        4693.69      3.77396e+6 
        4698.68      3.77959e+6 
        4703.68      3.78515e+6 
        4708.68      3.79068e+6 
        4713.68      3.79614e+6 
         4715.6      3.79825e+6 
        4718.68      3.80158e+6 
        4720.98      3.80406e+6 
        4721.76      3.80488e+6 
        4723.68      3.80695e+6 
        4724.83      3.80818e+6 
        4728.68      3.81226e+6 
        4733.68      3.81754e+6 
        4738.67      3.82275e+6 
        4743.67      3.82794e+6 
        4748.67      3.83306e+6 
        4753.67      3.83815e+6 
        4758.67      3.84317e+6 
        4763.67      3.84814e+6 
        4768.67      3.85307e+6 
        4773.66      3.85794e+6 
        4778.66      3.86278e+6 
        4783.66      3.86758e+6 
        4788.66      3.87233e+6 
        4793.66      3.87688e+6 
        4798.66      3.88141e+6 
        4803.66       3.8859e+6 
        4808.65      3.89036e+6 
        4813.65      3.89476e+6 
        4818.65      3.89912e+6 
        4823.65      3.90343e+6 
        4828.65       3.9077e+6 
        4833.65      3.91194e+6 
        4834.97      3.91304e+6 
        4838.65      3.91612e+6 
        4839.16      3.91656e+6 
        4842.32       3.9192e+6 
        4845.48      3.92181e+6 
         4845.5      3.92181e+6 
        4847.05       3.9231e+6 
        4848.64      3.92438e+6 
        4851.78      3.92696e+6 
        4854.39      3.92906e+6 
        4856.52      3.93076e+6 
         4858.4      3.93227e+6 
        4858.64      3.93246e+6 
        4858.66      3.93246e+6 
        4858.88      3.93265e+6 
        4859.36      3.93302e+6 
        4859.47      3.93309e+6 
        4860.06      3.93356e+6 
        4860.36      3.93378e+6 
        4860.66      3.93397e+6 
        4860.81      3.93406e+6 
        4860.95      3.93415e+6 
        4861.03      3.93419e+6 
         4861.1      3.93422e+6 
        4861.18      3.93425e+6 
        4861.25      3.93425e+6 
        4861.32      3.93431e+6 
         4861.4      3.93437e+6 
        4861.47      3.93447e+6 
        4861.54      3.93456e+6 
        4861.64      3.93469e+6 
        4861.69      3.93475e+6 
        4861.69      3.93475e+6 
        4861.69      3.93475e+6 
        4861.69      3.93475e+6 
        4861.74      3.93481e+6 
        4861.84      3.93491e+6 
        4861.98      3.93503e+6 
        4861.99      3.93506e+6 
        4862.28      3.93532e+6 
        4862.58       3.9356e+6 
         4862.6       3.9356e+6 
        4863.18       3.9361e+6 
        4863.73      3.93657e+6 
        4863.76       3.9366e+6 
        4864.93      3.93758e+6 
        4866.13      3.93858e+6 
        4868.41      3.94044e+6 
        4868.53      3.94053e+6 
        4868.64      3.94063e+6 
        4868.86      3.94081e+6 
        4869.32      3.94119e+6 
        4869.58      3.94141e+6 
        4870.22      3.94191e+6 
        4870.86      3.94245e+6 
        4872.13      3.94348e+6 
        4874.62      3.94549e+6 
        4874.69      3.94553e+6 
        4874.75      3.94559e+6 
        4874.87      3.94568e+6 
        4875.12      3.94587e+6 
        4875.61      3.94628e+6 
        4876.61      3.94707e+6 
        4878.45      3.94854e+6 
        4878.54      3.94864e+6 
        4878.59      3.94867e+6 
        4878.64       3.9487e+6 
        4878.82      3.94886e+6 
        4879.19      3.94914e+6 
        4879.53      3.94942e+6 
        4879.92      3.94974e+6 
        4880.32      3.95005e+6 
        4880.94      3.95055e+6 
        4881.12      3.95068e+6 
        4882.71      3.95194e+6 
        4884.48      3.95335e+6 
         4887.4      3.95561e+6 
        4888.02      3.95608e+6 
        4888.63      3.95658e+6 
        4889.87      3.95753e+6 
        4891.06      3.95844e+6 
        4892.35      3.95941e+6 
        4893.63      3.96042e+6 
        4893.78      3.96051e+6 
         4896.2      3.96237e+6 
        4898.63      3.96422e+6 
        4903.34      3.96774e+6 
        4903.48      3.96786e+6 
        4903.63      3.96796e+6 
        4903.92      3.96818e+6 
         4904.5      3.96862e+6 
        4905.66      3.96947e+6 
        4907.33      3.97072e+6 
        4907.98      3.97119e+6 
        4908.63       3.9717e+6 
        4909.93      3.97264e+6 
        4911.43      3.97377e+6 
        4912.53      3.97455e+6 
        4913.01      3.97493e+6 
        4913.63      3.97537e+6 
        4915.55      3.97679e+6 
        4915.82      3.97697e+6 
        4918.24      3.97873e+6 
        4918.63      3.97902e+6 
         4921.7      3.98125e+6 
        4923.62      3.98263e+6 
        4925.16      3.98373e+6 
        4928.62      3.98621e+6 
        4933.62      3.98973e+6 
        4938.62      3.99322e+6 
        4943.62       3.9967e+6 
        4948.62       4.0001e+6 
        4953.62      4.00349e+6 
        4958.61      4.00685e+6 
        4963.61      4.01015e+6 
        4968.61      4.01342e+6 
        4973.61      4.01665e+6 
        4978.61      4.01986e+6 
        4983.61        4.023e+6 
        4988.61      4.02598e+6 
        4993.61      4.02897e+6 
         4998.6      4.03189e+6 
         5003.6      4.03478e+6 
         5008.6      4.03767e+6 
         5013.6       4.0405e+6 
         5018.6      4.04329e+6 
         5023.6      4.04609e+6 
         5028.6      4.04882e+6 
         5033.6      4.05152e+6 
        5038.59      4.05419e+6 
        5043.59      4.05686e+6 
        5048.59      4.05947e+6 
        5053.59      4.06205e+6 
        5058.59      4.06462e+6 
        5063.59      4.06714e+6 
        5068.59      4.06962e+6 
        5073.58       4.0721e+6 
        5078.58      4.07455e+6 
        5083.58      4.07675e+6 
        5088.58      4.07886e+6 
        5093.58      4.08096e+6 
        5098.58        4.083e+6 
        5103.58      4.08504e+6 
        5108.57      4.08705e+6 
        5113.57      4.08907e+6 
        5118.57      4.09101e+6 
        5123.57      4.09296e+6 
        5128.57      4.09488e+6 
        5133.57      4.09676e+6 
        5138.57      4.09865e+6 
        5143.57       4.1005e+6 
        5148.56      4.10232e+6 
        5153.56      4.10411e+6 
        5158.56       4.1059e+6 
        5163.56      4.10766e+6 
        5168.56      4.10939e+6 
        5173.56      4.11109e+6 
        5178.56      4.11269e+6 
        5183.56      4.11407e+6 
        5188.55      4.11545e+6 
        5193.55      4.11681e+6 
        5198.55      4.11813e+6 
        5203.55      4.11944e+6 
        5208.55      4.12073e+6 
        5213.55      4.12199e+6 
        5218.55      4.12325e+6 
        5223.54      4.12447e+6 
        5228.54      4.12567e+6 
        5233.54      4.12686e+6 
        5238.54      4.12805e+6 
        5243.54      4.12918e+6 
        5248.54      4.13031e+6 
        5253.54      4.13145e+6 
        5258.53      4.13255e+6 
        5263.53      4.13361e+6 
        5268.53      4.13465e+6 
        5273.53      4.13569e+6 
        5278.53       4.1376e+6 
        5283.53      4.13958e+6 
        5288.53      4.14156e+6 
        5293.52      4.14348e+6 
        5298.52      4.14536e+6 
        5303.52      4.14722e+6 
        5308.52      4.14901e+6 
        5313.52      4.15077e+6 
        5318.52      4.15249e+6 
        5323.52      4.15419e+6 
        5328.52      4.15582e+6 
        5333.52      4.15746e+6 
        5338.51      4.15903e+6 
        5343.51      4.16057e+6 
        5348.51      4.16208e+6 
        5353.51      4.16355e+6 
        5358.51        4.165e+6 
        5363.51      4.16651e+6 
        5368.51      4.16789e+6 
         5373.5       4.1688e+6 
         5378.5      4.16918e+6 
         5383.5      4.16952e+6 
         5388.5      4.16987e+6 
         5393.5      4.17018e+6 
         5398.5      4.17046e+6 
         5403.5      4.17075e+6 
        5408.49        4.171e+6 
        5413.49      4.17125e+6 
        5418.49       4.1715e+6 
        5423.49      4.17172e+6 
        5428.49      4.17191e+6 
        5433.49       4.1721e+6 
        5438.49      4.17225e+6 
        5443.48      4.17241e+6 
        5448.48      4.17254e+6 
        5453.48      4.17263e+6 
        5458.48      4.17276e+6 
        5463.48      4.17282e+6 
        5468.48      4.17288e+6 
        5473.48      4.17357e+6 
        5478.48      4.17423e+6 
        5483.48      4.17486e+6 
        5488.47      4.17549e+6 
        5493.47      4.17609e+6 
        5498.47      4.17665e+6 
        5503.47      4.17719e+6 
        5508.47      4.17772e+6 
        5513.47      4.17826e+6 
        5518.47      4.17873e+6 
        5523.46       4.1792e+6 
        5528.46      4.17964e+6 
        5533.46      4.18008e+6 
        5538.46      4.18045e+6 
        5543.46      4.18086e+6 
        5548.46      4.18121e+6 
        5553.46      4.18155e+6 
        5558.45       4.1819e+6 
        5563.45      4.18218e+6 
        5568.45      4.18247e+6 
        5573.45      4.18272e+6 
        5578.45      4.18294e+6 
        5583.45      4.18316e+6 
        5588.45      4.18334e+6 
        5593.44       4.1835e+6 
        5598.44      4.18366e+6 
        5603.44      4.18378e+6 
        5608.44      4.18391e+6 
        5613.44        4.184e+6 
        5618.44      4.18407e+6 
        5623.44      4.18413e+6 
        5628.44      4.18416e+6 
        5633.43      4.18419e+6 
        5638.43      4.18419e+6 
        5643.43      4.18419e+6 
        5648.43      4.18416e+6 
        5653.43       4.1841e+6 
        5658.43      4.18404e+6 
        5663.43      4.18394e+6 
        5668.43      4.18388e+6 
        5673.42      4.18375e+6 
        5673.98      4.18372e+6 
        5678.42       4.1836e+6 
        5682.86      4.18344e+6 
         5686.2      4.18331e+6 
        5687.31      4.18328e+6 
        5687.86      4.18325e+6 
        5688.42      4.18325e+6 
        5690.64      4.18316e+6 
        5693.42      4.18303e+6 
        5698.42      4.18281e+6 
        5703.41      4.18259e+6 
        5704.77      4.18253e+6 
        5708.41      4.18234e+6 
        5708.88      4.18231e+6 
        5712.06      4.18215e+6 
        5713.41      4.18209e+6 
        5715.23      4.18196e+6 
        5718.41      4.18181e+6 
        5723.41      4.18149e+6 
        5728.41      4.18118e+6 
        5733.41      4.18086e+6 
        5738.41      4.18052e+6 
         5743.4      4.18014e+6 
         5748.4      4.17976e+6 
         5753.4      4.17939e+6 
         5758.4      4.17898e+6 
         5763.4       4.1775e+6 
         5768.4      4.17703e+6 
         5773.4      4.17656e+6 
         5778.4      4.17609e+6 
        5783.39      4.17559e+6 
        5788.39      4.17508e+6 
        5793.39      4.17455e+6 
        5798.39      4.17401e+6 
        5803.39      4.17345e+6 
        5808.39      4.17288e+6 
        5813.39      4.17229e+6 
        5818.39      4.17169e+6 
        5823.38      4.17106e+6 
        5828.38      4.17043e+6 
        5833.38      4.16977e+6 
        5838.38      4.16911e+6 
        5843.38      4.16845e+6 
        5848.38      4.16776e+6 
        5853.38      4.16704e+6 
        5858.37      4.16635e+6 
        5863.37      4.16563e+6 
        5868.37      4.16487e+6 
        5873.37      4.16412e+6 
        5878.37      4.16336e+6 
        5883.37      4.16258e+6 
        5888.37      4.16179e+6 
        5893.36      4.16098e+6 
        5898.36      4.16016e+6 
        5903.36      4.15934e+6 
        5908.36      4.15849e+6 
        5913.36      4.15762e+6 
        5918.36      4.15674e+6 
        5923.36      4.15586e+6 
        5928.35      4.15494e+6 
        5933.35      4.15403e+6 
        5938.35      4.15312e+6 
        5943.35      4.15218e+6 
        5948.35      4.15121e+6 
        5953.35      4.15023e+6 
        5958.35      4.14923e+6 
        5963.35      4.14822e+6 
        5968.34      4.14719e+6 
        5973.34      4.14615e+6 
        5978.34      4.14508e+6 
        5983.34      4.14401e+6 
        5988.34      4.14294e+6 
        5993.34      4.14184e+6 
        5998.34      4.14074e+6 
        6003.34      4.13965e+6 
        6008.33      4.13851e+6 
        6013.33      4.13735e+6 
        6018.33      4.13622e+6 
        6023.33      4.13506e+6 
        6028.33      4.13386e+6 
        6033.33      4.13267e+6 
        6038.32      4.13148e+6 
        6043.32      4.13028e+6 
        6048.32      4.12906e+6 
        6053.32       4.1278e+6 
        6058.32      4.12658e+6 
        6063.32      4.12529e+6 
        6068.32      4.12403e+6 
        6073.32      4.12274e+6 
        6078.31      4.12146e+6 
        6083.31      4.12014e+6 
        6088.31      4.11882e+6 
        6093.31       4.1175e+6 
        6098.31      4.11615e+6 
        6103.31       4.1148e+6 
        6108.31      4.11344e+6 
        6113.31      4.11206e+6 
         6118.3      4.11068e+6 
         6123.3      4.10927e+6 
         6128.3      4.10788e+6 
         6133.3      4.10644e+6 
         6138.3      4.10502e+6 
         6143.3      4.10358e+6 
         6148.3      4.10213e+6 
        6153.29      4.10066e+6 
        6158.29      4.09918e+6 
        6163.29      4.09767e+6 
        6168.29      4.09617e+6 
        6173.29      4.09466e+6 
        6178.29      4.09315e+6 
        6183.29      4.09161e+6 
        6188.28      4.09004e+6 
        6193.28       4.0885e+6 
        6198.28      4.08693e+6 
        6203.28      4.08536e+6 
        6208.28      4.08376e+6 
        6213.28      4.08215e+6 
        6218.28      4.08055e+6 
        6223.28      4.07892e+6 
        6228.27      4.07728e+6 
        6233.27      4.07565e+6 
        6238.27      4.07399e+6 
        6243.27      4.07232e+6 
        6244.38      4.07194e+6 
        6248.27      4.07066e+6 
        6252.16      4.06934e+6 
        6253.82      4.06877e+6 
        6256.04      4.06802e+6 
        6258.27      4.06726e+6 
        6262.16      4.06594e+6 
        6262.71      4.06575e+6 
        6263.27      4.06557e+6 
        6264.37      4.06519e+6 
        6264.91        4.065e+6 
        6266.59       4.0644e+6 
        6268.26      4.06384e+6 
        6269.97      4.06324e+6 
        6271.61      4.06268e+6 
        6273.26      4.06211e+6 
        6274.85      4.06155e+6 
        6276.56      4.06095e+6 
        6278.26      4.06038e+6 
        6280.08      4.05972e+6 
        6281.67      4.05919e+6 
        6283.26      4.05862e+6 
        6284.63      4.05812e+6 
        6286.44      4.05749e+6 
        6288.26      4.05686e+6 
        6290.52      4.05605e+6 
        6291.89      4.05558e+6 
        6293.26      4.05507e+6 
        6293.73      4.05492e+6 
        6295.99       4.0541e+6 
        6298.26      4.05328e+6 
        6302.31      4.05184e+6 
        6302.78      4.05168e+6 
        6303.25      4.05149e+6 
        6303.92      4.05127e+6 
         6304.2      4.05115e+6 
        6306.09      4.05049e+6 
        6308.25       4.0497e+6 
        6311.92      4.04835e+6 
        6312.59      4.04813e+6 
        6313.25      4.04788e+6 
        6314.58      4.04738e+6 
        6316.22      4.04678e+6 
        6317.23      4.04643e+6 
        6317.31       4.0464e+6 
        6318.25      4.04606e+6 
        6320.28       4.0453e+6 
        6323.25       4.0442e+6 
        6328.25      4.04235e+6 
        6333.25       4.0405e+6 
        6338.24      4.03861e+6 
        6343.24      4.03673e+6 
        6348.24      4.03484e+6 
        6353.24      4.03293e+6 
        6358.24      4.03101e+6 
        6363.24      4.02906e+6 
        6368.24      4.02711e+6 
        6373.23      4.02517e+6 
        6378.23      4.02322e+6 
        6383.23      4.02124e+6 
        6388.23      4.01923e+6 
        6393.23      4.01722e+6 
        6398.23      4.01521e+6 
        6403.23       4.0132e+6 
        6408.23      4.01115e+6 
        6413.22      4.00911e+6 
        6418.22      4.00704e+6 
        6423.22      4.00497e+6 
        6428.22      4.00286e+6 
        6433.22      4.00079e+6 
        6438.22      3.99865e+6 
        6443.22      3.99655e+6 
        6448.22      3.99441e+6 
        6453.21      3.99227e+6 
        6458.21      3.99011e+6 
        6463.21      3.98794e+6 
        6468.21      3.98577e+6 
        6473.21      3.98357e+6 
        6478.21      3.98137e+6 
         6483.2      3.97917e+6 
         6488.2      3.97694e+6 
         6493.2      3.97471e+6 
         6498.2      3.97248e+6 
         6503.2      3.97025e+6 
         6508.2      3.96802e+6 
         6513.2      3.96576e+6 
         6518.2       3.9635e+6 
        6523.19      3.96123e+6 
        6523.72      3.96101e+6 
        6528.19      3.95897e+6 
        6532.67      3.95696e+6 
         6536.1      3.95539e+6 
        6537.14      3.95492e+6 
        6537.38      3.95479e+6 
        6538.19      3.95445e+6 
        6540.29      3.95347e+6 
        6543.19      3.95215e+6 
        6546.46      3.95065e+6 
        6546.72      3.95052e+6 
        6548.19      3.94986e+6 
        6549.92      3.94908e+6 
        6553.11      3.94757e+6 
        6554.43      3.94697e+6 
        6556.31      3.94606e+6 
        6556.87      3.94578e+6 
         6557.9      3.94527e+6 
        6558.19      3.94515e+6 
         6559.5      3.94446e+6 
         6560.3      3.94402e+6 
         6561.1      3.94352e+6 
         6561.5       3.9432e+6 
         6561.9      3.94286e+6 
        6562.09      3.94264e+6 
        6562.29      3.94235e+6 
        6562.39       3.9422e+6 
        6562.49      3.94198e+6 
        6562.59      3.94172e+6 
        6562.69      3.94154e+6 
        6562.79      3.94144e+6 
        6562.89      3.94147e+6 
        6562.99      3.94157e+6 
        6563.09      3.94172e+6 
        6563.29      3.94194e+6 
        6563.64       3.9421e+6 
        6563.69      3.94213e+6 
        6563.69      3.94213e+6 
        6563.69      3.94213e+6 
        6563.74      3.94213e+6 
        6563.84      3.94213e+6 
        6564.04      3.94216e+6 
        6564.29      3.94213e+6 
        6564.39      3.94213e+6 
        6564.44      3.94213e+6 
        6564.49       3.9421e+6 
        6564.69      3.94207e+6 
        6565.08      3.94201e+6 
        6565.64      3.94188e+6 
        6565.86      3.94182e+6 
        6566.09      3.94176e+6 
        6566.54      3.94163e+6 
        6566.69       3.9416e+6 
        6567.09      3.94147e+6 
        6567.44      3.94135e+6 
        6568.18      3.94113e+6 
        6569.28      3.94075e+6 
        6570.48      3.94034e+6 
        6571.48         3.94e+6 
        6572.47      3.93965e+6 
        6573.27      3.93937e+6 
        6574.47      3.93896e+6 
        6575.67      3.93852e+6 
        6577.95      3.93774e+6 
        6578.06      3.93767e+6 
        6578.18      3.93764e+6 
        6578.41      3.93755e+6 
        6578.87      3.93739e+6 
        6579.79      3.93708e+6 
        6580.08      3.93695e+6 
        6581.63      3.93638e+6 
        6583.18      3.93585e+6 
        6584.38      3.93541e+6 
        6586.28      3.93472e+6 
        6587.91      3.93412e+6 
        6588.18      3.93403e+6 
        6588.44      3.93393e+6 
        6588.98      3.93375e+6 
        6590.04      3.93334e+6 
        6591.02      3.93299e+6 
        6592.17      3.93258e+6 
        6593.01      3.93227e+6 
        6593.31      3.93217e+6 
        6595.59      3.93133e+6 
        6598.17      3.93038e+6 
        6603.34       3.9285e+6 
        6613.66       3.9247e+6 
         6634.3      3.91706e+6 
        6639.69      3.91502e+6 
        6675.58      3.90126e+6 
        6711.48      3.88694e+6 
        6741.75      3.87449e+6 
        6783.26      3.85681e+6 
        6824.78      3.83852e+6 
        6907.81       3.8007e+6 
        6990.84      3.76121e+6 
         7038.6      3.73787e+6 
        7073.87      3.72037e+6 
        7109.15      3.70268e+6 
        7179.69      3.66712e+6 
        7250.24      3.63093e+6 
        7320.78      3.59417e+6 
        7389.14      3.55867e+6 
        7391.33      3.55751e+6 
        7393.51      3.55635e+6 
        7397.89      3.55402e+6 
        7406.65       3.5494e+6 
        7424.15      3.54014e+6 
        7459.17      3.52157e+6 
         7529.2      3.48415e+6 
        7599.23      3.44645e+6 
        7660.63      3.41318e+6 
        7669.25       3.4085e+6 
        7677.88      3.40382e+6 
        7695.14      3.39455e+6 
        7729.65      3.37599e+6 
        7798.67      3.33866e+6 
        7867.69      3.30125e+6 
        7911.17      3.27759e+6 
        7936.71      3.26371e+6 
        7962.25      3.24982e+6 
        8013.32      3.22221e+6 
        8046.24      3.20439e+6 
         8064.4      3.19459e+6 
        8082.55      3.18476e+6 
        8118.86      3.16522e+6 
        8180.09      3.13225e+6 
        8191.47      3.12613e+6 
        8200.85      3.12109e+6 
        8202.85      3.12001e+6 
        8204.85      3.11894e+6 
        8208.85       3.1168e+6 
        8216.85      3.11252e+6 
        8232.84      3.10396e+6 
        8264.83      3.08686e+6 
        8289.72      3.07357e+6 
        8328.82      3.05271e+6 
        8343.44      3.04491e+6 
        8367.92      3.03188e+6 
        8371.47         3.03e+6 
        8388.68      3.02089e+6 
        8392.39      3.01893e+6 
        8408.65      3.01033e+6 
        8413.32      3.00786e+6 
        8432.02      2.99798e+6 
        8437.95      2.99486e+6 
        8467.25       2.9794e+6 
        8473.98      2.97586e+6 
        8502.48      2.96085e+6 
        8516.58      2.95344e+6 
        8530.98      2.94587e+6 
        8545.38      2.93837e+6 
        8549.97      2.93598e+6 
        8574.18      2.92339e+6 
        8598.39      2.91081e+6 
         8628.6      2.89515e+6 
        8646.81      2.88572e+6 
        8652.39      2.88283e+6 
        8665.01       2.8763e+6 
        8685.59      2.86568e+6 
        8701.43      2.85751e+6 
        8750.47      2.83229e+6 
        8767.92      2.82334e+6 
        8815.35      2.79908e+6 
        8862.78      2.77514e+6 
        8900.38      2.75623e+6 
        8957.65      2.72756e+6 
        9014.91      2.69905e+6 
        9044.62      2.68432e+6 
        9072.17      2.67071e+6 
        9099.72      2.65713e+6 
        9154.81      2.63036e+6 
         9190.8      2.61295e+6 
         9209.9      2.60374e+6 
        9229.01      2.59455e+6 
        9267.22      2.57623e+6 
         9303.2      2.55905e+6 
        9343.64      2.53983e+6 
        9384.08       2.5207e+6 
        9464.96      2.48309e+6 
        9545.72      2.44591e+6 
        9545.84      2.44585e+6 
        9545.97       2.4458e+6 
        9546.21      2.44569e+6 
        9546.69      2.44547e+6 
        9546.87      2.44538e+6 
        9547.66      2.44502e+6 
        9549.59      2.44414e+6 
        9553.47      2.44237e+6 
        9561.21      2.43882e+6 
        9576.69      2.43176e+6 
        9607.66      2.41766e+6 
        9668.45      2.39016e+6 
        9729.24      2.36314e+6 
        9790.04      2.33635e+6 
        9850.83      2.30979e+6 
        9870.42      2.30127e+6 
        9911.62      2.28345e+6 
        9952.82      2.26574e+6 
        10021.1      2.23691e+6 
        10035.2      2.23096e+6 
        10049.4      2.22503e+6 
        10077.7      2.21321e+6 
        10134.2      2.18972e+6 
        10144.5       2.1855e+6 
        10190.8      2.16644e+6 
        10237.2      2.14752e+6 
        10329.9      2.11094e+6 
        10422.6      2.07486e+6 
        10515.3       2.0393e+6 
          10608      2.00425e+6 
        10700.7      1.96973e+6 
        10793.4      1.93573e+6 
        10834.1      1.92096e+6 
        10886.1      1.90226e+6 
        10938.1      1.88372e+6 
        10990.1      1.86535e+6 
          11042      1.84714e+6 
          11094      1.82909e+6 
          11146      1.81122e+6 
          11198       1.7935e+6 
          11239      1.77964e+6 
          11250      1.77595e+6 
        11260.9      1.77228e+6 
        11282.8      1.76523e+6 
        11326.6      1.75121e+6 
        11414.2      1.72346e+6 
        11501.8      1.69612e+6 
        11589.4      1.66918e+6 
          11677      1.64264e+6 
        11764.6      1.61651e+6 
        11852.2      1.59077e+6 
        11939.8      1.56543e+6 
        12027.4      1.54048e+6 
          12115      1.51593e+6 
        12120.6      1.51438e+6 
        12202.6      1.49177e+6 
        12284.6      1.46949e+6 
        12366.6      1.44856e+6 
        12448.7      1.42791e+6 
        12530.7      1.40754e+6 
        12612.7      1.38745e+6 
        12694.7      1.36765e+6 
        12735.4      1.35793e+6 
        12776.7      1.34811e+6 
        12818.1      1.33837e+6 
        12900.8       1.3191e+6 
        12983.5       1.3001e+6 
        13066.2      1.28138e+6 
        13148.9      1.26293e+6 
        13154.8      1.26162e+6 
        13231.6      1.24475e+6 
        13308.4      1.22811e+6 
        13385.1      1.21266e+6 
        13461.9       1.1974e+6 
        13538.7      1.18232e+6 
        13615.5      1.16742e+6 
        13692.3       1.1527e+6 
        13769.1      1.13816e+6 
        13845.9       1.1238e+6 
        13922.7      1.10962e+6 
        13999.5      1.09561e+6 
        14076.2      1.08178e+6 
          14153      1.06812e+6 
        14229.8      1.05464e+6 
        14281.2      1.04572e+6 
        14306.6      1.04133e+6 
        14332.1      1.03695e+6 
          14383      1.02859e+6 
        14410.1      1.02416e+6 
        14427.1       1.0214e+6 
        14433.9       1.0203e+6 
        14457.6      1.01644e+6 
        14505.2      1.00886e+6 
        14581.2          996821 
        14583.2          996507 
        14585.2          996196 
        14589.2          995590 
        14597.2          994383 
        14613.2          991970 
        14645.2          987164 
        14709.2          977607 
        14773.2          968126 
        14837.1          958726 
        14901.1          949405 
        14965.1          940162 
        15029.1          931002 
        15093.1          921919 
        15157.1          912919 
          15221          903996 
          15285          895156 
          15349          886394 
          15413          877714 
        15471.6          869832 
          15477          869109 
        15482.4          868386 
        15493.1          866929 
        15514.7          864017 
        15557.9          858223 
        15644.2          846747 
        15730.5          835412 
        15816.8          824222 
        15903.1          813173 
        15989.4          802269 
        16075.8          791509 
        16162.1          780893 
        16248.4          770416 
        16289.9          765430 
        16334.7          760080 
        16379.5          754768 
        16469.1          742283 
        16558.8          730046 
        16648.4          718052 
          16738          706293 
        16827.7          694766 
        16917.3          683469 
        17006.9          672392 
        17096.6          661531 
        17186.2          650881 
        17275.8          640439 
        17327.7          634492 
        17365.5          630200 
        17403.2          625943 
        17478.8          617527 
        17554.3          609249 
        17629.9          601106 
        17705.4          593092 
          17781          585210 
        17856.5          577453 
        17932.1          569819 
        18007.6          562241 
        18083.2          554849 
        18158.7          547576 
        18234.3          540417 
        18309.8          533370 
        18343.7          530241 
        18385.3          526437 
          18427          522667 
        18510.2          515224 
        18593.4          507911 
        18602.1          507154 
        18676.6          500726 
        18751.1          494392 
        18825.6          488163 
        18900.2          482030 
        18974.7          475989 
        19049.2          470042 
        19123.7          464183 
        19198.3          458415 
        19272.8          452735 
        19347.3          447140 
          19393          443750 
        19421.9          441629 
        19450.7          439521 
        19508.3          435343 
        19565.9          431253 
        19623.6          427169 
        19681.2          423129 
        19738.8          419136 
        19796.5          415190 
        19854.1          411291 
        19911.7          407433 
        19969.4          403622 
          20027          399852 
        20084.6          396130 
        20142.3          392445 
        20199.9          388804 
        20257.5          385203 
        20315.2          381644 
        20372.8          378125 
        20386.4          377296 
        20430.4          374647 
        20474.4          372018 
        20562.3          366831 
        20650.3          361732 
        20738.2          356718 
        20826.2          351789 
        20914.1          346945 
        21002.1          342182 
          21090          337501 
        21177.9          332896 
        21265.9          328366 
        21353.8          323914 
        21441.8          319535 
        21529.7          315231 
        21604.7          311614 
        21617.7          310994 
        21630.6          310376 
        21656.5          309145 
        21708.4          306700 
        21760.2          304279 
          21812          301882 
        21863.8          299508 
        21915.7          297156 
        21967.5          294827 
        22019.3          292521 
        22071.1          290237 
          22123          287974 
        22174.8          285734 
        22226.6          283514 
        22278.4          281316 
        22330.3          279138 
        22382.1          276982 
        22433.9          274845 
        22485.8          272730 
        22537.6          270633 
        22589.4          268557 
        22641.2          266500 
        22693.1          264463 
        22702.9          264077 
        22744.9          262445 
        22784.8          260902 
        22786.8          260825 
        22788.8          260748 
        22792.8          260594 
        22800.8          260287 
        22816.8          259675 
        22848.8          258455 
        22912.8          256036 
        22976.8          253645 
        23040.8          251282 
        23104.8          248945 
        23168.7          246636 
        23232.7          244352 
        23296.7          242095 
        23360.7          239863 
        23424.7          237657 
        23488.6          235475 
        23552.6          233318 
        23616.6          231186 
        23680.6          229077 
        23744.6          226992 
        23808.6          224930 
        23872.5          222892 
        23936.5          220875 
        24000.5          218882 
        24064.5          216910 
        24128.5          214961 
        24192.5          213033 
        24256.4          211126 
        24320.4          209240 
        24384.4          207375 
        24448.4          205531 
        24512.4          203706 
        24576.3          201902 
        24640.3          200117 
        24704.3          198351 
        24768.3          196605 
        24832.3          194878 
        24896.3          193169 
        24960.2          191479 
        25004.4          190322 
        25024.2          189807 
          25044          189293 
        25083.6          188272 
        25162.8          186249 
        25241.9          184253 
        25321.1          182284 
        25400.2          180340 
        25479.4          178422 
        25558.5          176529 
        25637.7          174661 
        25716.9          172817 
          25796          170997 
        25875.2          169201 
        25954.3          167428 
        26033.5          165678 
        26112.7          163950 
        26191.8          162245 
          26271          160561 
        26350.1          158899 
        26429.3          157258 
        26508.4          155639 
        26587.6          154039 
        26666.8          152460 
        26745.9          150901 
        26825.1          149362 
        26904.2          147841 
        26983.4          146340 
        27062.6          144858 
        27141.7          143395 
        27142.5          143379 
        27220.9          141949 
        27299.2          140536 
        27377.5          139142 
        27455.8          137764 
        27534.2          136404 
        27612.5          135060 
        27690.8          133732 
        27769.1          132420 
        27847.5          131124 
        27925.8          129844 
        28004.1          128579 
        28082.4          127330 
        28160.8          126095 
        28239.1          124875 
        28317.4          123670 
        28395.7          122479 
          28474          121303 
        28552.4          120140 
        28630.7          118991 
          28709          117855 
        28787.3          116733 
        28865.7          115624 
          28944          114528 
        29022.3          113445 
        29100.6          112375 
          29179          111317 
        29257.3          110271 
        29335.6          109238 
        29413.9          108217 
        29492.3          107207 
        29570.6          106209 
        29648.9          105222 
        29727.2          104247 
        29805.5          103283 
        29883.9          102330 
        29932.6          101743 
        29962.2          101388 
        29991.8          101035 
