# Koester WD models
# teff = 5750 K (value for the effective temperature for the model. Temperatures are given in K)
# logg = 9.25 log(cm/s2) (value for Log(G) for the model.)
#
# column 1: WAVELENGTH (ANGSTROM), Wavelength in Angstrom
# column 2: FLUX (ERG/CM2/S/A), Flux in erg/cm2/s/A
         899.23       0.0137338 
        899.395       0.0138063 
        899.724       0.0139524 
        900.385       0.0142489 
        900.439       0.0142736 
        901.704       0.0148594 
         902.97       0.0154673 
        904.235       0.0160982 
        904.291       0.0161267 
        905.501       0.0167528 
        905.529       0.0167675 
        906.766       0.0174318 
        908.003       0.0181203 
         908.45       0.0183749 
        909.241       0.0188339 
        910.032       0.0193035 
        911.193       0.0200126 
        911.613       0.0202752 
        912.034        0.020541 
        912.465       0.0208171 
        912.875       0.0210823 
        913.037       0.0211882 
        913.241       0.0213222 
        913.284       0.0213506 
        913.478       0.0214789 
        913.531       0.0215141 
        913.755       0.0216628 
        913.822       0.0217076 
         914.08       0.0218811 
        914.165       0.0219386 
        914.499       0.0221656 
        914.575       0.0222176 
        915.071       0.0225588 
         915.54       0.0228865 
        915.609       0.0229344 
        915.643       0.0229584 
        915.677       0.0229824 
        915.741       0.0230276 
        915.813       0.0230786 
        916.085       0.0232722 
        916.429       0.0235191 
        916.858       0.0238298 
        917.118       0.0240203 
        917.196       0.0240778 
        917.378       0.0242123 
        917.899       0.0246004 
        917.952       0.0246403 
        918.287       0.0248938 
        918.602       0.0251336 
        919.251       0.0256355 
        920.215       0.0263984 
        921.882       0.0277572 
        921.999       0.0278587 
        922.143       0.0279852 
        922.405       0.0282082 
         922.81       0.0285447 
        923.621       0.0292008 
        924.432       0.0299006 
        925.001       0.0304631 
        925.242       0.0307231 
        925.484       0.0309479 
        925.564       0.0310223 
        925.966       0.0313421 
        926.369       0.0316076 
        927.173       0.0322444 
        927.774       0.0327618 
        927.978       0.0329443 
        928.092       0.0330486 
        928.182       0.0331328 
        928.591       0.0335359 
        928.917       0.0339082 
         928.98       0.0339864 
        929.089       0.0341306 
        929.261       0.0343841 
        929.317       0.0344696 
        929.543       0.0348487 
        929.655       0.0350244 
        929.769       0.0351682 
        929.827       0.0352308 
        929.883       0.0352892 
         929.91       0.0353178 
        929.939       0.0353483 
        929.954        0.035364 
        929.968       0.0353787 
        929.982       0.0353932 
        929.996       0.0354079 
         930.01       0.0354227 
        930.024       0.0354375 
        930.038       0.0354522 
        930.052        0.035467 
        930.081       0.0354975 
        930.137       0.0355565 
        930.201       0.0356241 
        930.247       0.0356715 
        930.249       0.0356734 
        930.251       0.0356756 
        930.301       0.0357218 
        930.326       0.0357413 
        930.329       0.0357435 
        930.402       0.0357893 
        930.478       0.0358195 
         930.63       0.0358493 
        930.931       0.0359119 
        931.229       0.0360268 
         931.49       0.0361644 
        931.534       0.0361893 
        931.838       0.0363847 
        931.968       0.0364422 
        932.447       0.0367202 
        932.925       0.0370956 
        933.265       0.0374047 
        933.403       0.0375376 
        933.432       0.0375653 
        933.542       0.0376749 
        933.652       0.0377864 
        933.872        0.038013 
        933.973       0.0381201 
        934.073       0.0382285 
        934.312       0.0384974 
        934.652       0.0389099 
        934.941       0.0392957 
         935.23       0.0397295 
        935.473       0.0401382 
         935.52       0.0402237 
        935.809       0.0408156 
        936.144       0.0416613 
        936.358        0.042261 
        936.372       0.0423006 
        936.479       0.0425953 
        936.601       0.0428997 
        936.714       0.0431265 
        936.829       0.0432977 
        936.887       0.0433719 
        936.944       0.0434441 
        936.973       0.0434812 
        937.001       0.0435167 
        937.015       0.0435346 
        937.029       0.0435522 
        937.043       0.0435701 
        937.058       0.0435893 
        937.072       0.0436072 
        937.086       0.0436248 
        937.101       0.0436439 
        937.115       0.0436619 
        937.143       0.0436977 
          937.2       0.0437706 
        937.314       0.0439157 
        937.493       0.0440803 
        937.542       0.0440957 
        937.593        0.044102 
        937.694       0.0440828 
        937.788       0.0440445 
        937.894       0.0439845 
            938       0.0439311 
        938.212       0.0438324 
        938.359       0.0437938 
        938.636       0.0437957 
        938.914       0.0438771 
        939.111       0.0439682 
        939.191       0.0440143 
        939.271       0.0440637 
        939.431       0.0441717 
        939.752       0.0444309 
        940.044       0.0447045 
        940.392       0.0450652 
         940.74       0.0454488 
        941.437       0.0462568 
        942.134       0.0471606 
        942.613       0.0478169 
         942.83        0.048122 
        943.048       0.0484336 
        943.394       0.0489413 
        943.457       0.0490349 
        943.482        0.049072 
        944.351       0.0503908 
        944.382       0.0504395 
        945.308       0.0519374 
         945.77       0.0527486 
        946.233       0.0536336 
        946.696       0.0546486 
        947.158       0.0558428 
        947.621       0.0572907 
        948.083       0.0590019 
        948.314       0.0598728 
        948.546       0.0606073 
        948.661       0.0608743 
        948.777       0.0610895 
        948.835       0.0611907 
        948.893       0.0612918 
        948.922       0.0613424 
        948.951        0.061393 
        948.966       0.0614191 
         948.98       0.0614436 
        948.994       0.0614681 
        949.009       0.0614942 
        949.023       0.0615187 
        949.037       0.0615432 
        949.052       0.0615696 
        949.066       0.0615941 
        949.095       0.0616446 
        949.153       0.0617464 
         949.23       0.0618815 
        949.258       0.0619308 
        949.269         0.06195 
         949.28       0.0619692 
         949.33       0.0620546 
         949.36       0.0621021 
         949.43       0.0621995 
          949.5       0.0622733 
         949.64       0.0623383 
        949.781       0.0623251 
        949.795       0.0623188 
        949.879       0.0622865 
        949.921       0.0622601 
        949.963       0.0622368 
        950.047       0.0621991 
        950.131       0.0621523 
        950.467       0.0620276 
        950.888       0.0620741 
        951.308       0.0623408 
        951.728       0.0627894 
        952.149       0.0634027 
          952.4       0.0638224 
        952.569       0.0641315 
        952.738       0.0644479 
        953.076       0.0651236 
        953.753       0.0665402 
        954.198       0.0675336 
         954.43        0.068061 
        955.106       0.0696639 
         955.56       0.0707663 
        955.787       0.0713229 
        956.014       0.0718866 
        956.241       0.0726393 
        956.468       0.0733838 
        956.695       0.0741196 
        956.922        0.074845 
        957.149       0.0755603 
        957.376       0.0762719 
        957.602       0.0769718 
         957.83       0.0776655 
        958.284       0.0790318 
        959.094       0.0814213 
        959.192         0.08171 
        959.289       0.0820003 
        959.319       0.0820867 
        959.484       0.0825648 
        959.874       0.0836898 
         960.43       0.0852936 
        961.541        0.088618 
        963.294       0.0939619 
        963.763       0.0954124 
        964.231       0.0968748 
        965.168       0.0998844 
         966.05        0.102766 
        966.767        0.105144 
        967.041         0.10606 
        968.032         0.10938 
        968.668          0.1116 
        969.297        0.113652 
        969.611        0.114684 
        969.927        0.115515 
        970.084        0.115939 
        970.242        0.116177 
        970.399        0.116228 
        970.556        0.116016 
        970.713        0.115412 
        970.824        0.114755 
        970.867        0.114421 
         970.87        0.114392 
        970.874        0.114363 
        970.924        0.113931 
        971.024        0.112875 
        971.101        0.111937 
         971.11        0.111818 
        971.225        0.110331 
        971.229        0.110271 
        971.348        0.108977 
        971.467        0.108763 
        971.585        0.110735 
        971.644        0.112513 
        971.703        0.114396 
        971.732        0.115062 
        971.762         0.11541 
        971.778        0.115482 
        971.792        0.115527 
        971.806         0.11557 
        971.821        0.115617 
        971.827        0.115636 
        971.833        0.115655 
        971.836        0.115664 
        971.839        0.115673 
        971.851        0.115711 
        971.866        0.115758 
         971.88        0.115801 
         971.91        0.115885 
        971.969        0.115359 
        972.037        0.113625 
        972.087        0.112384 
        972.137        0.111498 
         972.15         0.11135 
        972.237        0.111024 
        972.324        0.111814 
        972.499        0.114902 
        972.548        0.115851 
        972.673        0.118228 
        972.798        0.120339 
        972.923        0.122148 
        973.048        0.123705 
        973.173        0.125037 
        973.298        0.126175 
        973.423        0.127209 
        973.601        0.128522 
        973.673         0.12901 
        973.746        0.129478 
         973.89        0.130373 
        974.178        0.132015 
        974.754        0.134924 
        975.022        0.136165 
        975.331        0.137564 
         975.64        0.138917 
        975.686        0.139118 
        976.259        0.141598 
        977.495         0.14696 
        979.305        0.154904 
        981.114        0.163145 
        981.924          0.1669 
        982.924        0.171617 
        983.923        0.176416 
        985.227        0.182776 
        985.923        0.186196 
        986.618        0.189664 
        986.706        0.190108 
        988.009        0.196801 
        989.312        0.203716 
        989.957        0.207219 
        991.918        0.218203 
         993.88        0.229664 
        995.841        0.241619 
        997.158        0.249956 
        997.574        0.252645 
        997.802         0.25413 
        997.806        0.254156 
        998.447        0.258366 
        999.319        0.264196 
        999.435        0.264975 
        1001.06         0.27618 
        1002.69         0.28786 
        1004.32        0.299982 
        1005.84         0.31164 
        1005.95         0.31255 
        1007.58        0.325579 
        1009.33        0.340055 
        1011.07         0.35506 
         1011.3        0.357095 
        1012.82        0.370626 
        1014.33        0.384581 
        1015.38        0.394512 
        1017.36        0.413751 
        1017.62        0.416437 
        1019.05        0.430637 
        1019.33        0.433455 
        1020.05         0.44041 
        1021.04        0.449788 
        1021.54        0.453882 
        1022.04        0.457165 
        1022.29        0.458405 
        1022.54        0.459087 
        1022.79        0.459383 
        1023.04        0.458343 
        1023.17        0.457419 
        1023.29        0.456351 
        1023.42        0.454337 
        1023.54        0.451827 
        1023.67        0.449028 
        1023.79        0.445927 
        1023.92        0.441966 
        1024.04        0.437536 
        1024.16        0.433012 
        1024.29        0.428526 
        1024.41        0.424545 
        1024.54          0.4219 
        1024.67        0.423132 
        1024.74        0.426955 
        1024.77        0.428944 
        1024.79        0.430932 
        1024.84        0.435956 
        1024.85         0.43714 
        1024.91         0.44353 
        1024.95        0.445839 
        1024.98        0.446989 
        1024.99        0.447231 
        1025.01        0.447413 
        1025.03        0.447586 
        1025.04        0.447746 
        1025.06        0.447919 
        1025.07        0.448092 
        1025.09        0.448252 
         1025.1        0.448425 
        1025.13        0.448755 
         1025.2        0.447972 
        1025.27        0.442459 
        1025.32        0.438255 
        1025.37        0.434762 
        1025.47        0.431278 
        1025.52        0.431262 
        1025.57         0.43211 
        1025.62        0.433785 
        1025.72        0.438412 
        1025.82        0.443791 
        1025.87        0.446822 
        1025.97        0.452575 
        1026.02        0.455446 
        1026.07        0.458336 
        1026.27        0.469608 
        1026.46        0.479577 
        1026.66        0.488392 
        1026.86        0.496582 
           1027        0.501175 
        1027.03        0.502312 
        1027.05        0.502881 
        1027.07        0.503443 
        1027.14        0.505661 
        1027.29        0.509912 
        1027.57        0.516921 
        1027.86         0.52333 
        1028.44        0.534149 
        1028.96        0.542795 
        1029.01        0.543533 
        1029.01        0.543627 
        1029.07         0.54446 
        1029.17        0.546119 
        1029.34        0.548648 
        1029.67        0.553549 
        1030.11        0.560099 
        1030.33        0.563291 
        1031.65        0.582492 
        1033.19        0.604618 
        1036.21        0.649625 
        1036.26        0.650241 
        1036.26        0.650319 
        1036.27        0.650395 
        1036.29         0.65075 
        1036.32        0.651164 
        1036.41        0.652707 
        1036.62        0.655795 
        1037.02           0.662 
        1037.82        0.674534 
        1039.34        0.698967 
        1040.45        0.717094 
         1042.4        0.749933 
        1043.24        0.764481 
        1044.35        0.784107 
        1046.29        0.819664 
        1049.35         0.87837 
        1050.46         0.90066 
         1052.4        0.941042 
        1053.24        0.958927 
        1054.35        0.983045 
         1056.3         1.02673 
        1059.36         1.09883 
        1060.46         1.12599 
        1062.41         1.17518 
        1063.25         1.19696 
        1064.36          1.2263 
         1066.3         1.27939 
        1069.36         1.36689 
        1070.47         1.40013 
        1072.41         1.46028 
        1074.36         1.52274 
        1076.31         1.58761 
        1077.15         1.61631 
        1078.26         1.65498 
        1079.36         1.69449 
        1080.72         1.74369 
        1081.58         1.77559 
        1082.42         1.80735 
        1082.44         1.80799 
        1084.16         1.87435 
         1085.9         1.94357 
        1087.64         2.01476 
        1089.37         2.08824 
         1091.1          2.1646 
        1091.29         2.17327 
        1092.83         2.24347 
        1094.37          2.3157 
        1095.52         2.37116 
        1097.45         2.46646 
        1099.37         2.56519 
         1101.3         2.66683 
        1102.07         2.70862 
        1103.22         2.77207 
        1103.98         2.81467 
        1104.37         2.83686 
        1106.68         2.97054 
        1109.38         3.13411 
        1109.77          3.1589 
        1112.07         3.30819 
        1114.38         3.46383 
        1116.68         3.62599 
         1118.6          3.7657 
        1118.68         3.77224 
        1118.99         3.79495 
        1119.38         3.82439 
        1120.08         3.87717 
        1121.47         3.98467 
        1123.78         4.16886 
        1124.25         4.20757 
        1124.73         4.24633 
        1125.68         4.32484 
        1125.79         4.33383 
        1127.08         4.44196 
        1127.59         4.48575 
        1127.85         4.50797 
        1129.38         4.64239 
        1131.69         4.85074 
        1135.54          5.2158 
        1139.39         5.60287 
        1142.08         5.88697 
        1143.23         6.01216 
           1144         6.09679 
        1144.39          6.1393 
         1146.7         6.39873 
        1149.39         6.70853 
        1154.39         7.29534 
        1159.39          7.8794 
        1161.89         8.16267 
        1164.39         8.43728 
        1166.89         8.70004 
        1169.39         8.94867 
         1171.9         9.18988 
        1173.15         9.31683 
         1174.4         9.45475 
        1175.65         9.60872 
         1176.9         9.78301 
        1177.86         9.93086 
        1178.15         9.97698 
         1179.4         10.1871 
        1180.94         10.4635 
        1182.47         10.7571 
        1182.86         10.8319 
        1184.01         11.0627 
        1185.17         11.2976 
        1185.56         11.3773 
        1187.48         11.7783 
         1189.4         12.1891 
        1192.09         12.7853 
        1193.24         13.0522 
        1194.03         13.2374 
         1194.4         13.3246 
        1196.72         13.8845 
         1196.9         13.9295 
         1199.4         14.5553 
         1201.9         15.2142 
         1204.4         15.9374 
         1206.9         16.7347 
        1208.48         17.2803 
         1209.4         17.6139 
        1210.33         17.9566 
        1211.64         18.4612 
        1212.16         18.6606 
        1212.69         18.8501 
        1213.61         19.1532 
        1213.74         19.1948 
        1213.81         19.2147 
        1213.88         19.2363 
        1214.14         19.3195 
        1214.17         19.3304 
        1214.47         19.4248 
        1214.62         19.4723 
        1214.76         19.5198 
        1214.84         19.5435 
        1214.91         19.5673 
        1214.95         19.5793 
        1214.98         19.5912 
           1215         19.5973 
        1215.02         19.6031 
        1215.04         19.6089 
        1215.06          19.615 
        1215.08         19.6208 
         1215.1         19.6267 
        1215.11         19.6328 
        1215.13         19.6386 
        1215.17         19.6506 
        1215.24         19.6745 
        1215.39         19.7224 
        1215.64         19.8023 
        1215.69         19.8186 
        1215.74         19.8349 
         1215.8         19.8538 
        1215.84         19.8675 
        1216.04         19.9329 
        1216.06         19.9417 
        1216.28         20.0122 
        1216.76         20.1716 
        1217.46         20.3962 
        1218.32          20.636 
        1218.86          20.765 
        1218.98         20.7935 
        1219.41         20.8819 
        1219.83         20.9642 
         1220.1         21.0198 
        1220.67         21.1301 
        1221.23         21.2422 
        1222.36         21.4914 
        1223.49         21.7678 
        1224.57         22.0631 
        1224.62         22.0773 
        1224.67         22.0915 
        1224.77         22.1203 
        1224.97         22.1791 
        1225.37         22.2982 
        1226.13         22.5334 
        1226.17         22.5456 
        1227.77         23.0712 
        1228.64         23.3745 
        1229.41         23.6502 
        1230.18         23.9337 
        1231.72         24.5191 
        1234.74         25.7216 
        1234.79         25.7404 
        1234.79         25.7412 
        1234.79          25.742 
        1234.84         25.7624 
        1234.94         25.8033 
        1235.14         25.8853 
        1235.55         26.0501 
        1236.35         26.3833 
        1236.48         26.4399 
        1237.94         27.0627 
        1239.41         27.6997 
        1240.27         28.0805 
        1242.34          29.016 
        1244.41         29.9793 
        1247.69         31.5595 
        1247.85         31.6384 
        1248.55         31.9855 
        1249.41         32.4156 
        1251.13         33.2918 
        1251.91         33.6961 
        1254.41         35.0237 
        1256.91         36.4051 
        1259.41         37.8499 
        1261.91         39.3598 
        1264.41         40.9507 
        1266.91         42.6503 
        1269.41         44.4394 
        1271.91         46.3322 
        1274.41         48.2992 
        1276.91         50.3362 
        1279.42         52.4561 
        1284.42         56.8135 
        1289.42         61.4163 
        1294.42         66.1965 
        1296.92         68.7022 
        1299.42          71.284 
        1301.92         73.9804 
        1304.42         76.7727 
        1309.42         82.5739 
        1314.42         88.5891 
        1319.42         95.0011 
        1321.92         98.3752 
        1324.42         101.872 
        1326.92         105.536 
        1329.42          109.31 
        1334.42         117.011 
        1339.42         125.067 
        1341.92         129.235 
        1344.42         133.529 
        1346.92         138.053 
        1349.42         142.726 
        1354.42          152.54 
        1359.42         162.966 
        1364.42         173.649 
        1365.19         175.327 
        1369.42          184.81 
        1373.65         194.753 
        1376.35         201.388 
        1377.88         205.268 
        1379.42          209.25 
        1380.57         212.276 
         1382.5         217.415 
        1384.42         222.693 
        1387.12         230.283 
        1388.27         233.594 
        1389.03           235.8 
        1389.42         236.946 
        1391.73         243.778 
        1394.42         251.924 
        1399.42         267.417 
        1404.42         283.582 
        1409.42         300.614 
        1414.42         318.749 
        1419.42         337.938 
        1424.42         358.028 
        1429.42         379.065 
        1434.42         400.745 
        1439.42         423.345 
        1444.42         447.005 
        1449.42         472.345 
        1454.42         499.284 
        1459.42         527.558 
        1464.42         557.447 
        1465.96         567.001 
        1469.42         588.716 
        1472.88         610.603 
        1473.27         612.984 
        1474.42         620.188 
        1476.35         632.346 
        1479.42         652.094 
        1484.42         685.354 
        1489.42         720.044 
        1494.42          755.61 
        1499.42          793.28 
        1504.42         834.256 
        1509.42         878.204 
        1514.42         924.678 
        1519.42         973.473 
        1524.42         1025.19 
        1529.42         1079.67 
        1534.42         1135.15 
        1539.42         1190.44 
        1544.42          1245.8 
        1549.42          1301.3 
        1554.42         1356.77 
        1559.42          1412.2 
        1564.42         1469.86 
        1566.72         1497.67 
        1569.42         1531.21 
        1570.19         1541.02 
        1572.11         1565.78 
        1574.41         1596.33 
         1574.8         1601.49 
        1579.41         1665.03 
        1584.41         1736.47 
        1589.41         1810.72 
        1594.41         1888.66 
        1599.41         1971.99 
        1604.41          2059.3 
        1609.41         2154.21 
        1614.41          2256.7 
        1619.41         2368.53 
        1624.41         2490.58 
        1629.41         2623.47 
        1634.41          2767.7 
        1639.41         2920.29 
        1644.41         3078.04 
        1649.41         3237.29 
        1654.41         3396.09 
        1659.41         3554.62 
        1664.41         3713.46 
        1665.56         3750.53 
         1669.4         3874.46 
        1670.17         3899.47 
        1673.25         4000.38 
         1674.4         4038.55 
        1676.33         4102.95 
         1679.4         4207.72 
         1684.4         4382.96 
         1689.4         4565.27 
         1694.4         4755.24 
         1699.4         4953.51 
         1704.4         5157.84 
         1709.4         5367.79 
         1714.4         5584.72 
         1719.4         5809.09 
         1724.4         6042.23 
         1729.4         6281.43 
         1734.4         6527.29 
         1739.4         6779.02 
         1744.4         7037.32 
        1749.39         7298.45 
        1754.39         7567.41 
        1759.39         7842.73 
        1764.39         8126.14 
        1767.08         8282.21 
        1767.85         8327.33 
        1769.39         8418.02 
         1771.7         8555.84 
        1774.39         8719.99 
        1775.55         8791.18 
        1779.39         9031.92 
        1784.39         9356.67 
        1789.39         9692.28 
        1794.39         10034.4 
        1799.39         10386.7 
        1809.39         11115.1 
        1819.38         11884.9 
           1824           12253 
        1829.38           12694 
        1834.77           13148 
        1845.54         14089.9 
         1856.3         15095.5 
           1864         15846.2 
        1867.07         16152.4 
        1870.14         16463.5 
        1876.29         17109.1 
        1882.44         17774.8 
        1888.59         18461.7 
        1900.88         19900.6 
        1906.98         20647.6 
        1913.17         21429.5 
        1919.37         22234.8 
        1925.56         23051.2 
        1931.76         23895.9 
        1937.95         24792.7 
        1944.14         25685.2 
        1944.47         25733.1 
        1956.53         27579.4 
        1968.59         29487.9 
        1980.65         31493.8 
        1992.71         33603.1 
        2004.77           35822 
        2015.84           37958 
        2016.83         38153.1 
        2017.81         38348.8 
        2019.79         38744.6 
        2023.73         39556.7 
        2031.63           41208 
        2047.42         44612.5 
        2059.38         47330.9 
         2063.2         48227.2 
        2067.03         49136.4 
        2074.69         51007.2 
        2089.99         54915.4 
        2094.36         56069.9 
         2105.3         59049.1 
        2116.25         62146.7 
         2127.2         65375.9 
        2132.72         67068.6 
        2138.15         68773.2 
         2149.1         72263.2 
        2165.47         77724.3 
        2181.85         83472.7 
        2198.22         89532.9 
         2214.5         95886.7 
         2214.6         95925.7 
         2214.7         95964.7 
        2214.74         95982.9 
        2214.89         96041.6 
        2215.28         96196.2 
        2216.05         96505.6 
         2217.6           97127 
        2220.71         98353.2 
        2226.91          100831 
        2227.03          100880 
        2239.33          105919 
        2251.62          111082 
        2263.91          116402 
        2276.21          122146 
         2288.5          128018 
        2300.79          134065 
        2312.95          140407 
        2313.04          140457 
        2313.09          140482 
        2313.13          140507 
        2313.32          140604 
         2313.7          140797 
        2314.45          141186 
        2315.95          141965 
        2318.95          143532 
        2324.96          146704 
        2336.98          153370 
           2349          160454 
        2359.67          166969 
        2361.01          167803 
        2362.35          168682 
        2365.04          170461 
         2370.4          174072 
        2381.12          181517 
        2386.49          185354 
        2391.85          189262 
        2395.88          192480 
        2397.22          193564 
        2402.58          197990 
        2409.27          203675 
        2415.97          209566 
        2422.67          215701 
        2429.36          222584 
        2436.06          229713 
        2442.71          237075 
        2449.45          244842 
        2451.59          247377 
        2456.19          252934 
        2460.79          259393 
        2465.39          265910 
        2474.59          279531 
        2483.79          294186 
        2492.99          309937 
        2494.35          312374 
        2502.18          326663 
        2510.01          341306 
        2517.84          355273 
        2521.76          361729 
        2525.67          368650 
        2529.59          376438 
         2533.5          384330 
        2537.41          392332 
        2541.33          400440 
        2545.24          408662 
        2546.91          412208 
        2553.07          425444 
        2559.23          439003 
        2565.39          454296 
        2571.55          469948 
        2583.87          502350 
        2596.19          536138 
        2608.51          571487 
        2620.82          608432 
        2633.14          647071 
        2633.25          647413 
        2645.46          687073 
        2651.56          707462 
        2657.67          728205 
        2663.78          745996 
        2669.88          763894 
        2682.09          800047 
        2706.51          873941 
        2730.94          949389 
        2754.61      1.02406e+6 
        2755.36      1.02645e+6 
        2756.11      1.02885e+6 
        2757.61      1.03386e+6 
        2760.61      1.04391e+6 
        2766.61      1.06412e+6 
         2778.6      1.10495e+6 
         2802.6      1.18824e+6 
        2826.59      1.27381e+6 
        2846.62      1.34717e+6 
        2850.59      1.36189e+6 
        2854.55      1.37667e+6 
        2862.47      1.40899e+6 
        2878.31       1.4752e+6 
        2894.16        1.543e+6 
           2910      1.61234e+6 
        2930.39      1.70392e+6 
        2941.69      1.75575e+6 
        2952.98      1.80837e+6 
        2975.57      1.90952e+6 
        2998.16      2.01304e+6 
        3035.25      2.18844e+6 
        3043.34      2.22757e+6 
        3051.42        2.267e+6 
        3059.51      2.31228e+6 
        3067.59       2.3581e+6 
        3082.33      2.44277e+6 
        3083.76      2.45105e+6 
        3116.09      2.64221e+6 
        3132.97      2.74475e+6 
        3149.86      2.84901e+6 
        3166.74      2.96597e+6 
        3183.62       3.0851e+6 
        3186.48      3.10545e+6 
        3217.39      3.32962e+6 
        3232.84      3.44416e+6 
        3240.57      3.50206e+6 
        3248.29      3.56034e+6 
        3256.02      3.60228e+6 
        3263.75      3.64434e+6 
        3271.47      3.68647e+6 
         3279.2      3.72869e+6 
        3286.93      3.77104e+6 
        3294.66      3.81345e+6 
        3302.38      3.85596e+6 
         3304.4      3.86708e+6 
        3310.11      3.89856e+6 
        3325.56      3.98398e+6 
        3332.95      4.02495e+6 
        3346.73      4.10144e+6 
        3389.06      4.34118e+6 
        3445.17       4.6609e+6 
        3458.94      4.73815e+6 
        3495.92      4.94556e+6 
        3501.27      4.97553e+6 
         3543.6      5.21231e+6 
        3591.28      5.47501e+6 
        3635.88      5.71789e+6 
        3638.96      5.73457e+6 
        3642.04      5.75156e+6 
        3643.12      5.75747e+6 
        3645.12       5.7685e+6 
        3645.28      5.76938e+6 
        3647.12      5.77953e+6 
        3648.96      5.78967e+6 
        3651.32      5.80265e+6 
        3652.64       5.8099e+6 
        3653.96      5.81716e+6 
        3654.24       5.8187e+6 
         3656.6      5.83164e+6 
        3658.96      5.84456e+6 
         3663.4      5.86881e+6 
        3663.68      5.87032e+6 
        3663.96      5.87186e+6 
        3664.52       5.8749e+6 
        3665.64        5.881e+6 
         3666.8      5.88731e+6 
        3667.88      5.89319e+6 
        3668.28      5.89536e+6 
        3668.95      5.89903e+6 
        3671.11      5.91075e+6 
        3673.95      5.92611e+6 
         3675.2      5.93287e+6 
        3678.95       5.9531e+6 
        3682.58      5.97261e+6 
         3682.7      5.97327e+6 
        3682.82       5.9739e+6 
        3683.06      5.97518e+6 
        3683.18      5.97581e+6 
        3683.54      5.97776e+6 
         3684.5      5.98291e+6 
        3684.82      5.98461e+6 
        3685.83      5.99001e+6 
        3686.83      5.99538e+6 
        3688.74      6.00559e+6 
        3688.85      6.00616e+6 
        3688.94      6.00663e+6 
        3688.95      6.00669e+6 
        3689.16      6.00782e+6 
        3689.38      6.00899e+6 
        3689.73      6.01087e+6 
        3689.82      6.01131e+6 
         3689.9      6.01178e+6 
        3690.07      6.01269e+6 
        3690.41      6.01448e+6 
        3690.62      6.01565e+6 
        3691.09      6.01813e+6 
        3691.47      6.02014e+6 
        3691.55      6.02058e+6 
         3691.7      6.02136e+6 
        3692.48      6.02554e+6 
         3693.5      6.03095e+6 
         3694.4      6.03572e+6 
         3695.3       6.0405e+6 
        3695.81      6.04323e+6 
         3696.2      6.04527e+6 
        3696.53      6.04703e+6 
        3696.59      6.04735e+6 
        3696.65      6.04766e+6 
        3696.67      6.04779e+6 
        3696.76      6.04826e+6 
        3696.77      6.04832e+6 
        3696.87      6.04885e+6 
        3696.93      6.04917e+6 
        3696.99      6.04945e+6 
        3697.04      6.04976e+6 
         3697.1      6.05005e+6 
        3697.15      6.05036e+6 
        3697.21      6.05064e+6 
        3697.26      6.05096e+6 
        3697.32      6.05124e+6 
        3697.35       6.0514e+6 
        3697.41      6.05168e+6 
        3697.43      6.05184e+6 
        3697.46        6.052e+6 
         3697.5      6.05218e+6 
        3697.53      6.05234e+6 
        3697.58      6.05262e+6 
        3697.66      6.05303e+6 
        3697.82      6.05388e+6 
        3698.11      6.05542e+6 
        3698.43      6.05712e+6 
        3698.69       6.0585e+6 
        3698.89      6.05954e+6 
        3698.95      6.05988e+6 
        3699.01       6.0602e+6 
        3699.13      6.06082e+6 
        3699.37      6.06214e+6 
        3699.53      6.06296e+6 
        3699.86      6.06472e+6 
        3699.88      6.06481e+6 
        3700.19      6.06645e+6 
         3700.2      6.06648e+6 
         3700.5      6.06811e+6 
        3700.81      6.06971e+6 
        3700.84       6.0699e+6 
        3701.09      6.07122e+6 
        3701.42      6.07295e+6 
        3701.99      6.07597e+6 
        3702.44      6.07835e+6 
        3702.89      6.08074e+6 
        3703.12      6.08193e+6 
        3703.35      6.08313e+6 
        3703.46      6.08369e+6 
        3703.57      6.08429e+6 
        3703.63      6.08461e+6 
        3703.68      6.08489e+6 
        3703.74       6.0852e+6 
         3703.8      6.08548e+6 
        3703.85       6.0858e+6 
        3703.91      6.08608e+6 
        3703.97       6.0864e+6 
        3704.02      6.08668e+6 
        3704.09      6.08702e+6 
        3704.13      6.08728e+6 
        3704.18      6.08753e+6 
        3704.21      6.08768e+6 
        3704.22      6.08775e+6 
        3704.28      6.08806e+6 
        3704.31      6.08822e+6 
        3704.36      6.08847e+6 
        3704.41      6.08872e+6 
        3704.49      6.08916e+6 
        3704.57      6.08954e+6 
        3704.59      6.08966e+6 
        3704.69       6.0902e+6 
        3704.81      6.09083e+6 
        3705.05      6.09211e+6 
        3705.37      6.09381e+6 
        3705.54      6.09469e+6 
        3705.71       6.0956e+6 
        3706.05      6.09736e+6 
        3706.07      6.09749e+6 
        3706.73      6.10094e+6 
        3707.27      6.10377e+6 
        3707.39      6.10443e+6 
        3707.51      6.10506e+6 
        3707.61      6.10559e+6 
        3707.76      6.10638e+6 
        3707.91      6.10716e+6 
        3708.12      6.10823e+6 
        3708.21       6.1087e+6 
         3708.3       6.1092e+6 
        3708.49      6.11018e+6 
        3708.76      6.11162e+6 
        3708.85      6.11209e+6 
        3708.87      6.11219e+6 
        3708.95      6.11257e+6 
        3709.13      6.11354e+6 
        3709.21      6.11395e+6 
        3709.49      6.11542e+6 
        3710.11      6.11866e+6 
         3710.9      6.12284e+6 
        3711.01       6.1234e+6 
        3711.12      6.12397e+6 
        3711.21      6.12447e+6 
        3711.32      6.12504e+6 
        3711.34      6.12513e+6 
        3711.46      6.12576e+6 
        3711.52      6.12604e+6 
        3711.58      6.12636e+6 
         3711.6      6.12651e+6 
        3711.69      6.12695e+6 
        3711.75      6.12724e+6 
         3711.8      6.12755e+6 
        3711.86      6.12783e+6 
        3711.91      6.12812e+6 
        3711.97      6.12843e+6 
        3712.03      6.12871e+6 
        3712.08      6.12903e+6 
        3712.14      6.12931e+6 
         3712.2      6.12966e+6 
        3712.25      6.12991e+6 
         3712.3      6.13016e+6 
        3712.33      6.13028e+6 
        3712.33      6.13032e+6 
         3712.4      6.13069e+6 
        3712.48       6.1311e+6 
        3712.63      6.13189e+6 
        3712.93      6.13346e+6 
        3713.23        6.135e+6 
        3713.53       6.1366e+6 
        3713.83      6.13817e+6 
        3714.24      6.14031e+6 
        3714.42      6.14125e+6 
        3714.44      6.14134e+6 
        3714.64      6.14238e+6 
        3715.03      6.14442e+6 
        3715.64      6.14759e+6 
        3716.76      6.15347e+6 
        3716.79      6.15359e+6 
        3716.86      6.15397e+6 
        3716.95      6.15444e+6 
        3717.14      6.15545e+6 
        3717.52      6.15743e+6 
        3718.19      6.16088e+6 
        3718.26      6.16126e+6 
        3718.33      6.16161e+6 
        3718.47      6.16233e+6 
        3718.56       6.1628e+6 
        3718.63      6.16318e+6 
        3718.73      6.16371e+6 
        3718.75       6.1638e+6 
        3718.94      6.16481e+6 
        3719.25      6.16641e+6 
        3719.47      6.16757e+6 
        3719.77      6.16911e+6 
        3720.07      6.17065e+6 
        3720.36      6.17197e+6 
        3720.52      6.17276e+6 
        3720.67      6.17342e+6 
        3720.98      6.17486e+6 
         3721.2      6.17584e+6 
        3721.43      6.17681e+6 
        3721.54      6.17731e+6 
        3721.66      6.17778e+6 
        3721.71      6.17804e+6 
        3721.77      6.17829e+6 
        3721.82      6.17854e+6 
        3721.88      6.17876e+6 
        3721.94      6.17901e+6 
        3721.99      6.17926e+6 
        3722.05      6.17951e+6 
        3722.11      6.17976e+6 
        3722.22      6.18024e+6 
         3722.4      6.18102e+6 
        3722.45      6.18124e+6 
         3722.5      6.18146e+6 
         3722.6       6.1819e+6 
         3722.7      6.18231e+6 
         3722.8      6.18275e+6 
         3722.9      6.18319e+6 
        3723.11       6.1841e+6 
        3723.23      6.18463e+6 
        3723.52      6.18589e+6 
        3723.81      6.18712e+6 
        3724.38      6.18963e+6 
        3725.45      6.19425e+6 
        3725.53      6.19459e+6 
        3725.62      6.19497e+6 
        3725.75      6.19553e+6 
        3725.78      6.19566e+6 
        3725.92      6.19626e+6 
        3725.93      6.19632e+6 
        3726.11      6.19711e+6 
        3726.48      6.19868e+6 
        3727.04       6.2011e+6 
        3727.37      6.20251e+6 
        3728.15       6.2059e+6 
        3728.64      6.20801e+6 
        3728.94       6.2093e+6 
        3729.01      6.20961e+6 
        3729.24      6.21058e+6 
        3729.84      6.21319e+6 
        3730.68      6.21677e+6 
        3732.19      6.22331e+6 
        3732.34      6.22393e+6 
        3732.49      6.22459e+6 
        3732.79      6.22588e+6 
        3733.35      6.22827e+6 
        3733.38      6.22843e+6 
        3733.39      6.22846e+6 
         3733.4      6.22849e+6 
        3733.45      6.22871e+6 
        3733.55      6.22915e+6 
        3733.65      6.22956e+6 
        3733.75         6.23e+6 
        3733.86      6.23044e+6 
           3734      6.23107e+6 
        3734.04      6.23125e+6 
        3734.06      6.23132e+6 
        3734.08      6.23141e+6 
        3734.13       6.2316e+6 
        3734.14      6.23166e+6 
        3734.16      6.23176e+6 
         3734.2      6.23188e+6 
        3734.25      6.23213e+6 
        3734.31      6.23235e+6 
        3734.37      6.23261e+6 
        3734.43      6.23286e+6 
        3734.48      6.23311e+6 
        3734.54      6.23336e+6 
        3734.65      6.23386e+6 
        3734.83      6.23462e+6 
        3734.88      6.23484e+6 
        3734.93      6.23506e+6 
        3735.03      6.23546e+6 
        3735.12      6.23587e+6 
        3735.17      6.23609e+6 
        3735.23      6.23634e+6 
        3735.33      6.23678e+6 
        3735.39      6.23704e+6 
        3735.49      6.23748e+6 
        3735.82      6.23886e+6 
           3736      6.23964e+6 
        3736.24      6.24068e+6 
        3736.49      6.24172e+6 
        3736.97      6.24379e+6 
        3737.83      6.24747e+6 
        3737.94      6.24797e+6 
        3738.06      6.24847e+6 
        3738.29      6.24948e+6 
        3738.59      6.25073e+6 
        3738.76      6.25146e+6 
        3738.94      6.25221e+6 
        3739.29      6.25372e+6 
         3739.5       6.2546e+6 
        3739.99       6.2567e+6 
        3740.48      6.25878e+6 
        3741.21      6.26192e+6 
        3741.45      6.26295e+6 
        3741.69      6.26399e+6 
        3742.09      6.26569e+6 
        3742.18      6.26603e+6 
        3742.26      6.26641e+6 
        3742.43       6.2671e+6 
        3742.67      6.26814e+6 
        3742.73      6.26842e+6 
        3742.76      6.26855e+6 
         3742.8      6.26867e+6 
        3742.86      6.26895e+6 
        3742.92      6.26921e+6 
        3743.17      6.27024e+6 
        3743.66      6.27238e+6 
        3744.62      6.27643e+6 
        3744.65      6.27659e+6 
        3746.45      6.28419e+6 
        3747.61      6.28912e+6 
        3748.27      6.29195e+6 
        3748.84      6.29437e+6 
         3748.9      6.29462e+6 
        3748.93      6.29475e+6 
        3748.96      6.29487e+6 
        3748.99      6.29497e+6 
        3749.08      6.29537e+6 
        3749.12      6.29553e+6 
        3749.18      6.29581e+6 
        3749.38      6.29663e+6 
        3749.41      6.29676e+6 
        3749.64      6.29773e+6 
        3749.75       6.2982e+6 
        3749.87      6.29867e+6 
        3749.92      6.29892e+6 
        3749.98      6.29914e+6 
        3750.04      6.29936e+6 
        3750.09      6.29958e+6 
        3750.15      6.29984e+6 
        3750.21      6.30009e+6 
        3750.27      6.30034e+6 
        3750.32      6.30059e+6 
        3750.44      6.30109e+6 
        3750.62      6.30185e+6 
        3750.66      6.30207e+6 
        3750.72      6.30229e+6 
        3750.82      6.30269e+6 
        3750.91       6.3031e+6 
        3751.02      6.30357e+6 
        3751.12      6.30401e+6 
        3751.33      6.30489e+6 
        3751.48      6.30552e+6 
        3751.76      6.30668e+6 
        3752.03      6.30788e+6 
        3752.59       6.3102e+6 
        3753.53      6.31419e+6 
         3753.7      6.31488e+6 
        3753.78      6.31526e+6 
        3753.86      6.31558e+6 
        3754.18      6.31696e+6 
        3754.27      6.31733e+6 
        3754.84      6.31969e+6 
        3755.89      6.32415e+6 
        3756.09      6.32497e+6 
        3757.47      6.33081e+6 
        3757.51      6.33097e+6 
        3757.55      6.33113e+6 
        3758.93      6.33694e+6 
        3760.39      6.34306e+6 
        3761.66      6.34837e+6 
        3762.72      6.35283e+6 
        3763.23      6.35497e+6 
        3764.81      6.36157e+6 
        3765.07      6.36267e+6 
         3766.9      6.37033e+6 
        3768.55      6.37718e+6 
        3768.74      6.37797e+6 
        3768.93      6.37875e+6 
        3768.97      6.37894e+6 
         3769.2      6.37988e+6 
        3769.31      6.38035e+6 
        3769.66      6.38177e+6 
        3769.89      6.38274e+6 
        3770.11      6.38368e+6 
        3770.23      6.38412e+6 
        3770.34       6.3846e+6 
         3770.4      6.38482e+6 
        3770.46      6.38504e+6 
        3770.51      6.38526e+6 
        3770.57      6.38548e+6 
        3770.63       6.3857e+6 
        3770.69      6.38595e+6 
        3770.74       6.3862e+6 
         3770.8      6.38648e+6 
        3770.87      6.38676e+6 
        3770.92      6.38698e+6 
        3770.97       6.3872e+6 
        3770.99       6.3873e+6 
           3771      6.38736e+6 
        3771.07      6.38761e+6 
        3771.15      6.38796e+6 
         3771.3      6.38862e+6 
         3771.6      6.38987e+6 
        3771.89      6.39107e+6 
        3771.95      6.39135e+6 
        3772.21      6.39239e+6 
        3772.52      6.39371e+6 
        3773.15      6.39635e+6 
        3774.36      6.40134e+6 
         3775.5      6.40605e+6 
        3776.76       6.4113e+6 
        3777.13      6.41281e+6 
        3778.03      6.41651e+6 
         3778.4      6.41805e+6 
        3778.93      6.42022e+6 
        3780.73      6.42764e+6 
        3781.84      6.43225e+6 
        3783.05      6.43722e+6 
        3783.16      6.43766e+6 
        3784.26      6.44221e+6 
        3785.37      6.44674e+6 
        3786.22      6.45026e+6 
         3787.4      6.45506e+6 
        3787.57      6.45578e+6 
        3788.92      6.46131e+6 
        3790.45      6.46753e+6 
        3792.84      6.47727e+6 
        3793.49      6.47994e+6 
        3794.14      6.48258e+6 
         3794.9      6.48566e+6 
        3795.07      6.48635e+6 
        3795.44      6.48786e+6 
        3795.99      6.49009e+6 
        3796.45      6.49194e+6 
        3796.92       6.4938e+6 
        3797.15      6.49474e+6 
        3797.38      6.49565e+6 
        3797.49      6.49609e+6 
        3797.61      6.49653e+6 
        3797.67      6.49672e+6 
        3797.72      6.49691e+6 
        3797.78       6.4971e+6 
        3797.84      6.49728e+6 
         3797.9       6.4975e+6 
        3797.96      6.49776e+6 
        3798.01      6.49804e+6 
        3798.07      6.49832e+6 
        3798.19      6.49886e+6 
        3798.37      6.49964e+6 
        3798.42      6.49986e+6 
        3798.47      6.50008e+6 
        3798.57      6.50049e+6 
        3798.66      6.50083e+6 
        3798.75      6.50124e+6 
        3798.77      6.50131e+6 
        3798.84      6.50159e+6 
        3798.88      6.50178e+6 
        3798.92      6.50193e+6 
        3799.05      6.50247e+6 
        3799.09      6.50263e+6 
        3799.43      6.50401e+6 
        3799.47       6.5042e+6 
         3799.8      6.50555e+6 
        3800.56      6.50863e+6 
        3801.65      6.51302e+6 
        3802.32      6.51573e+6 
        3803.83      6.52182e+6 
        3805.35      6.52795e+6 
        3807.84      6.53794e+6 
        3808.38       6.5401e+6 
        3808.92      6.54227e+6 
           3810      6.54661e+6 
        3811.59      6.55295e+6 
        3812.16      6.55528e+6 
        3812.74       6.5576e+6 
         3813.9      6.56219e+6 
        3815.78       6.5697e+6 
        3816.09      6.57096e+6 
        3816.21      6.57143e+6 
        3816.64      6.57315e+6 
        3817.44      6.57639e+6 
         3817.5      6.57667e+6 
        3818.92      6.58242e+6 
        3820.39      6.58855e+6 
        3822.57      6.59753e+6 
        3823.35      6.60074e+6 
        3823.51      6.60143e+6 
        3824.13      6.60394e+6 
        3825.68      6.61038e+6 
         3826.8      6.61497e+6 
        3827.86       6.6193e+6 
        3828.91      6.62361e+6 
        3830.45      6.62992e+6 
        3831.02      6.63225e+6 
        3831.59      6.63457e+6 
           3832      6.63624e+6 
        3832.53      6.63837e+6 
        3832.73      6.63919e+6 
        3833.46      6.64214e+6 
        3833.93      6.64403e+6 
        3834.39      6.64588e+6 
        3834.63      6.64679e+6 
        3834.86      6.64767e+6 
        3834.97      6.64811e+6 
        3835.09      6.64852e+6 
        3835.15      6.64871e+6 
        3835.21      6.64887e+6 
        3835.27      6.64902e+6 
        3835.33      6.64918e+6 
        3835.38      6.64937e+6 
        3835.44      6.64965e+6 
         3835.5      6.64997e+6 
        3835.56      6.65031e+6 
        3835.63      6.65066e+6 
        3835.68      6.65088e+6 
        3835.73      6.65113e+6 
        3835.74      6.65122e+6 
        3835.77      6.65135e+6 
        3835.83       6.6516e+6 
        3835.91      6.65198e+6 
        3836.07      6.65267e+6 
        3836.38      6.65396e+6 
        3836.65      6.65509e+6 
        3836.98      6.65647e+6 
        3837.03      6.65666e+6 
        3837.31      6.65782e+6 
        3837.97      6.66052e+6 
        3838.65      6.66329e+6 
        3838.91      6.66435e+6 
        3839.18      6.66545e+6 
         3839.7      6.66759e+6 
        3840.76       6.6718e+6 
        3842.75      6.67987e+6 
        3842.83      6.68019e+6 
        3842.87      6.68035e+6 
        3842.91       6.6805e+6 
        3843.07      6.68113e+6 
        3843.38      6.68239e+6 
           3844       6.6849e+6 
        3844.59      6.68729e+6 
        3845.25      6.68996e+6 
        3845.55      6.69115e+6 
        3845.91       6.6926e+6 
        3847.23      6.69791e+6 
        3847.44      6.69879e+6 
        3848.91      6.70466e+6 
        3850.38      6.71054e+6 
        3851.98      6.71694e+6 
        3853.31      6.72225e+6 
        3854.64      6.72759e+6 
         3855.7       6.7318e+6 
         3857.3      6.73818e+6 
        3858.91      6.74456e+6 
        3862.01      6.75684e+6 
        3862.11      6.75725e+6 
        3862.22      6.75766e+6 
        3862.43      6.75848e+6 
        3862.85      6.76014e+6 
        3863.68      6.76347e+6 
        3865.17      6.76932e+6 
        3865.36      6.77007e+6 
        3865.56      6.77085e+6 
        3865.95      6.77239e+6 
        3866.73      6.77544e+6 
        3867.68      6.77918e+6 
        3868.29      6.78157e+6 
         3868.9      6.78399e+6 
        3870.13      6.78879e+6 
        3871.32      6.79347e+6 
        3872.59      6.79841e+6 
        3873.85      6.80331e+6 
        3876.32      6.81295e+6 
        3876.37      6.81314e+6 
        3876.37      6.81314e+6 
        3876.37      6.81314e+6 
        3876.42      6.81336e+6 
        3876.52      6.81374e+6 
        3876.72      6.81452e+6 
        3876.95      6.81537e+6 
        3877.12      6.81606e+6 
        3877.92      6.81917e+6 
         3878.9      6.82294e+6 
        3880.29      6.82831e+6 
        3880.85      6.83051e+6 
        3881.42      6.83268e+6 
        3882.55      6.83702e+6 
         3884.4      6.84412e+6 
         3884.8      6.84566e+6 
        3884.92      6.84613e+6 
         3885.2       6.8472e+6 
        3886.01      6.85024e+6 
        3886.15      6.85078e+6 
         3887.1      6.85436e+6 
        3887.57      6.85609e+6 
        3888.04      6.85781e+6 
        3888.28      6.85863e+6 
        3888.52      6.85942e+6 
        3888.63      6.85976e+6 
        3888.75      6.86008e+6 
        3888.84      6.86026e+6 
        3888.87       6.8603e+6 
        3888.87       6.8603e+6 
         3888.9      6.86033e+6 
        3888.93      6.86033e+6 
        3888.99      6.86039e+6 
        3889.05      6.86055e+6 
        3889.11      6.86086e+6 
        3889.17      6.86124e+6 
        3889.22      6.86165e+6 
        3889.29      6.86209e+6 
        3889.34      6.86234e+6 
        3889.39      6.86262e+6 
        3889.41      6.86268e+6 
        3889.45      6.86287e+6 
        3889.49      6.86309e+6 
        3889.58       6.8635e+6 
        3889.75      6.86425e+6 
        3890.05      6.86551e+6 
        3890.32      6.86658e+6 
        3890.47      6.86721e+6 
        3890.66      6.86796e+6 
           3891      6.86931e+6 
        3891.68      6.87198e+6 
        3892.89      6.87666e+6 
        3893.94      6.88072e+6 
        3894.46       6.8827e+6 
        3895.31      6.88593e+6 
        3896.22      6.88942e+6 
        3896.68      6.89118e+6 
        3898.89       6.8996e+6 
         3899.6       6.9023e+6 
        3901.57      6.90974e+6 
        3903.89      6.91851e+6 
        3904.25      6.91986e+6 
        3908.89       6.9373e+6 
        3913.89      6.95596e+6 
        3918.89      6.97613e+6 
        3923.89      6.99642e+6 
        3928.22      7.01386e+6 
        3928.35      7.01442e+6 
        3928.89      7.01656e+6 
        3929.56      7.01926e+6 
         3930.9      7.02463e+6 
        3933.45      7.03484e+6 
        3935.81      7.04424e+6 
        3937.35      7.05033e+6 
        3938.89      7.05643e+6 
        3940.04      7.06098e+6 
        3941.96      7.06858e+6 
        3943.88      7.07615e+6 
        3946.58      7.08668e+6 
        3947.73       7.0912e+6 
        3948.88       7.0957e+6 
        3950.65      7.10258e+6 
        3951.01      7.10396e+6 
        3951.19      7.10462e+6 
        3951.72      7.10669e+6 
        3952.78      7.11081e+6 
        3954.55      7.11766e+6 
        3957.31      7.12818e+6 
        3958.09       7.1312e+6 
        3958.62      7.13324e+6 
        3958.88      7.13421e+6 
        3960.45      7.14018e+6 
        3962.28      7.14709e+6 
        3965.74      7.15997e+6 
        3965.94      7.16073e+6 
        3966.15      7.16148e+6 
        3966.56      7.16299e+6 
        3966.68      7.16343e+6 
        3967.28       7.1656e+6 
        3967.38      7.16594e+6 
        3968.08      7.16845e+6 
        3968.71      7.17062e+6 
        3968.88      7.17116e+6 
        3969.05      7.17169e+6 
        3969.23      7.17226e+6 
        3969.29      7.17241e+6 
        3969.38       7.1727e+6 
        3969.53      7.17307e+6 
        3969.65      7.17332e+6 
        3969.77      7.17348e+6 
        3969.83      7.17351e+6 
        3969.89      7.17345e+6 
        3969.95      7.17332e+6 
        3970.01       7.1732e+6 
        3970.07      7.17326e+6 
        3970.13      7.17367e+6 
        3970.19      7.17424e+6 
        3970.25      7.17483e+6 
        3970.32      7.17543e+6 
        3970.37      7.17577e+6 
        3970.42      7.17612e+6 
        3970.43      7.17615e+6 
        3970.49      7.17653e+6 
        3970.52      7.17669e+6 
        3970.61      7.17719e+6 
         3970.8       7.1781e+6 
         3971.1      7.17948e+6 
        3971.33      7.18052e+6 
        3971.59      7.18162e+6 
         3971.7      7.18206e+6 
        3972.06      7.18357e+6 
        3972.79      7.18652e+6 
        3973.99      7.19126e+6 
        3974.94      7.19494e+6 
         3976.4      7.20059e+6 
        3976.84      7.20232e+6 
        3977.86      7.20622e+6 
        3978.87      7.21008e+6 
        3979.58      7.21275e+6 
         3980.9      7.21778e+6 
        3982.23       7.2228e+6 
        3984.18      7.23016e+6 
        3984.88      7.23279e+6 
        3985.12      7.23367e+6 
        3985.59      7.23543e+6 
        3986.99      7.24068e+6 
        3988.87      7.24769e+6 
        3991.38      7.25695e+6 
        3992.62      7.26157e+6 
        3993.85       7.2661e+6 
        3993.87      7.26616e+6 
        3996.36       7.2753e+6 
        3998.87      7.28447e+6 
        4003.87       7.3026e+6 
        4008.87       7.3206e+6 
        4013.86      7.33873e+6 
        4018.86      7.35717e+6 
        4023.86      7.37542e+6 
        4025.34      7.38079e+6 
        4028.86      7.39352e+6 
        4032.38      7.40618e+6 
        4032.95      7.40819e+6 
        4033.86      7.41146e+6 
         4035.9      7.41875e+6 
        4038.86      7.42921e+6 
        4043.86       7.4468e+6 
        4048.86       7.4642e+6 
        4053.86      7.48142e+6 
        4058.85      7.49845e+6 
        4063.85      7.51522e+6 
        4068.85      7.53178e+6 
        4073.85      7.54802e+6 
        4075.42      7.55308e+6 
        4078.85      7.56395e+6 
        4082.28       7.5746e+6 
        4082.56      7.57548e+6 
           4084      7.57991e+6 
         4085.7      7.58506e+6 
        4088.84      7.59439e+6 
         4089.7      7.59687e+6 
        4093.69      7.60831e+6 
        4096.52      7.61607e+6 
        4097.68      7.61918e+6 
        4098.01      7.62003e+6 
        4098.68      7.62176e+6 
        4098.84      7.62216e+6 
        4099.68      7.62417e+6 
        4100.17      7.62527e+6 
        4100.67      7.62618e+6 
        4100.92      7.62653e+6 
        4101.17      7.62669e+6 
         4101.3      7.62662e+6 
        4101.42      7.62637e+6 
        4101.48      7.62609e+6 
        4101.55      7.62565e+6 
        4101.61      7.62499e+6 
        4101.67      7.62439e+6 
        4101.73      7.62421e+6 
         4101.8       7.6248e+6 
        4101.86      7.62578e+6 
        4101.92      7.62684e+6 
        4102.05      7.62835e+6 
         4102.3      7.63024e+6 
        4102.74      7.63269e+6 
        4102.79      7.63294e+6 
        4102.85      7.63316e+6 
        4102.94      7.63363e+6 
        4103.15      7.63454e+6 
         4103.3      7.63517e+6 
        4103.55      7.63624e+6 
        4103.79      7.63724e+6 
        4104.29      7.63922e+6 
        4104.78      7.64114e+6 
        4105.29      7.64302e+6 
        4105.79      7.64491e+6 
        4106.79      7.64862e+6 
        4108.68      7.65546e+6 
        4108.76      7.65575e+6 
         4108.8      7.65587e+6 
        4108.84      7.65603e+6 
        4108.86      7.65609e+6 
           4109      7.65663e+6 
        4109.32      7.65785e+6 
        4109.78      7.65964e+6 
         4110.7      7.66313e+6 
        4111.32      7.66545e+6 
        4112.55      7.67007e+6 
        4113.77      7.67463e+6 
        4114.69      7.67802e+6 
        4116.23      7.68364e+6 
        4116.69      7.68531e+6 
        4117.77      7.68921e+6 
        4118.13      7.69049e+6 
        4118.84      7.69304e+6 
        4120.98      7.70067e+6 
        4123.84      7.71066e+6 
        4126.14      7.71864e+6 
        4128.84      7.72785e+6 
         4129.6      7.73045e+6 
        4131.53      7.73696e+6 
        4133.83      7.74465e+6 
        4134.22      7.74594e+6 
        4138.83      7.76115e+6 
        4143.83      7.77736e+6 
        4148.83      7.79335e+6 
        4153.83      7.80909e+6 
        4158.83      7.82461e+6 
        4163.83      7.83994e+6 
        4168.82      7.85508e+6 
        4173.82      7.87004e+6 
        4178.82       7.8848e+6 
        4183.82      7.89938e+6 
        4188.82      7.91377e+6 
        4193.82        7.928e+6 
        4198.82      7.94204e+6 
        4203.81      7.95589e+6 
        4208.81      7.96984e+6 
        4213.81      7.98382e+6 
        4216.52       7.9913e+6 
        4217.24      7.99328e+6 
        4218.81      7.99758e+6 
         4221.1      8.00384e+6 
        4223.81      8.01119e+6 
        4224.95      8.01427e+6 
        4228.81      8.02457e+6 
        4233.81       8.0378e+6 
        4238.81       8.0508e+6 
        4243.81      8.06362e+6 
         4248.8      8.07625e+6 
         4253.8      8.08866e+6 
         4258.8      8.10085e+6 
         4263.8      8.11279e+6 
         4268.8       8.1245e+6 
         4273.8      8.13597e+6 
         4278.8      8.14716e+6 
        4283.79      8.15802e+6 
        4288.79      8.16852e+6 
        4293.79       8.1786e+6 
        4298.79      8.18818e+6 
        4303.79      8.19707e+6 
        4308.79       8.2048e+6 
        4313.79      8.21153e+6 
        4314.07      8.21187e+6 
        4318.78      8.21696e+6 
        4320.85      8.21872e+6 
         4323.5      8.22054e+6 
        4326.14       8.2218e+6 
        4326.48      8.22189e+6 
        4328.78      8.22246e+6 
        4330.23      8.22255e+6 
        4331.09      8.22255e+6 
        4331.15      8.22252e+6 
        4331.95      8.22246e+6 
        4333.66      8.22218e+6 
        4334.06      8.22208e+6 
        4336.17      8.22149e+6 
        4337.79      8.22073e+6 
        4338.22      8.22045e+6 
        4338.28      8.22039e+6 
        4338.78      8.21985e+6 
        4338.81      8.21982e+6 
        4339.34      8.21888e+6 
         4339.6      8.21809e+6 
        4339.87      8.21684e+6 
           4340      8.21586e+6 
        4340.13      8.21442e+6 
         4340.2      8.21335e+6 
        4340.26      8.21178e+6 
        4340.33      8.20967e+6 
         4340.4      8.20757e+6 
        4340.46      8.20659e+6 
        4340.53      8.20782e+6 
        4340.59      8.21018e+6 
        4340.66      8.21253e+6 
        4340.79      8.21567e+6 
        4341.01      8.21859e+6 
        4341.06       8.2191e+6 
         4341.1       8.2196e+6 
         4341.2      8.22048e+6 
        4341.23      8.22064e+6 
        4341.24      8.22073e+6 
         4341.4      8.22199e+6 
        4341.58      8.22315e+6 
        4341.94      8.22519e+6 
        4342.64      8.22868e+6 
        4343.33      8.23179e+6 
        4343.57      8.23283e+6 
        4344.04      8.23484e+6 
        4344.75      8.23782e+6 
        4346.17       8.2437e+6 
        4348.58      8.25337e+6 
        4348.78      8.25416e+6 
        4348.98      8.25494e+6 
        4349.37      8.25648e+6 
        4350.17      8.25959e+6 
        4350.32      8.26016e+6 
        4351.76      8.26559e+6 
         4353.2      8.27087e+6 
        4354.73      8.27631e+6 
        4356.08      8.28089e+6 
        4356.08      8.28089e+6 
        4357.43      8.28535e+6 
        4358.77      8.28966e+6 
        4359.17      8.29091e+6 
        4361.47      8.29732e+6 
        4363.77      8.30395e+6 
        4367.98      8.31523e+6 
        4368.38      8.31624e+6 
        4368.52      8.31661e+6 
        4368.77      8.31724e+6 
        4369.56      8.31925e+6 
        4371.15      8.32312e+6 
        4373.77      8.32937e+6 
        4378.77      8.34058e+6 
        4383.77      8.35108e+6 
        4388.77      8.36103e+6 
        4393.77      8.37052e+6 
        4398.76      8.37966e+6 
        4403.76      8.38651e+6 
        4408.76      8.39239e+6 
        4413.76      8.39807e+6 
        4418.76       8.4036e+6 
        4423.76      8.40898e+6 
        4428.76      8.41422e+6 
        4433.75      8.41937e+6 
        4438.75      8.42437e+6 
        4443.75       8.4293e+6 
        4448.75      8.43411e+6 
        4453.75      8.43885e+6 
        4458.75      8.44347e+6 
        4463.75      8.44803e+6 
        4468.74      8.45249e+6 
        4473.74      8.45688e+6 
        4478.74      8.46119e+6 
        4483.74      8.46543e+6 
        4488.74      8.46958e+6 
        4493.74      8.47366e+6 
        4498.74        8.479e+6 
        4503.74      8.48736e+6 
        4508.73      8.49553e+6 
        4513.73      8.50351e+6 
        4514.12       8.5041e+6 
        4518.73       8.5113e+6 
        4523.35      8.51833e+6 
        4527.19      8.52408e+6 
        4527.96      8.52521e+6 
        4528.73      8.52638e+6 
        4530.27      8.52861e+6 
        4532.97      8.53253e+6 
        4533.29      8.53297e+6 
        4533.35      8.53307e+6 
        4533.73      8.53363e+6 
        4534.49       8.5347e+6 
        4536.01      8.53687e+6 
        4538.73       8.5407e+6 
        4543.73      8.54765e+6 
        4548.72       8.5544e+6 
        4553.72      8.56097e+6 
        4558.72      8.56737e+6 
        4563.72      8.57366e+6 
        4568.72      8.57975e+6 
        4573.72      8.58569e+6 
        4578.72      8.59147e+6 
        4583.72      8.59709e+6 
        4588.71      8.60256e+6 
        4593.71      8.60787e+6 
        4596.53      8.61026e+6 
        4596.98      8.61063e+6 
        4598.71      8.61208e+6 
        4600.89      8.61378e+6 
        4603.71      8.61601e+6 
         4604.8      8.61682e+6 
        4608.71      8.61981e+6 
        4613.71      8.62351e+6 
         4618.7      8.62713e+6 
         4623.7      8.63061e+6 
         4628.7      8.63401e+6 
         4633.7      8.63731e+6 
         4638.7      8.64051e+6 
         4643.7      8.64362e+6 
         4648.7      8.64661e+6 
         4653.7       8.6495e+6 
        4658.69      8.65229e+6 
        4663.69      8.65499e+6 
        4668.69       8.6576e+6 
        4673.69      8.66008e+6 
        4678.69      8.66247e+6 
        4683.69      8.66476e+6 
        4688.69      8.66696e+6 
        4693.69      8.66885e+6 
        4698.68      8.67039e+6 
        4703.68      8.67183e+6 
        4708.68      8.67315e+6 
        4713.68      8.67441e+6 
         4715.6      8.67485e+6 
        4718.68      8.67554e+6 
        4720.98      8.67604e+6 
        4721.76       8.6762e+6 
        4723.68      8.67658e+6 
        4724.83       8.6768e+6 
        4728.68      8.67749e+6 
        4733.68      8.67827e+6 
        4738.67      8.67893e+6 
        4743.67      8.67947e+6 
        4748.67      8.67981e+6 
        4753.67      8.68003e+6 
        4758.67      8.68006e+6 
        4763.67      8.67987e+6 
        4768.67      8.67947e+6 
        4773.66      8.67881e+6 
        4778.66      8.67783e+6 
        4783.66      8.67651e+6 
        4788.66      8.67479e+6 
        4793.66      8.67246e+6 
        4798.66      8.66951e+6 
        4803.66      8.66583e+6 
        4808.65      8.66121e+6 
        4813.65      8.65543e+6 
        4818.65      8.64814e+6 
        4823.65      8.63888e+6 
        4828.65       8.6271e+6 
        4833.65      8.61202e+6 
        4834.97      8.60737e+6 
        4838.65      8.59266e+6 
        4839.16       8.5904e+6 
        4842.32      8.57513e+6 
        4845.48      8.55738e+6 
         4845.5      8.55726e+6 
        4847.05      8.54758e+6 
        4848.64      8.53706e+6 
        4851.78       8.5145e+6 
        4854.39      8.49449e+6 
        4856.52      8.47778e+6 
         4858.4      8.46257e+6 
        4858.64       8.4605e+6 
        4858.66      8.46031e+6 
        4858.88      8.45839e+6 
        4859.36       8.4539e+6 
        4859.47       8.4528e+6 
        4860.06      8.44605e+6 
        4860.36      8.44168e+6 
        4860.66      8.43584e+6 
        4860.81      8.43175e+6 
        4860.95      8.42603e+6 
        4861.03      8.42201e+6 
         4861.1      8.41608e+6 
        4861.18      8.40822e+6 
        4861.25      8.40018e+6 
        4861.32      8.39578e+6 
         4861.4      8.40018e+6 
        4861.47      8.40835e+6 
        4861.54      8.41611e+6 
        4861.64       8.4234e+6 
        4861.69      8.42585e+6 
        4861.69      8.42594e+6 
        4861.69      8.42603e+6 
        4861.69      8.42622e+6 
        4861.74      8.42826e+6 
        4861.84      8.43185e+6 
        4861.98      8.43565e+6 
        4861.99      8.43584e+6 
        4862.28      8.44165e+6 
        4862.58      8.44608e+6 
         4862.6       8.4463e+6 
        4863.18      8.45289e+6 
        4863.73      8.45811e+6 
        4863.76      8.45842e+6 
        4864.93      8.46823e+6 
        4866.13      8.47781e+6 
        4868.41      8.49575e+6 
        4868.53      8.49663e+6 
        4868.64      8.49751e+6 
        4868.86      8.49923e+6 
        4869.32      8.50272e+6 
        4869.58      8.50476e+6 
        4870.22       8.5096e+6 
        4870.86      8.51441e+6 
        4872.13      8.52374e+6 
        4874.62      8.54092e+6 
        4874.69      8.54133e+6 
        4874.75      8.54174e+6 
        4874.87      8.54256e+6 
        4875.12      8.54419e+6 
        4875.61      8.54736e+6 
        4876.61      8.55352e+6 
        4878.45      8.56433e+6 
        4878.54      8.56483e+6 
        4878.59      8.56508e+6 
        4878.64      8.56533e+6 
        4878.82      8.56637e+6 
        4879.19      8.56838e+6 
        4879.53       8.5702e+6 
        4879.92      8.57228e+6 
        4880.32      8.57435e+6 
        4880.94      8.57749e+6 
        4881.12      8.57837e+6 
        4882.71      8.58591e+6 
        4884.48      8.59361e+6 
         4887.4      8.60489e+6 
        4888.02      8.60708e+6 
        4888.63      8.60919e+6 
        4889.87      8.61321e+6 
        4891.06      8.61682e+6 
        4892.35       8.6205e+6 
        4893.63      8.62392e+6 
        4893.78       8.6243e+6 
         4896.2      8.63014e+6 
        4898.63       8.6353e+6 
        4903.34      8.64362e+6 
        4903.48      8.64384e+6 
        4903.63      8.64406e+6 
        4903.92       8.6445e+6 
         4904.5      8.64535e+6 
        4905.66      8.64701e+6 
        4907.33      8.64924e+6 
        4907.98      8.65006e+6 
        4908.63      8.65085e+6 
        4909.93      8.65232e+6 
        4911.43      8.65396e+6 
        4912.53      8.65506e+6 
        4913.01      8.65553e+6 
        4913.63      8.65609e+6 
        4915.55      8.65779e+6 
        4915.82      8.65801e+6 
        4918.24      8.65986e+6 
        4918.63      8.66015e+6 
         4921.7      8.66219e+6 
        4923.62      8.66329e+6 
        4925.16      8.66407e+6 
        4928.62      8.66567e+6 
        4933.62      8.66743e+6 
        4938.62      8.66875e+6 
        4943.62      8.66963e+6 
        4948.62       8.6702e+6 
        4953.62      8.67045e+6 
        4958.61      8.67048e+6 
        4963.61      8.67029e+6 
        4968.61      8.66995e+6 
        4973.61      8.66941e+6 
        4978.61      8.66872e+6 
        4983.61      8.66791e+6 
        4988.61       8.6669e+6 
        4993.61      8.66577e+6 
         4998.6      8.66454e+6 
         5003.6      8.66322e+6 
         5008.6      8.66184e+6 
         5013.6      8.66037e+6 
         5018.6      8.65879e+6 
         5023.6      8.65719e+6 
         5028.6      8.65553e+6 
         5033.6      8.65377e+6 
        5038.59      8.65198e+6 
        5043.59      8.65012e+6 
        5048.59      8.64821e+6 
        5053.59      8.64623e+6 
        5058.59      8.64422e+6 
        5063.59      8.64214e+6 
        5068.59      8.64004e+6 
        5073.58      8.63787e+6 
        5078.58      8.63567e+6 
        5083.58      8.63325e+6 
        5088.58      8.63071e+6 
        5093.58      8.62813e+6 
        5098.58      8.62553e+6 
        5103.58      8.62286e+6 
        5108.57      8.62018e+6 
        5113.57      8.61745e+6 
        5118.57      8.61469e+6 
        5123.57      8.61189e+6 
        5128.57      8.60906e+6 
        5133.57       8.6062e+6 
        5138.57      8.60331e+6 
        5143.57      8.60039e+6 
        5148.56      8.59741e+6 
        5153.56      8.59442e+6 
        5158.56      8.59138e+6 
        5163.56      8.58833e+6 
        5168.56      8.58525e+6 
        5173.56      8.58211e+6 
        5178.56      8.57894e+6 
        5183.56      8.57564e+6 
        5188.55      8.57231e+6 
        5193.55      8.56895e+6 
        5198.55      8.56555e+6 
        5203.55      8.56213e+6 
        5208.55       8.5587e+6 
        5213.55      8.55522e+6 
        5218.55      8.55173e+6 
        5223.54      8.54821e+6 
        5228.54      8.54463e+6 
        5233.54      8.54108e+6 
        5238.54      8.53747e+6 
        5243.54      8.53382e+6 
        5248.54      8.53015e+6 
        5253.54      8.52647e+6 
        5258.53      8.52276e+6 
        5263.53      8.51903e+6 
        5268.53      8.51526e+6 
        5273.53      8.51145e+6 
        5278.53      8.50822e+6 
        5283.53      8.50498e+6 
        5288.53      8.50175e+6 
        5293.52      8.49848e+6 
        5298.52      8.49524e+6 
        5303.52      8.49188e+6 
        5308.52      8.48846e+6 
        5313.52      8.48503e+6 
        5318.52      8.48155e+6 
        5323.52      8.47803e+6 
        5328.52      8.47448e+6 
        5333.52       8.4709e+6 
        5338.51      8.46725e+6 
        5343.51      8.46361e+6 
        5348.51       8.4599e+6 
        5353.51      8.45616e+6 
        5358.51      8.45242e+6 
        5363.51      8.44903e+6 
        5368.51       8.4452e+6 
         5373.5      8.44105e+6 
         5378.5      8.43656e+6 
         5383.5        8.432e+6 
         5388.5      8.42748e+6 
         5393.5      8.42289e+6 
         5398.5      8.41831e+6 
         5403.5      8.41369e+6 
        5408.49      8.40907e+6 
        5413.49      8.40439e+6 
        5418.49      8.39974e+6 
        5423.49      8.39503e+6 
        5428.49      8.39031e+6 
        5433.49       8.3856e+6 
        5438.49      8.38083e+6 
        5443.48      8.37605e+6 
        5448.48      8.37128e+6 
        5453.48      8.36647e+6 
        5458.48      8.36163e+6 
        5463.48      8.35679e+6 
        5468.48      8.35192e+6 
        5473.48      8.34743e+6 
        5478.48      8.34291e+6 
        5483.48      8.33835e+6 
        5488.47       8.3338e+6 
        5493.47      8.32921e+6 
        5498.47      8.32462e+6 
        5503.47      8.31997e+6 
        5508.47      8.31532e+6 
        5513.47      8.31067e+6 
        5518.47      8.30596e+6 
        5523.46      8.30125e+6 
        5528.46      8.29654e+6 
        5533.46      8.29176e+6 
        5538.46      8.28699e+6 
        5543.46      8.28218e+6 
        5548.46      8.27737e+6 
        5553.46      8.27254e+6 
        5558.45      8.26767e+6 
        5563.45       8.2628e+6 
        5568.45       8.2579e+6 
        5573.45      8.25296e+6 
        5578.45      8.24803e+6 
        5583.45      8.24304e+6 
        5588.45      8.23807e+6 
        5593.44      8.23305e+6 
        5598.44      8.22802e+6 
        5603.44      8.22299e+6 
        5608.44      8.21794e+6 
        5613.44      8.21285e+6 
        5618.44      8.20776e+6 
        5623.44      8.20264e+6 
        5628.44      8.19748e+6 
        5633.43      8.19233e+6 
        5638.43      8.18718e+6 
        5643.43        8.182e+6 
        5648.43      8.17678e+6 
        5653.43      8.17157e+6 
        5658.43      8.16632e+6 
        5663.43      8.16107e+6 
        5668.43       8.1563e+6 
        5673.42      8.15102e+6 
        5673.98      8.15042e+6 
        5678.42      8.14568e+6 
        5682.86      8.14097e+6 
         5686.2      8.13738e+6 
        5687.31      8.13619e+6 
        5687.86      8.13563e+6 
        5688.42      8.13503e+6 
        5690.64      8.13264e+6 
        5693.42      8.12966e+6 
        5698.42      8.12428e+6 
        5703.41      8.11888e+6 
        5704.77      8.11744e+6 
        5708.41      8.11348e+6 
        5708.88      8.11297e+6 
        5712.06      8.10952e+6 
        5713.41      8.10804e+6 
        5715.23      8.10606e+6 
        5718.41      8.10261e+6 
        5723.41      8.09717e+6 
        5728.41      8.09171e+6 
        5733.41      8.08621e+6 
        5738.41      8.08071e+6 
         5743.4      8.07521e+6 
         5748.4      8.06968e+6 
         5753.4      8.06412e+6 
         5758.4      8.05859e+6 
         5763.4      8.05077e+6 
         5768.4      8.04515e+6 
         5773.4      8.03952e+6 
         5778.4       8.0339e+6 
        5783.39      8.02825e+6 
        5788.39      8.02259e+6 
        5793.39      8.01694e+6 
        5798.39      8.01122e+6 
        5803.39      8.00553e+6 
        5808.39      7.99981e+6 
        5813.39       7.9941e+6 
        5818.39      7.98835e+6 
        5823.38       7.9826e+6 
        5828.38      7.97682e+6 
        5833.38      7.97104e+6 
        5838.38      7.96526e+6 
        5843.38      7.95944e+6 
        5848.38      7.95363e+6 
        5853.38      7.94779e+6 
        5858.37      7.94195e+6 
        5863.37       7.9361e+6 
        5868.37      7.93023e+6 
        5873.37      7.92438e+6 
        5878.37      7.91848e+6 
        5883.37       7.9126e+6 
        5888.37       7.9067e+6 
        5893.36      7.90076e+6 
        5898.36      7.89485e+6 
        5903.36      7.88888e+6 
        5908.36      7.88295e+6 
        5913.36      7.87698e+6 
        5918.36      7.87101e+6 
        5923.36      7.86501e+6 
        5928.35      7.85901e+6 
        5933.35      7.85301e+6 
        5938.35      7.84698e+6 
        5943.35      7.84094e+6 
        5948.35      7.83488e+6 
        5953.35      7.82882e+6 
        5958.35      7.82275e+6 
        5963.35      7.81663e+6 
        5968.34      7.81053e+6 
        5973.34      7.80441e+6 
        5978.34      7.79828e+6 
        5983.34      7.79212e+6 
        5988.34      7.78597e+6 
        5993.34      7.77981e+6 
        5998.34      7.77365e+6 
        6003.34      7.76746e+6 
        6008.33      7.76124e+6 
        6013.33      7.75505e+6 
        6018.33      7.74883e+6 
        6023.33      7.74261e+6 
        6028.33      7.73636e+6 
        6033.33      7.73011e+6 
        6038.32      7.72386e+6 
        6043.32      7.71761e+6 
        6048.32      7.71132e+6 
        6053.32      7.70504e+6 
        6058.32      7.69872e+6 
        6063.32      7.69241e+6 
        6068.32      7.68609e+6 
        6073.32      7.67978e+6 
        6078.31      7.67343e+6 
        6083.31      7.66709e+6 
        6088.31      7.66071e+6 
        6093.31      7.65436e+6 
        6098.31      7.64796e+6 
        6103.31      7.64158e+6 
        6108.31      7.63517e+6 
        6113.31      7.62876e+6 
         6118.3      7.62235e+6 
         6123.3      7.61591e+6 
         6128.3      7.60947e+6 
         6133.3        7.603e+6 
         6138.3      7.59656e+6 
         6143.3      7.59009e+6 
         6148.3      7.58358e+6 
        6153.29      7.57708e+6 
        6158.29      7.57058e+6 
        6163.29      7.56404e+6 
        6168.29      7.55751e+6 
        6173.29      7.55094e+6 
        6178.29      7.54438e+6 
        6183.29      7.53781e+6 
        6188.28      7.53121e+6 
        6193.28      7.52462e+6 
        6198.28      7.51802e+6 
        6203.28      7.51139e+6 
        6208.28      7.50476e+6 
        6213.28       7.4981e+6 
        6218.28      7.49141e+6 
        6223.28      7.48475e+6 
        6228.27      7.47803e+6 
        6233.27      7.47134e+6 
        6238.27      7.46458e+6 
        6243.27      7.45783e+6 
        6244.38      7.45635e+6 
        6248.27      7.45107e+6 
        6252.16      7.44579e+6 
        6253.82      7.44353e+6 
        6256.04      7.44052e+6 
        6258.27      7.43747e+6 
        6262.16      7.43216e+6 
        6262.71      7.43141e+6 
        6263.27      7.43065e+6 
        6264.37      7.42914e+6 
        6264.91      7.42839e+6 
        6266.59       7.4261e+6 
        6268.26       7.4238e+6 
        6269.97      7.42145e+6 
        6271.61      7.41919e+6 
        6273.26      7.41692e+6 
        6274.85      7.41472e+6 
        6276.56      7.41237e+6 
        6278.26      7.41001e+6 
        6280.08      7.40753e+6 
        6281.67       7.4053e+6 
        6283.26       7.4031e+6 
        6284.63      7.40122e+6 
        6286.44      7.39867e+6 
        6288.26      7.39616e+6 
        6290.52      7.39302e+6 
        6291.89       7.3911e+6 
        6293.26      7.38918e+6 
        6293.73      7.38852e+6 
        6295.99      7.38535e+6 
        6298.26      7.38218e+6 
        6302.31      7.37646e+6 
        6302.78       7.3758e+6 
        6303.25      7.37514e+6 
        6303.92       7.3742e+6 
         6304.2      7.37382e+6 
        6306.09      7.37115e+6 
        6308.25      7.36807e+6 
        6311.92      7.36286e+6 
        6312.59      7.36191e+6 
        6313.25      7.36097e+6 
        6314.58      7.35906e+6 
        6316.22      7.35673e+6 
        6317.23      7.35529e+6 
        6317.31      7.35516e+6 
        6318.25      7.35381e+6 
        6320.28      7.35092e+6 
        6323.25      7.34665e+6 
        6328.25      7.33942e+6 
        6333.25      7.33213e+6 
        6338.24      7.32481e+6 
        6343.24      7.31746e+6 
        6348.24      7.31001e+6 
        6353.24      7.30254e+6 
        6358.24      7.29497e+6 
        6363.24      7.28733e+6 
        6368.24       7.2796e+6 
        6373.23      7.27181e+6 
        6378.23      7.26393e+6 
        6383.23      7.25595e+6 
        6388.23      7.24781e+6 
        6393.23      7.23958e+6 
        6398.23      7.23122e+6 
        6403.23      7.22271e+6 
        6408.23      7.21401e+6 
        6413.22      7.20515e+6 
        6418.22      7.19607e+6 
        6423.22      7.18674e+6 
        6428.22      7.17716e+6 
        6433.22      7.16729e+6 
        6438.22      7.15708e+6 
        6443.22      7.14653e+6 
        6448.22      7.13553e+6 
        6453.21      7.12403e+6 
        6458.21        7.112e+6 
        6463.21      7.09934e+6 
        6468.21      7.08596e+6 
        6473.21      7.07169e+6 
        6478.21      7.05649e+6 
         6483.2      7.04012e+6 
         6488.2      7.02243e+6 
         6493.2      7.00318e+6 
         6498.2       6.9821e+6 
         6503.2      6.95882e+6 
         6508.2      6.93302e+6 
         6513.2      6.90415e+6 
         6518.2       6.8717e+6 
        6523.19      6.83488e+6 
        6523.72      6.83073e+6 
        6528.19      6.79297e+6 
        6532.67       6.7505e+6 
         6536.1       6.7144e+6 
        6537.14      6.70268e+6 
        6537.38      6.69995e+6 
        6538.19      6.69068e+6 
        6540.29      6.66561e+6 
        6543.19      6.62857e+6 
        6546.46      6.58377e+6 
        6546.72      6.57997e+6 
        6548.19      6.55873e+6 
        6549.92      6.53275e+6 
        6553.11      6.48227e+6 
        6554.43      6.46056e+6 
        6556.31      6.42833e+6 
        6556.87      6.41849e+6 
         6557.9       6.4015e+6 
        6558.19      6.39685e+6 
         6559.5      6.37366e+6 
         6560.3      6.35733e+6 
         6561.1      6.33691e+6 
         6561.5       6.3234e+6 
         6561.9       6.3053e+6 
        6562.09      6.29305e+6 
        6562.29       6.2764e+6 
        6562.39      6.26515e+6 
        6562.49      6.25029e+6 
        6562.59      6.23166e+6 
        6562.69      6.21423e+6 
        6562.79      6.20449e+6 
        6562.89      6.21385e+6 
        6562.99      6.23125e+6 
        6563.09       6.2497e+6 
        6563.29      6.27527e+6 
        6563.49      6.29145e+6 
        6563.64      6.30072e+6 
        6563.69       6.3032e+6 
        6563.69      6.30332e+6 
        6563.69      6.30342e+6 
        6563.74      6.30596e+6 
        6563.84      6.31067e+6 
        6564.04      6.31887e+6 
        6564.29      6.32751e+6 
        6564.39       6.3305e+6 
        6564.44      6.33191e+6 
        6564.49      6.33333e+6 
        6564.69      6.33851e+6 
        6565.08      6.34762e+6 
        6565.64      6.35871e+6 
        6565.86      6.36276e+6 
        6566.09      6.36663e+6 
        6566.54      6.37395e+6 
        6566.69      6.37636e+6 
        6567.09       6.3824e+6 
        6567.44      6.38742e+6 
        6568.18      6.39804e+6 
        6569.28      6.41419e+6 
        6570.48      6.43222e+6 
        6571.48      6.44674e+6 
        6572.47      6.46087e+6 
        6573.27      6.47196e+6 
        6574.47      6.48817e+6 
        6575.67      6.50391e+6 
        6577.95      6.53253e+6 
        6578.06      6.53395e+6 
        6578.18      6.53533e+6 
        6578.41      6.53809e+6 
        6578.87      6.54359e+6 
        6579.79       6.5544e+6 
        6580.08      6.55773e+6 
        6581.63      6.57516e+6 
        6583.18      6.59178e+6 
        6584.38      6.60413e+6 
        6586.28      6.62273e+6 
        6587.91      6.63778e+6 
        6588.18      6.64013e+6 
        6588.44      6.64249e+6 
        6588.98      6.64711e+6 
        6590.04      6.65609e+6 
        6591.02      6.66413e+6 
        6592.17      6.67312e+6 
        6593.01      6.67956e+6 
        6593.31      6.68173e+6 
        6595.59      6.69791e+6 
        6598.17      6.71459e+6 
        6603.34      6.74333e+6 
        6613.66      6.78556e+6 
        6623.98      6.81261e+6 
         6634.3      6.82913e+6 
        6654.94      6.84189e+6 
        6675.58      6.83871e+6 
        6680.98      6.83623e+6 
        6696.23      6.82674e+6 
        6711.48      6.81452e+6 
        6741.98      6.78496e+6 
        6781.19      6.74114e+6 
        6802.98      6.71522e+6 
        6824.78      6.68858e+6 
        6868.37      6.63429e+6 
        6955.56      6.52279e+6 
        6976.35      6.49593e+6 
        7042.75      6.40979e+6 
        7109.15      6.32346e+6 
        7175.54      6.23791e+6 
        7241.94      6.15256e+6 
        7308.33      6.06751e+6 
        7355.95      6.00676e+6 
        7374.73      5.98389e+6 
        7393.51      5.95998e+6 
        7431.08      5.91267e+6 
        7506.22      5.81858e+6 
        7581.35      5.72524e+6 
         7635.1      5.65898e+6 
        7656.49      5.63272e+6 
        7677.88      5.60652e+6 
        7720.67      5.55481e+6 
        7806.23      5.45223e+6 
        7821.36       5.4342e+6 
         7891.8      5.35082e+6 
        7962.25      5.26829e+6 
        7982.84      5.24448e+6 
        8032.69      5.18712e+6 
        8082.55      5.13019e+6 
        8161.68      5.04106e+6 
        8182.26      5.01807e+6 
        8200.85      4.99736e+6 
        8202.85      4.99513e+6 
        8204.85      4.99293e+6 
        8208.85       4.9885e+6 
        8216.85      4.97964e+6 
        8232.84      4.96202e+6 
        8264.83      4.92687e+6 
        8289.72      4.89966e+6 
        8328.82      4.85715e+6 
        8343.44      4.84132e+6 
        8367.92      4.81493e+6 
        8371.47      4.81113e+6 
        8388.68      4.79272e+6 
        8392.39      4.78876e+6 
        8408.65      4.77145e+6 
        8413.32      4.76649e+6 
        8432.02      4.74663e+6 
        8437.95      4.74035e+6 
        8467.25      4.70944e+6 
        8473.98      4.70237e+6 
        8502.48      4.67246e+6 
        8516.58      4.65773e+6 
        8530.98      4.64274e+6 
        8545.38      4.62788e+6 
        8549.97      4.62314e+6 
        8574.18      4.59825e+6 
        8598.39      4.57347e+6 
         8628.6      4.54271e+6 
        8646.81      4.52424e+6 
        8652.39      4.51858e+6 
        8665.01      4.50583e+6 
        8685.59      4.48513e+6 
        8701.43      4.46923e+6 
        8750.47      4.42035e+6 
        8767.92      4.40307e+6 
        8815.35      4.35638e+6 
        8862.78      4.31049e+6 
        8900.38      4.27439e+6 
        8957.65      4.21994e+6 
        9014.91      4.16613e+6 
        9044.62      4.13845e+6 
        9072.17      4.11294e+6 
        9099.72      4.08756e+6 
        9154.81      4.03764e+6 
         9190.8      4.00531e+6 
         9209.9      3.98828e+6 
        9229.01      3.97126e+6 
        9267.22      3.93752e+6 
         9303.2      3.90594e+6 
        9343.64      3.87076e+6 
        9384.08      3.83585e+6 
        9464.96      3.76749e+6 
        9545.72      3.70039e+6 
        9545.84      3.70026e+6 
        9545.97      3.70017e+6 
        9546.21      3.69998e+6 
        9546.69      3.69957e+6 
        9546.87      3.69945e+6 
        9547.66      3.69879e+6 
        9549.59      3.69721e+6 
        9553.47      3.69401e+6 
        9561.21      3.68766e+6 
        9576.69      3.67497e+6 
        9607.66      3.64971e+6 
        9668.45      3.60064e+6 
        9729.24      3.55258e+6 
        9790.04      3.50514e+6 
        9850.83       3.4583e+6 
        9870.42      3.44334e+6 
        9911.62      3.41208e+6 
        9952.82      3.38114e+6 
        10021.1      3.33084e+6 
        10035.2      3.32051e+6 
        10049.4      3.31014e+6 
        10077.7      3.28972e+6 
        10134.2      3.24913e+6 
        10144.5      3.24184e+6 
        10190.8      3.20901e+6 
        10237.2      3.17656e+6 
        10329.9      3.11386e+6 
        10422.6       3.0524e+6 
        10515.3      2.99217e+6 
          10608      2.93314e+6 
        10700.7      2.87531e+6 
        10793.4      2.81863e+6 
        10834.1      2.79409e+6 
        10886.1      2.76306e+6 
        10938.1      2.73226e+6 
        10990.1      2.70221e+6 
          11042      2.67237e+6 
          11094      2.64286e+6 
          11146      2.61367e+6 
          11198      2.58483e+6 
          11239       2.5623e+6 
          11250      2.55632e+6 
        11260.9      2.55036e+6 
        11282.8      2.53888e+6 
        11326.6      2.51608e+6 
        11414.2      2.47111e+6 
        11501.8      2.42699e+6 
        11589.4       2.3837e+6 
          11677      2.34123e+6 
        11764.6      2.29956e+6 
        11852.2      2.25869e+6 
        11939.8      2.21859e+6 
        12027.4      2.17924e+6 
          12115      2.14067e+6 
        12120.6      2.13823e+6 
        12202.6      2.10283e+6 
        12284.6      2.06806e+6 
        12366.6      2.03527e+6 
        12448.7        2.003e+6 
        12530.7      1.97126e+6 
        12612.7      1.93999e+6 
        12694.7      1.90911e+6 
        12735.4       1.8939e+6 
        12776.7      1.87848e+6 
        12818.1      1.86299e+6 
        12900.8      1.83424e+6 
        12983.5      1.80556e+6 
        13066.2      1.77718e+6 
        13148.9      1.74921e+6 
        13154.8      1.74723e+6 
        13231.6      1.72169e+6 
        13308.4      1.69654e+6 
        13385.1      1.67295e+6 
        13461.9      1.64971e+6 
        13538.7      1.62681e+6 
        13615.5      1.60424e+6 
        13692.3      1.58204e+6 
        13769.1      1.56013e+6 
        13845.9      1.53855e+6 
        13922.7      1.51729e+6 
        13999.5      1.49634e+6 
        14076.2      1.47572e+6 
          14153       1.4554e+6 
        14229.8      1.43539e+6 
        14281.2      1.42218e+6 
        14306.6      1.41568e+6 
        14332.1      1.40922e+6 
          14383      1.39673e+6 
        14410.1      1.39012e+6 
        14427.1        1.386e+6 
        14433.9      1.38436e+6 
        14457.6      1.37863e+6 
        14505.2      1.36732e+6 
        14581.2      1.34941e+6 
        14583.2      1.34894e+6 
        14585.2      1.34847e+6 
        14589.2      1.34755e+6 
        14597.2      1.34573e+6 
        14613.2      1.34208e+6 
        14645.2      1.33481e+6 
        14709.2       1.3204e+6 
        14773.2      1.30615e+6 
        14837.1      1.29205e+6 
        14901.1      1.27811e+6 
        14965.1      1.26432e+6 
        15029.1      1.25069e+6 
        15093.1      1.23722e+6 
        15157.1       1.2239e+6 
          15221      1.21073e+6 
          15285      1.19771e+6 
          15349      1.18484e+6 
          15413      1.17211e+6 
        15471.6      1.16058e+6 
          15477      1.15953e+6 
        15482.4      1.15847e+6 
        15493.1       1.1563e+6 
        15514.7      1.15196e+6 
        15557.9      1.14334e+6 
        15644.2      1.12632e+6 
        15730.5      1.10958e+6 
        15816.8       1.0931e+6 
        15903.1       1.0769e+6 
        15989.4      1.06097e+6 
        16075.8       1.0453e+6 
        16162.1      1.02988e+6 
        16248.4      1.01473e+6 
        16289.9      1.00752e+6 
        16334.7          999815 
        16379.5          992172 
        16469.1          974833 
        16558.8          957862 
        16648.4          941249 
          16738          924989 
        16827.7          909070 
        16917.3          893485 
        17006.9          878226 
        17096.6          863285 
        17186.2          848654 
        17275.8          834328 
        17327.7          826173 
        17365.5          820295 
        17403.2          814467 
        17478.8          802957 
        17554.3          791647 
        17629.9          780529 
        17705.4          769602 
          17781          758864 
        17856.5          748309 
        17932.1          737932 
        18007.6          726980 
        18083.2          716820 
        18158.7          706789 
        18234.3          696868 
        18309.8          687025 
        18343.7          682618 
        18385.3          677217 
          18427          671808 
        18510.2          660897 
        18593.4          649725 
        18602.1          648538 
        18676.6          638240 
        18713.8          633166 
        18751.1          628067 
        18788.4          624856 
        18825.6          621589 
        18900.2          615102 
        18974.7          608269 
        19049.2          601147 
        19123.7          593868 
        19198.3          586529 
        19272.8          579193 
        19347.3          571902 
          19393          567463 
        19421.9          564679 
        19450.7          561905 
        19508.3          556398 
        19565.9          551343 
        19623.6          545896 
        19681.2          540514 
        19738.8          535195 
        19796.5          529943 
        19854.1          524756 
        19911.7          519629 
        19969.4          514565 
          20027          509560 
        20084.6          504615 
        20142.3          499730 
        20199.9          494901 
        20257.5          490132 
        20315.2          485417 
        20372.8          480761 
        20386.4          479665 
        20430.4          476159 
        20474.4          472681 
        20562.3          465826 
        20650.3          459094 
        20738.2          452480 
        20826.2          445984 
        20914.1          439603 
        21002.1          433332 
          21090          427172 
        21177.9          421121 
        21265.9          415174 
        21353.8          409331 
        21441.8          403588 
        21529.7          397946 
        21604.7          393211 
        21617.7          392401 
        21630.6          391590 
        21656.5          389978 
        21708.4          386780 
        21760.2          383614 
          21812          380481 
        21863.8          377378 
        21915.7          374308 
        21967.5          371267 
        22019.3          368257 
        22071.1          365276 
          22123          362326 
        22174.8          359408 
        22226.6          356514 
        22278.4          353652 
        22330.3          350819 
        22382.1          348010 
        22433.9          345233 
        22485.8          342481 
        22537.6          339754 
        22589.4          337058 
        22641.2          334385 
        22693.1          331740 
        22702.9          331240 
        22744.9          329120 
        22784.8          327118 
        22786.8          327018 
        22788.8          326920 
        22792.8          326719 
        22800.8          326320 
        22816.8          325529 
        22848.8          323945 
        22912.8          320810 
        22976.8          317712 
        23040.8          314649 
        23104.8          311625 
        23168.7          308636 
        23232.7          305683 
        23296.7          302764 
        23360.7          299879 
        23424.7          297029 
        23488.6          294212 
        23552.6          291428 
        23616.6          288676 
        23680.6          285957 
        23744.6          283269 
        23808.6          280612 
        23872.5          277987 
        23936.5          275391 
        24000.5          272825 
        24064.5          270289 
        24128.5          267782 
        24192.5          265304 
        24256.4          262854 
        24320.4          260431 
        24384.4          258037 
        24448.4          255670 
        24512.4          253329 
        24576.3          251015 
        24640.3          248727 
        24704.3          246465 
        24768.3          244228 
        24832.3          242016 
        24896.3          239829 
        24960.2          237667 
        25004.4          236187 
        25024.2          235529 
          25044          234872 
        25083.6          233566 
        25162.8          230982 
        25241.9          228432 
        25321.1          225918 
        25400.2          223438 
        25479.4          220991 
        25558.5          218578 
        25637.7          216197 
        25716.9          213848 
          25796          211530 
        25875.2          209244 
        25954.3          206988 
        26033.5          204762 
        26112.7          202566 
        26191.8          200399 
          26271          198261 
        26350.1          196150 
        26429.3          194068 
        26508.4          192013 
        26587.6          189984 
        26666.8          187983 
        26745.9          186007 
        26825.1          184057 
        26904.2          182132 
        26983.4          180233 
        27062.6          178357 
        27141.7          176506 
        27142.5          176487 
        27220.9          174679 
        27299.2          172894 
        27377.5          171132 
        27455.8          169392 
        27534.2          167674 
        27612.5          165978 
        27690.8          164302 
        27769.1          162648 
        27847.5          161015 
        27925.8          159401 
        28004.1          157808 
        28082.4          156235 
        28160.8          154680 
        28239.1          153145 
        28317.4          151629 
        28395.7          150131 
          28474          148652 
        28552.4          147191 
        28630.7          145747 
          28709          144321 
        28787.3          142913 
        28865.7          141521 
          28944          140146 
        29022.3          138788 
        29100.6          137446 
          29179          136120 
        29257.3          134810 
        29335.6          133515 
        29413.9          132236 
        29492.3          130972 
        29570.6          129723 
        29648.9          128488 
        29727.2          127268 
        29805.5          126063 
        29883.9          124872 
        29932.6          124138 
        29962.2          123695 
        29991.8          123253 
