# Koester WD models
# teff = 5250 K (value for the effective temperature for the model. Temperatures are given in K)
# logg = 8.75 log(cm/s2) (value for Log(G) for the model.)
#
# column 1: WAVELENGTH (ANGSTROM), Wavelength in Angstrom
# column 2: FLUX (ERG/CM2/S/A), Flux in erg/cm2/s/A
         899.23     0.000699488 
         900.36     0.000727866 
         901.49     0.000757319 
        902.621     0.000787877 
        903.267     0.000805869 
        903.752     0.000819579 
        904.235     0.000833509 
        905.203     0.000862028 
        907.138     0.000921819 
        908.905     0.000979784 
        909.074     0.000985452 
         909.12     0.000987035 
        909.241     0.000991147 
        909.576      0.00100263 
        909.852      0.00101222 
        910.032      0.00101846 
        910.783      0.00104507 
        910.944      0.00105081 
        912.034      0.00109076 
        913.037      0.00112875 
        913.241      0.00113663 
        913.284       0.0011383 
        913.478      0.00114586 
        913.531      0.00114793 
        913.755      0.00115669 
        913.822      0.00115933 
         914.08      0.00116956 
        914.165      0.00117295 
        914.499      0.00118636 
        914.575      0.00118943 
        915.071      0.00120961 
         915.54      0.00122902 
        915.609      0.00123186 
        915.643      0.00123328 
        915.677      0.00123471 
        915.741      0.00123739 
        915.813      0.00124041 
        916.085      0.00125191 
        916.429      0.00126658 
        916.858      0.00128506 
        917.118       0.0012964 
        917.196      0.00129982 
        917.378      0.00130785 
        917.899      0.00133101 
        917.952      0.00133339 
        918.287      0.00134854 
        918.602      0.00136289 
        919.251      0.00139299 
        920.215      0.00143879 
        921.882       0.0015213 
        921.999      0.00152727 
        922.143      0.00153463 
        922.405      0.00154807 
         922.81      0.00156913 
        923.621      0.00161205 
        925.001      0.00168766 
        925.242      0.00170122 
        925.484      0.00171487 
        925.564      0.00171942 
        925.966      0.00174245 
        926.164      0.00175384 
        926.369      0.00176561 
        927.173      0.00181275 
        927.276      0.00181879 
        928.182       0.0018734 
        928.917      0.00191926 
         928.98      0.00192331 
        929.089      0.00193037 
        929.261      0.00194171 
        929.317      0.00194533 
        929.543      0.00196026 
        929.655      0.00196755 
        929.769      0.00197493 
        929.827       0.0019787 
        929.883      0.00198234 
         929.91      0.00198409 
        929.939      0.00198598 
        929.954      0.00198696 
        929.968      0.00198787 
        929.982      0.00198879 
        929.996       0.0019897 
         930.01      0.00199061 
        930.024      0.00199153 
        930.038      0.00199244 
        930.052      0.00199336 
        930.081      0.00199525 
        930.137      0.00199892 
        930.201      0.00200312 
        930.247      0.00200614 
        930.249      0.00200627 
        930.251      0.00200641 
        930.301       0.0020097 
        930.326      0.00201128 
        930.329      0.00201148 
        930.402      0.00201627 
        930.478      0.00202122 
         930.63      0.00203085 
        930.931       0.0020493 
        931.229      0.00206746 
         931.49      0.00208367 
        931.534       0.0020864 
        931.838      0.00210561 
        932.447      0.00214276 
        933.265      0.00219365 
        933.403      0.00220251 
        933.432      0.00220439 
        933.542      0.00221182 
        933.652       0.0022193 
        933.872      0.00223422 
        933.973      0.00224117 
        934.073      0.00224812 
        934.312      0.00226498 
        934.316      0.00226526 
        934.652       0.0022898 
        934.773       0.0022991 
         935.23      0.00233574 
        935.687      0.00237699 
        936.144      0.00242299 
        936.372      0.00244584 
        936.601      0.00246621 
        936.714      0.00247541 
        936.829      0.00248463 
        936.887      0.00248928 
        936.944      0.00249387 
        936.973       0.0024962 
        937.001      0.00249846 
        937.015      0.00249959 
        937.029      0.00250072 
        937.043      0.00250185 
        937.058      0.00250306 
        937.072      0.00250419 
        937.086      0.00250532 
        937.101      0.00250654 
        937.115      0.00250767 
        937.143      0.00250993 
          937.2      0.00251455 
        937.314      0.00252382 
        937.493      0.00253836 
        937.542      0.00254224 
        937.593      0.00254618 
        937.694      0.00255327 
        937.788      0.00255933 
        937.894      0.00256528 
            938      0.00257066 
        938.212      0.00258039 
        938.359      0.00258694 
        938.556      0.00259584 
        938.636      0.00260004 
        938.914      0.00261439 
        939.271      0.00263525 
        939.986      0.00268478 
         940.58      0.00273072 
         940.66      0.00273725 
        940.675      0.00273848 
          940.7       0.0027405 
         940.74      0.00274371 
        940.901      0.00275665 
        941.221      0.00278337 
        941.861      0.00283924 
        943.048      0.00294888 
         943.16       0.0029602 
        943.457      0.00299065 
        944.234      0.00306927 
        944.382      0.00308442 
        945.308      0.00318011 
         945.77      0.00323056 
        946.233      0.00328444 
        946.696      0.00334196 
        947.158      0.00340671 
        947.621      0.00347671 
        948.083      0.00354767 
        948.314      0.00357953 
        948.546      0.00360749 
        948.661      0.00362059 
        948.777      0.00363382 
        948.835      0.00364045 
        948.893      0.00364707 
        948.922       0.0036504 
        948.951      0.00365374 
        948.966      0.00365546 
         948.98      0.00365707 
        948.994      0.00365867 
        949.009       0.0036604 
        949.023        0.003662 
        949.037       0.0036636 
        949.052      0.00366533 
        949.066      0.00366693 
        949.095      0.00367029 
        949.153      0.00367698 
         949.23      0.00368587 
        949.258      0.00368911 
        949.269      0.00369037 
         949.28      0.00369165 
         949.33      0.00369747 
         949.36      0.00370092 
         949.43      0.00370906 
          949.5      0.00371716 
         949.64      0.00373284 
        949.795      0.00374849 
        949.879      0.00375612 
        949.921      0.00375958 
        949.963      0.00376316 
        950.047      0.00376979 
        950.131      0.00377607 
        950.467      0.00379919 
        950.888        0.003829 
        951.308      0.00386306 
        951.728      0.00390431 
        952.149      0.00395008 
          952.4      0.00398002 
        952.569      0.00400135 
        952.738      0.00402312 
        953.076      0.00406786 
        953.753      0.00416264 
        954.198      0.00422811 
         954.43      0.00426358 
        955.106      0.00436864 
        956.014      0.00451196 
         956.37      0.00457042 
         957.83      0.00481091 
        958.148      0.00486375 
        959.289      0.00505765 
         960.43      0.00525821 
        961.192      0.00539616 
        962.712      0.00567177 
        964.231      0.00595498 
         965.75       0.0062496 
        966.507      0.00639873 
        966.767      0.00645073 
        967.269      0.00655229 
        968.032      0.00670875 
        968.668      0.00684079 
        968.979      0.00690591 
        969.297      0.00697258 
        969.927      0.00710324 
        970.401      0.00719648 
        970.638      0.00723826 
        970.874      0.00727147 
        970.992      0.00728064 
         971.11      0.00728174 
         971.23      0.00726905 
        971.348      0.00723349 
        971.535      0.00716038 
        971.567       0.0071568 
        971.584      0.00716019 
        971.635      0.00718979 
        971.644      0.00719883 
        971.703      0.00727618 
        971.732      0.00731407 
        971.762      0.00733741 
        971.778      0.00734288 
        971.792      0.00734611 
        971.806      0.00734916 
        971.821      0.00735246 
        971.827      0.00735378 
        971.833       0.0073551 
        971.836      0.00735576 
        971.839      0.00735642 
        971.851      0.00735902 
        971.866      0.00736232 
         971.88       0.0073654 
         971.91      0.00737099 
        971.969      0.00734112 
        972.037      0.00728133 
        972.087      0.00726952 
        972.137      0.00728746 
         972.15       0.0072955 
        972.237      0.00736622 
        972.324      0.00744388 
        972.499      0.00756807 
        972.548      0.00759483 
        972.673      0.00765169 
        972.798      0.00769869 
        972.851      0.00771638 
        973.048      0.00777598 
        973.298      0.00784578 
         973.64      0.00793293 
        973.746      0.00795922 
         974.64       0.0081798 
         975.64      0.00842993 
        975.974      0.00851497 
         977.64      0.00894958 
        979.305      0.00940062 
         980.97      0.00987004 
        981.347      0.00997924 
        982.635       0.0103605 
        983.923       0.0107552 
         986.38       0.0115443 
        986.499       0.0115839 
        986.618       0.0116236 
        986.856       0.0117021 
        987.259       0.0118374 
        987.333       0.0118625 
        988.286       0.0121903 
        989.312       0.0125529 
        991.366       0.0133089 
        992.959       0.0139245 
        993.419       0.0141073 
         993.88       0.0142923 
          994.8       0.0146692 
        994.836       0.0146841 
        996.641       0.0154507 
        997.574       0.0158612 
        997.806       0.0159649 
        998.447       0.0162543 
        999.319       0.0166564 
        999.435       0.0167105 
        1001.06        0.017488 
        1002.69       0.0182988 
        1004.32       0.0191446 
        1005.84       0.0199624 
        1005.95       0.0200265 
        1007.58       0.0209459 
        1009.33        0.021974 
        1011.07       0.0230493 
         1011.3       0.0231959 
        1012.82        0.024173 
        1014.33       0.0251882 
        1015.38       0.0259152 
        1015.84       0.0262436 
        1017.36       0.0273391 
        1017.62       0.0275359 
        1019.05       0.0286133 
        1019.33       0.0288341 
        1021.04       0.0301869 
        1022.04       0.0310075 
        1022.54        0.031426 
        1023.04       0.0318451 
        1023.54       0.0322331 
        1023.79       0.0324036 
        1024.04       0.0325215 
        1024.17       0.0325444 
        1024.29       0.0325233 
        1024.41       0.0324561 
        1024.54       0.0322858 
        1024.74       0.0320075 
        1024.77       0.0320141 
        1024.79       0.0320436 
        1024.84       0.0321756 
        1024.85       0.0322183 
        1024.91        0.032539 
        1024.95       0.0326917 
        1024.98       0.0327828 
        1024.99       0.0328039 
        1025.01       0.0328193 
        1025.03       0.0328331 
        1025.04       0.0328463 
        1025.06       0.0328601 
        1025.07       0.0328743 
        1025.09       0.0328871 
         1025.1       0.0329013 
        1025.13        0.032928 
         1025.2       0.0328702 
        1025.27       0.0326119 
        1025.32        0.032518 
        1025.37       0.0325331 
        1025.47       0.0327784 
        1025.52       0.0329569 
        1025.57       0.0331297 
        1025.62       0.0333018 
        1025.72       0.0336147 
        1025.77       0.0337388 
        1025.92       0.0340539 
        1026.07       0.0343096 
        1026.22       0.0345204 
        1026.52       0.0348648 
        1026.56       0.0349138 
        1026.82       0.0351799 
        1027.07       0.0354312 
        1027.58       0.0359125 
        1028.11       0.0364173 
        1028.59       0.0368773 
         1028.8       0.0370786 
        1029.07       0.0373435 
        1029.34       0.0376108 
        1029.88       0.0381506 
        1030.96        0.039252 
        1033.08       0.0414854 
        1033.13       0.0415416 
        1033.19       0.0415981 
        1033.23        0.041645 
        1033.29       0.0417112 
         1033.5       0.0419381 
        1033.91       0.0423952 
        1034.75       0.0433232 
        1036.27       0.0450639 
        1037.78       0.0468685 
        1039.17       0.0485778 
        1039.26       0.0486856 
         1039.3       0.0487393 
        1039.34       0.0487933 
         1039.5        0.048995 
        1039.52       0.0490101 
        1039.86       0.0494465 
        1040.55       0.0503299 
        1041.92       0.0521401 
        1044.35       0.0554702 
        1046.77       0.0589947 
        1049.03       0.0624706 
        1049.19       0.0627235 
        1049.35       0.0629773 
        1049.67       0.0634875 
        1050.31       0.0645195 
        1051.59         0.06663 
        1053.95        0.070688 
        1054.15       0.0710421 
        1054.35       0.0713977 
        1054.75       0.0721143 
        1054.95        0.072475 
        1055.55       0.0735667 
        1057.15       0.0765528 
        1059.36       0.0808401 
        1061.56       0.0853495 
        1063.16       0.0887717 
        1063.76       0.0900874 
        1064.36       0.0914207 
        1065.56       0.0941416 
        1066.56       0.0964657 
        1067.96       0.0998081 
        1069.36        0.103256 
        1069.96        0.104766 
        1072.16        0.110475 
        1074.36        0.116469 
        1076.56        0.122759 
        1078.16        0.127527 
        1078.69        0.129124 
        1078.76        0.129359 
        1078.98        0.130025 
        1079.36        0.131215 
        1080.57        0.135005 
        1080.71        0.135473 
        1082.44        0.141132 
        1084.17        0.147004 
         1085.9        0.153098 
        1087.64        0.159423 
        1089.32        0.165793 
        1089.37        0.165982 
        1089.42        0.166179 
        1089.52        0.166565 
        1089.72        0.167341 
        1090.12        0.168902 
        1090.67        0.171071 
        1090.92        0.172065 
        1092.52        0.178552 
        1094.37        0.186332 
        1096.22         0.19442 
        1096.77        0.196885 
        1098.07        0.202822 
        1099.37        0.208922 
        1099.57        0.209875 
        1101.97        0.221626 
        1104.37        0.233976 
        1106.78         0.24695 
        1108.98        0.259415 
        1109.18        0.260576 
        1109.38        0.261742 
        1109.78        0.264088 
        1109.98        0.265268 
        1110.58        0.268837 
        1112.18         0.27857 
        1114.38        0.292476 
        1116.58        0.307011 
        1118.18        0.317992 
        1118.68        0.321523 
        1118.78        0.322202 
        1119.38        0.326462 
        1120.08        0.331466 
        1121.47        0.341689 
        1123.78        0.359269 
        1124.25        0.362995 
        1124.73        0.366759 
        1125.68         0.37439 
        1125.79        0.375266 
        1127.08         0.38581 
        1127.59        0.390088 
        1127.85        0.392262 
        1129.38        0.405441 
        1129.77        0.408803 
        1131.69        0.425981 
        1133.62         0.44381 
        1135.54         0.46231 
        1137.46        0.481512 
        1139.39        0.501426 
        1141.31         0.52207 
        1142.08        0.530536 
        1143.23        0.543474 
           1144        0.552257 
        1144.39        0.556687 
         1146.7        0.583915 
        1149.39        0.617084 
        1149.77        0.621935 
        1152.08        0.651852 
        1154.39        0.682919 
         1156.7        0.715202 
        1158.62        0.742691 
           1159        0.748155 
        1159.01        0.748271 
        1159.39        0.753885 
        1160.16        0.765103 
         1161.7        0.787779 
        1164.39         0.82841 
        1169.39        0.905322 
         1171.9        0.944338 
        1173.15        0.964695 
         1174.4        0.985675 
        1175.65         1.00816 
         1176.9         1.03224 
        1177.86         1.05171 
        1178.15          1.0576 
         1179.4         1.08415 
        1180.94         1.11841 
        1182.86         1.16256 
        1184.01         1.18982 
        1185.17         1.21767 
        1185.56         1.22712 
        1187.48         1.27452 
         1189.4          1.3232 
        1191.32         1.37364 
        1192.09          1.3942 
        1193.24           1.426 
        1194.03         1.44807 
         1194.4         1.45844 
        1196.72         1.52502 
         1196.9          1.5304 
         1199.4         1.60518 
         1201.9         1.68397 
         1204.4         1.76827 
         1206.9         1.85707 
        1208.48         1.91485 
         1209.4         1.94907 
        1210.33         1.98344 
        1211.64         2.03281 
        1212.16         2.05261 
        1212.69         2.07254 
        1213.61         2.10782 
        1213.74         2.11288 
        1213.81         2.11532 
        1213.88         2.11795 
        1214.14         2.12813 
        1214.17         2.12946 
        1214.47         2.14101 
        1214.62         2.14682 
        1214.76         2.15263 
        1214.84         2.15554 
        1214.91         2.15846 
        1214.95         2.15992 
        1214.98         2.16138 
           1215         2.16213 
        1215.02         2.16284 
        1215.04         2.16355 
        1215.06          2.1643 
        1215.08         2.16501 
         1215.1         2.16573 
        1215.11         2.16648 
        1215.13         2.16719 
        1215.17         2.16865 
        1215.24         2.17159 
        1215.39         2.17746 
        1215.64         2.18726 
        1215.69         2.18925 
        1215.74         2.19125 
         1215.8         2.19357 
        1215.84         2.19525 
        1216.04         2.20327 
        1216.06         2.20436 
        1216.28         2.21301 
        1216.76         2.23261 
        1217.46         2.26118 
        1218.32         2.29644 
        1218.86         2.31914 
        1218.98         2.32429 
        1219.41         2.34173 
        1219.83           2.359 
         1220.1         2.37008 
        1220.67         2.39277 
        1222.36         2.45919 
        1224.62         2.54978 
        1226.88         2.64633 
        1228.86         2.73585 
        1229.13         2.74877 
        1229.41         2.76174 
        1229.74         2.77757 
        1229.96         2.78808 
        1230.18         2.79863 
        1230.62         2.81994 
        1231.49         2.86315 
        1231.69         2.87326 
        1233.24         2.95211 
        1234.79         3.03284 
        1236.38         3.11762 
        1237.89         3.20081 
        1239.41         3.28611 
        1240.47         3.34718 
        1242.44         3.46364 
        1244.41         3.58374 
        1247.29         3.76646 
        1248.35         3.83585 
        1248.65         3.85568 
        1249.41         3.90638 
        1251.53         4.05099 
        1251.91         4.07741 
        1254.41         4.25513 
        1256.91         4.43992 
        1259.41         4.63171 
        1261.91         4.83127 
        1264.41         5.03965 
        1266.91          5.2584 
        1269.41         5.48729 
        1271.91         5.72866 
        1274.41         5.98056 
        1276.91         6.24065 
        1279.42         6.51183 
        1281.92         6.79294 
        1284.42         7.08219 
        1286.92         7.38142 
        1289.42         7.69194 
        1291.92         8.01031 
        1294.42         8.33995 
        1296.92         8.68075 
        1299.42         9.03352 
        1301.92         9.40191 
        1304.42         9.78352 
        1306.92         10.1774 
        1309.42         10.5851 
        1311.92         11.0042 
        1314.42         11.4373 
        1316.92         11.8856 
        1319.42         12.3498 
        1321.92         12.8301 
        1324.42          13.328 
        1326.92         13.8469 
        1329.42         14.3833 
        1334.42         15.4998 
        1339.42         16.6878 
        1341.92         17.3097 
        1344.42         17.9521 
        1346.92         18.6219 
        1349.42         19.3148 
        1354.42         20.7702 
        1359.42         22.3207 
        1364.42         23.9553 
        1365.19         24.2146 
        1369.42         25.6865 
        1373.65         27.2404 
        1376.35         28.2788 
        1377.88         28.8873 
        1379.42         29.5079 
        1380.57         29.9805 
         1382.5         30.7848 
        1384.42         31.6088 
        1387.12         32.7963 
        1388.27         33.3156 
        1389.03         33.6622 
        1389.42         33.8419 
        1391.73         34.9172 
        1394.42         36.2081 
        1399.42         38.6944 
        1404.42         41.3286 
        1409.42         44.1234 
        1414.42         47.1006 
        1419.42          50.274 
        1424.42         53.6204 
        1429.42         57.1522 
        1434.42         60.8508 
        1439.42         64.7419 
        1444.42         68.8364 
        1449.42         73.1853 
        1454.42          77.821 
        1459.42         82.7156 
        1464.42          87.903 
        1465.96         89.5602 
        1469.42         93.3798 
        1472.88          97.314 
        1473.27         97.7535 
        1474.42         99.0846 
        1476.35         101.337 
        1479.42         105.015 
        1484.42         111.232 
        1489.42         117.741 
        1494.42         124.531 
        1499.42         131.698 
        1504.42         139.326 
        1509.42         147.398 
        1514.42           155.9 
        1519.42          164.87 
        1524.42         174.381 
        1529.42         184.403 
        1534.42         194.787 
        1539.42         205.502 
        1544.42         216.635 
        1549.42         228.198 
        1554.42         240.101 
        1559.42         252.335 
        1564.42         265.076 
        1566.72         271.142 
        1569.42         278.433 
        1570.19         280.566 
        1572.11         285.941 
        1574.41         292.523 
         1574.8         293.633 
        1579.41         307.293 
        1584.41         322.767 
        1589.41         338.918 
        1594.41         355.792 
        1599.41         373.576 
        1604.41          392.19 
        1609.41         411.944 
        1614.41          432.83 
        1619.41         455.025 
        1624.41         478.634 
        1629.41         503.629 
        1634.41         530.031 
        1639.41         557.331 
        1644.41         585.376 
        1649.41         613.757 
        1654.41         642.528 
        1659.41         671.622 
        1664.41         701.467 
        1665.56         708.366 
         1669.4         731.865 
        1670.17         736.663 
        1673.25         756.197 
         1674.4         763.526 
        1676.33         776.002 
         1679.4         796.139 
         1684.4         830.232 
         1689.4         865.487 
         1694.4         902.297 
         1699.4         941.099 
         1704.4         981.603 
         1709.4         1023.75 
         1714.4         1067.75 
         1719.4         1113.36 
         1724.4         1160.93 
         1729.4         1210.39 
         1734.4         1261.74 
         1739.4          1314.9 
         1744.4          1369.9 
        1749.39         1426.33 
        1754.39         1484.71 
        1759.39         1544.93 
        1764.39         1607.12 
        1767.08         1641.42 
        1767.85         1651.34 
        1769.39         1671.32 
         1771.7         1701.69 
        1774.39         1737.79 
        1775.55         1753.47 
        1779.39          1806.6 
        1784.39         1878.06 
        1789.39         1952.03 
        1794.39         2028.17 
        1799.39         2106.84 
        1809.39         2271.29 
        1819.38         2446.38 
           1824          2530.7 
        1829.38         2632.12 
        1834.77         2736.92 
        1840.15         2844.88 
        1845.54         2956.35 
        1850.92         3071.74 
         1856.3         3191.58 
           1864         3368.38 
        1867.07         3440.99 
        1870.14         3514.88 
        1876.29         3667.62 
        1882.44         3825.86 
        1888.59         3989.79 
        1894.73         4159.59 
        1900.88         4335.37 
        1906.98         4515.95 
        1907.03         4517.36 
        1913.17         4705.63 
        1919.37         4901.83 
        1925.56         5103.14 
        1931.76         5311.96 
        1937.95          5532.5 
        1944.14          5755.3 
        1944.47          5767.3 
        1950.34         5991.21 
        1956.53         6228.65 
        1968.59         6712.58 
        1980.65         7226.32 
        1992.71         7771.17 
        2004.77         8348.91 
        2015.84         8909.53 
        2016.83         8960.92 
        2017.81         9012.57 
        2019.79         9116.96 
        2023.73         9330.97 
        2031.63         9768.72 
        2039.52         10216.5 
        2047.42         10680.4 
        2055.31         11161.1 
        2059.38         11415.4 
         2063.2         11658.9 
        2067.03         11906.5 
        2074.69         12416.5 
        2082.34         12943.8 
        2089.99         13488.7 
        2094.36         13807.1 
        2097.65         14051.6 
         2105.3         14632.8 
        2116.25         15497.2 
         2127.2         16402.5 
        2132.72         16878.4 
        2138.15         17358.7 
         2149.1         18346.5 
        2165.47         19902.6 
        2181.85         21558.1 
        2198.22         23316.3 
         2214.5         25173.2 
         2214.6         25184.6 
         2214.7           25196 
        2214.74         25201.4 
        2214.89         25218.7 
        2215.28         25264.2 
        2216.05         25355.4 
         2217.6         25538.5 
        2220.71         25904.6 
        2226.91         26648.1 
        2227.03         26662.6 
        2239.33         28183.3 
        2251.62         29760.6 
        2263.91         31404.3 
        2276.21         33155.7 
         2288.5         34958.7 
        2300.79         36830.5 
        2312.95         38775.4 
        2313.04         38790.8 
        2313.09         38798.7 
        2313.13         38806.2 
        2313.32         38836.4 
         2313.7         38896.7 
        2314.45         39017.6 
        2315.95         39260.2 
        2318.95         39748.7 
        2324.96         40738.9 
        2336.98         42798.2 
           2349         44962.2 
        2359.67         46954.2 
        2361.01         47209.3 
        2362.35           47471 
        2365.04         47999.5 
         2370.4         49070.1 
        2381.12         51269.8 
        2391.85         53547.8 
        2395.88         54452.6 
        2402.58         55988.8 
        2409.27         57561.5 
        2422.67         60834.7 
        2436.06         64402.3 
        2442.71         66248.3 
        2449.45         68173.8 
        2451.59         68797.1 
        2456.19         70157.7 
        2460.79         71642.4 
        2469.99         74695.4 
        2479.19         77912.4 
        2488.39           81323 
        2497.59         85039.5 
        2503.55         87571.3 
        2506.78           88979 
        2510.01         90408.1 
        2516.47         93284.9 
        2522.93         96060.2 
        2529.39         99112.5 
        2535.86          102349 
        2542.32          105746 
        2548.78          109218 
        2551.24          110570 
        2555.24          112795 
        2559.23          115068 
        2567.22          120045 
        2575.22          125331 
        2583.21          130836 
         2591.2          136590 
        2599.19          142680 
        2607.18          149053 
        2615.18          155601 
        2623.17          162372 
        2631.16          169374 
        2636.62          174295 
        2639.15          176619 
        2647.14          184233 
        2652.41          189382 
        2657.67          194610 
        2662.93          199282 
        2668.19          204002 
        2673.46          208778 
        2678.72          213611 
        2689.24          223411 
        2710.29          243691 
        2731.34          264710 
        2748.67          282549 
        2752.39          286447 
        2756.11          290366 
        2763.55          298616 
        2778.42          315416 
        2793.29          332688 
        2808.16          350460 
        2821.27          366555 
        2823.03          368757 
        2837.91          387776 
        2846.23          398665 
        2854.55          409720 
        2862.87          421831 
        2871.19          434168 
        2879.51          446725 
        2887.83          459530 
        2904.47          485838 
        2921.11          513097 
        2922.51          515441 
        2937.75          541469 
        2952.98          568396 
        2983.46          622086 
        3013.93          678782 
        3037.39          724414 
        3044.41          738391 
        3051.42          752506 
        3058.43          768562 
        3065.45          784836 
        3079.48          818033 
        3107.53          887349 
        3121.33          922947 
        3135.59          960680 
        3142.72          979894 
        3149.86          999350 
        3156.99      1.02115e+6 
        3164.12      1.04324e+6 
        3171.26      1.06563e+6 
        3178.39      1.08829e+6 
        3185.52      1.11123e+6 
        3199.78      1.15792e+6 
        3208.34      1.18645e+6 
        3228.32      1.25477e+6 
        3238.31      1.28992e+6 
         3243.3      1.30779e+6 
        3248.29       1.3258e+6 
        3253.29       1.3394e+6 
        3258.28      1.35307e+6 
        3263.28      1.36681e+6 
        3268.27      1.38061e+6 
        3278.26       1.4084e+6 
        3298.24      1.46474e+6 
        3329.66      1.55537e+6 
        3338.19      1.58038e+6 
        3346.73      1.60556e+6 
        3350.74      1.61776e+6 
         3363.8      1.65774e+6 
        3397.95      1.76405e+6 
        3441.16      1.90201e+6 
        3445.17        1.915e+6 
        3492.38      2.06976e+6 
        3495.92      2.08151e+6 
         3543.6      2.24161e+6 
        3591.28      2.40532e+6 
        3635.88      2.56121e+6 
        3638.96      2.57204e+6 
        3642.04       2.5831e+6 
        3643.12      2.58698e+6 
        3645.12      2.59415e+6 
        3645.28      2.59473e+6 
        3647.12      2.60134e+6 
        3648.96      2.60795e+6 
        3651.32      2.61642e+6 
        3652.64      2.62116e+6 
        3653.96      2.62591e+6 
        3654.24      2.62691e+6 
         3656.6      2.63538e+6 
        3658.96      2.64386e+6 
         3663.4      2.65979e+6 
        3663.68       2.6608e+6 
        3663.96       2.6618e+6 
        3664.52      2.66381e+6 
        3665.64      2.66782e+6 
         3666.8      2.67198e+6 
        3667.88      2.67586e+6 
        3668.28       2.6773e+6 
        3668.95      2.67973e+6 
        3671.11      2.68748e+6 
        3673.95      2.69766e+6 
         3675.2      2.70213e+6 
        3678.95      2.71557e+6 
        3682.58      2.72857e+6 
         3682.7        2.729e+6 
        3682.82      2.72943e+6 
        3683.06      2.73029e+6 
        3683.18       2.7307e+6 
        3683.54        2.732e+6 
         3684.5      2.73544e+6 
        3684.82      2.73657e+6 
        3685.83      2.74017e+6 
        3686.83      2.74377e+6 
        3688.74       2.7506e+6 
        3688.85      2.75097e+6 
        3688.94      2.75131e+6 
        3688.95      2.75135e+6 
        3689.16      2.75209e+6 
        3689.38      2.75287e+6 
        3689.73      2.75413e+6 
        3689.82      2.75444e+6 
         3689.9      2.75474e+6 
        3690.07      2.75535e+6 
        3690.41      2.75656e+6 
        3690.62      2.75733e+6 
        3691.09      2.75899e+6 
        3691.47      2.76035e+6 
        3691.55      2.76065e+6 
         3691.7      2.76117e+6 
        3692.48      2.76398e+6 
         3693.5       2.7676e+6 
         3694.4      2.77082e+6 
         3695.3      2.77403e+6 
        3695.81      2.77585e+6 
         3696.2      2.77724e+6 
        3696.53      2.77842e+6 
        3696.59      2.77863e+6 
        3696.65      2.77885e+6 
        3696.67      2.77892e+6 
        3696.76      2.77925e+6 
        3696.77      2.77929e+6 
        3696.87      2.77965e+6 
        3696.93      2.77986e+6 
        3696.99      2.78006e+6 
        3697.04      2.78026e+6 
         3697.1      2.78046e+6 
        3697.15      2.78066e+6 
        3697.21      2.78086e+6 
        3697.26      2.78106e+6 
        3697.32      2.78126e+6 
        3697.35      2.78135e+6 
        3697.41      2.78156e+6 
        3697.43      2.78166e+6 
        3697.46      2.78176e+6 
         3697.5      2.78189e+6 
        3697.53        2.782e+6 
        3697.58      2.78218e+6 
        3697.66      2.78246e+6 
        3697.82      2.78304e+6 
        3698.11      2.78407e+6 
        3698.43      2.78522e+6 
        3698.69      2.78614e+6 
        3698.89      2.78685e+6 
        3698.95      2.78706e+6 
        3699.01      2.78728e+6 
        3699.13      2.78772e+6 
        3699.37      2.78859e+6 
        3699.53      2.78916e+6 
        3699.86      2.79033e+6 
        3699.88      2.79039e+6 
        3700.19       2.7915e+6 
         3700.2      2.79153e+6 
         3700.5      2.79262e+6 
        3700.81      2.79371e+6 
        3700.84      2.79382e+6 
        3701.09      2.79472e+6 
        3701.42      2.79588e+6 
        3701.99      2.79793e+6 
        3702.44      2.79954e+6 
        3702.89      2.80115e+6 
        3703.12      2.80196e+6 
        3703.35      2.80276e+6 
        3703.46      2.80316e+6 
        3703.57      2.80356e+6 
        3703.63      2.80376e+6 
        3703.68      2.80397e+6 
        3703.74      2.80416e+6 
         3703.8      2.80437e+6 
        3703.85      2.80457e+6 
        3703.91      2.80477e+6 
        3703.97      2.80497e+6 
        3704.02      2.80517e+6 
        3704.09       2.8054e+6 
        3704.13      2.80557e+6 
        3704.18      2.80575e+6 
        3704.21      2.80584e+6 
        3704.22      2.80588e+6 
        3704.28      2.80611e+6 
        3704.31      2.80621e+6 
        3704.36      2.80638e+6 
        3704.41      2.80654e+6 
        3704.49      2.80684e+6 
        3704.57      2.80711e+6 
        3704.59       2.8072e+6 
        3704.69      2.80755e+6 
        3704.81      2.80798e+6 
        3705.05      2.80885e+6 
        3705.37      2.80999e+6 
        3705.54      2.81059e+6 
        3705.71       2.8112e+6 
        3706.05      2.81241e+6 
        3706.07      2.81249e+6 
        3706.73      2.81483e+6 
        3707.27      2.81674e+6 
        3707.39      2.81718e+6 
        3707.51      2.81763e+6 
        3707.61      2.81798e+6 
        3707.76      2.81851e+6 
        3707.91      2.81904e+6 
        3708.12      2.81977e+6 
        3708.21       2.8201e+6 
         3708.3      2.82043e+6 
        3708.49      2.82108e+6 
        3708.76      2.82207e+6 
        3708.85      2.82239e+6 
        3708.87      2.82246e+6 
        3708.95      2.82272e+6 
        3709.13      2.82337e+6 
        3709.21      2.82365e+6 
        3709.49      2.82466e+6 
        3710.11      2.82686e+6 
         3710.9      2.82969e+6 
        3711.01      2.83008e+6 
        3711.12      2.83047e+6 
        3711.21       2.8308e+6 
        3711.32      2.83119e+6 
        3711.34      2.83124e+6 
        3711.46      2.83169e+6 
        3711.52      2.83188e+6 
        3711.58      2.83209e+6 
         3711.6      2.83219e+6 
        3711.69      2.83249e+6 
        3711.75       2.8327e+6 
         3711.8       2.8329e+6 
        3711.86      2.83309e+6 
        3711.91       2.8333e+6 
        3711.97       2.8335e+6 
        3712.03       2.8337e+6 
        3712.08       2.8339e+6 
        3712.14       2.8341e+6 
         3712.2      2.83433e+6 
        3712.25       2.8345e+6 
         3712.3      2.83468e+6 
        3712.33      2.83477e+6 
        3712.33      2.83478e+6 
         3712.4      2.83504e+6 
        3712.48      2.83531e+6 
        3712.63      2.83585e+6 
        3712.93      2.83692e+6 
        3713.23      2.83797e+6 
        3713.53      2.83905e+6 
        3713.83      2.84013e+6 
        3714.24      2.84159e+6 
        3714.42      2.84222e+6 
        3714.44      2.84229e+6 
        3714.64      2.84299e+6 
        3715.03      2.84439e+6 
        3715.64      2.84656e+6 
        3716.76      2.85056e+6 
        3716.79      2.85065e+6 
        3716.86       2.8509e+6 
        3716.95      2.85124e+6 
        3717.14      2.85192e+6 
        3717.52      2.85327e+6 
        3718.19      2.85563e+6 
        3718.26      2.85588e+6 
        3718.33      2.85613e+6 
        3718.47      2.85663e+6 
        3718.56      2.85694e+6 
        3718.63       2.8572e+6 
        3718.73      2.85757e+6 
        3718.75      2.85762e+6 
        3718.94      2.85831e+6 
        3719.25      2.85941e+6 
        3719.47       2.8602e+6 
        3719.77      2.86126e+6 
        3720.07      2.86232e+6 
        3720.36      2.86323e+6 
        3720.52      2.86376e+6 
        3720.67      2.86422e+6 
        3720.98       2.8652e+6 
         3721.2      2.86588e+6 
        3721.43      2.86657e+6 
        3721.54       2.8669e+6 
        3721.66      2.86724e+6 
        3721.71      2.86741e+6 
        3721.77      2.86758e+6 
        3721.82      2.86775e+6 
        3721.88      2.86792e+6 
        3721.94      2.86809e+6 
        3721.99      2.86826e+6 
        3722.05      2.86843e+6 
        3722.11       2.8686e+6 
        3722.22      2.86894e+6 
         3722.4      2.86947e+6 
        3722.45      2.86962e+6 
         3722.5      2.86978e+6 
         3722.6      2.87007e+6 
         3722.7      2.87037e+6 
         3722.8      2.87067e+6 
         3722.9      2.87098e+6 
        3723.11       2.8716e+6 
        3723.23      2.87197e+6 
        3723.52      2.87284e+6 
        3723.81       2.8737e+6 
        3724.38      2.87543e+6 
        3725.45      2.87864e+6 
        3725.53      2.87888e+6 
        3725.62      2.87913e+6 
        3725.75      2.87953e+6 
        3725.78      2.87963e+6 
        3725.92      2.88003e+6 
        3725.93      2.88007e+6 
        3726.11      2.88063e+6 
        3726.48      2.88172e+6 
        3727.04       2.8834e+6 
        3727.37      2.88437e+6 
        3728.15      2.88673e+6 
        3728.64      2.88819e+6 
        3728.94      2.88909e+6 
        3729.01       2.8893e+6 
        3729.24         2.89e+6 
        3729.84       2.8918e+6 
        3730.68       2.8943e+6 
        3732.19      2.89884e+6 
        3732.34      2.89929e+6 
        3732.49      2.89974e+6 
        3732.79      2.90064e+6 
        3733.35      2.90231e+6 
        3733.38       2.9024e+6 
        3733.39      2.90243e+6 
         3733.4      2.90246e+6 
        3733.45      2.90261e+6 
        3733.55      2.90291e+6 
        3733.65       2.9032e+6 
        3733.75      2.90351e+6 
        3733.86      2.90382e+6 
           3734      2.90426e+6 
        3734.04      2.90438e+6 
        3734.06      2.90444e+6 
        3734.08       2.9045e+6 
        3734.13      2.90464e+6 
        3734.14      2.90467e+6 
        3734.16      2.90474e+6 
         3734.2      2.90484e+6 
        3734.25      2.90501e+6 
        3734.31      2.90518e+6 
        3734.37      2.90534e+6 
        3734.43      2.90552e+6 
        3734.48      2.90569e+6 
        3734.54      2.90586e+6 
        3734.65       2.9062e+6 
        3734.83      2.90673e+6 
        3734.88      2.90687e+6 
        3734.93      2.90703e+6 
        3735.03      2.90733e+6 
        3735.12      2.90761e+6 
        3735.17      2.90776e+6 
        3735.23      2.90793e+6 
        3735.33      2.90824e+6 
        3735.39      2.90841e+6 
        3735.49      2.90872e+6 
        3735.82      2.90969e+6 
           3736      2.91023e+6 
        3736.24      2.91096e+6 
        3736.49      2.91169e+6 
        3736.97      2.91314e+6 
        3737.83       2.9157e+6 
        3737.94      2.91605e+6 
        3738.06       2.9164e+6 
        3738.29      2.91709e+6 
        3738.59      2.91797e+6 
        3738.76      2.91849e+6 
        3738.94      2.91902e+6 
        3739.29      2.92006e+6 
         3739.5      2.92069e+6 
        3739.99      2.92216e+6 
        3740.48      2.92362e+6 
        3741.21      2.92582e+6 
        3741.45      2.92654e+6 
        3741.69      2.92726e+6 
        3742.09      2.92845e+6 
        3742.18       2.9287e+6 
        3742.26      2.92895e+6 
        3742.43      2.92945e+6 
        3742.67      2.93017e+6 
        3742.73      2.93036e+6 
        3742.76      2.93045e+6 
         3742.8      2.93054e+6 
        3742.86      2.93075e+6 
        3742.92      2.93091e+6 
        3743.17      2.93166e+6 
        3743.66      2.93314e+6 
        3744.62      2.93599e+6 
        3744.65      2.93609e+6 
        3746.45      2.94144e+6 
        3747.61       2.9449e+6 
        3748.27      2.94688e+6 
        3748.84       2.9486e+6 
         3748.9      2.94877e+6 
        3748.93      2.94887e+6 
        3748.96      2.94895e+6 
        3748.99      2.94902e+6 
        3749.08      2.94931e+6 
        3749.12      2.94941e+6 
        3749.18       2.9496e+6 
        3749.38      2.95019e+6 
        3749.41      2.95028e+6 
        3749.64      2.95096e+6 
        3749.75       2.9513e+6 
        3749.87      2.95164e+6 
        3749.92      2.95181e+6 
        3749.98      2.95198e+6 
        3750.04      2.95215e+6 
        3750.09      2.95231e+6 
        3750.15      2.95248e+6 
        3750.21      2.95265e+6 
        3750.27      2.95283e+6 
        3750.32        2.953e+6 
        3750.44      2.95334e+6 
        3750.62      2.95388e+6 
        3750.66      2.95402e+6 
        3750.72      2.95417e+6 
        3750.82      2.95447e+6 
        3750.91      2.95475e+6 
        3751.02      2.95507e+6 
        3751.12      2.95538e+6 
        3751.33      2.95602e+6 
        3751.48      2.95645e+6 
        3751.76      2.95728e+6 
        3752.03       2.9581e+6 
        3752.59      2.95975e+6 
        3753.53      2.96256e+6 
         3753.7      2.96305e+6 
        3753.78       2.9633e+6 
        3753.86      2.96353e+6 
        3754.18       2.9645e+6 
        3754.27      2.96476e+6 
        3754.84      2.96644e+6 
        3755.89      2.96957e+6 
        3756.09      2.97015e+6 
        3757.47      2.97427e+6 
        3757.51      2.97438e+6 
        3757.55      2.97449e+6 
        3758.93       2.9786e+6 
        3760.39      2.98294e+6 
        3761.66      2.98669e+6 
        3762.72      2.98984e+6 
        3763.23      2.99137e+6 
        3764.81      2.99604e+6 
        3765.07      2.99681e+6 
         3766.9      3.00224e+6 
        3768.55      3.00711e+6 
        3768.74      3.00768e+6 
        3768.93      3.00825e+6 
        3768.97      3.00837e+6 
         3769.2      3.00904e+6 
        3769.31      3.00939e+6 
        3769.66       3.0104e+6 
        3769.89      3.01108e+6 
        3770.11      3.01175e+6 
        3770.23      3.01209e+6 
        3770.34      3.01243e+6 
         3770.4       3.0126e+6 
        3770.46      3.01276e+6 
        3770.51      3.01293e+6 
        3770.57       3.0131e+6 
        3770.63      3.01326e+6 
        3770.69      3.01343e+6 
        3770.74      3.01361e+6 
         3770.8      3.01378e+6 
        3770.87      3.01397e+6 
        3770.92      3.01412e+6 
        3770.97      3.01427e+6 
        3770.99      3.01434e+6 
           3771      3.01438e+6 
        3771.07      3.01457e+6 
        3771.15      3.01481e+6 
         3771.3      3.01528e+6 
         3771.6      3.01616e+6 
        3771.89      3.01701e+6 
        3771.95      3.01719e+6 
        3772.21      3.01795e+6 
        3772.52      3.01888e+6 
        3773.15      3.02075e+6 
        3774.36      3.02431e+6 
         3775.5      3.02768e+6 
        3776.76      3.03141e+6 
        3777.13      3.03249e+6 
        3778.03      3.03515e+6 
         3778.4      3.03625e+6 
        3778.93      3.03781e+6 
        3780.73      3.04312e+6 
        3781.84      3.04641e+6 
        3783.05      3.04998e+6 
        3783.16       3.0503e+6 
        3784.26      3.05355e+6 
        3785.37       3.0568e+6 
        3786.22      3.05933e+6 
         3787.4       3.0628e+6 
        3787.57       3.0633e+6 
        3788.92      3.06728e+6 
        3790.45      3.07176e+6 
        3792.84      3.07879e+6 
        3793.49      3.08071e+6 
        3794.14      3.08262e+6 
         3794.9      3.08483e+6 
        3795.07      3.08533e+6 
        3795.44      3.08644e+6 
        3795.99      3.08804e+6 
        3796.45       3.0894e+6 
        3796.92      3.09076e+6 
        3797.15      3.09143e+6 
        3797.38      3.09211e+6 
        3797.49      3.09244e+6 
        3797.61      3.09278e+6 
        3797.67      3.09294e+6 
        3797.72      3.09311e+6 
        3797.78      3.09327e+6 
        3797.84      3.09344e+6 
         3797.9       3.0936e+6 
        3797.96      3.09377e+6 
        3798.01      3.09395e+6 
        3798.07      3.09413e+6 
        3798.19      3.09447e+6 
        3798.37      3.09501e+6 
        3798.42      3.09515e+6 
        3798.47       3.0953e+6 
        3798.57       3.0956e+6 
        3798.66      3.09586e+6 
        3798.75      3.09615e+6 
        3798.77      3.09619e+6 
        3798.84      3.09639e+6 
        3798.88      3.09652e+6 
        3798.92      3.09664e+6 
        3799.05      3.09701e+6 
        3799.09      3.09713e+6 
        3799.43      3.09812e+6 
        3799.47      3.09825e+6 
         3799.8      3.09923e+6 
        3800.56      3.10145e+6 
        3801.65      3.10465e+6 
        3802.32       3.1066e+6 
        3803.83      3.11104e+6 
        3805.35      3.11548e+6 
        3807.84      3.12276e+6 
        3808.38      3.12434e+6 
        3808.92      3.12592e+6 
           3810      3.12908e+6 
        3811.59      3.13371e+6 
        3812.16       3.1354e+6 
        3812.74      3.13709e+6 
         3813.9      3.14046e+6 
        3815.78      3.14596e+6 
        3816.09      3.14687e+6 
        3816.21      3.14722e+6 
        3816.64      3.14847e+6 
        3817.44      3.15086e+6 
         3817.5      3.15105e+6 
        3818.92      3.15529e+6 
        3820.39      3.15978e+6 
        3822.57      3.16638e+6 
        3823.35      3.16877e+6 
        3823.51      3.16927e+6 
        3824.13      3.17112e+6 
        3825.68      3.17587e+6 
         3826.8      3.17926e+6 
        3827.86      3.18246e+6 
        3828.91      3.18567e+6 
        3830.45      3.19035e+6 
        3831.02      3.19208e+6 
        3831.59      3.19377e+6 
           3832      3.19503e+6 
        3832.53       3.1966e+6 
        3832.73      3.19723e+6 
        3833.46      3.19943e+6 
        3833.93      3.20084e+6 
        3834.39      3.20226e+6 
        3834.63      3.20295e+6 
        3834.86      3.20367e+6 
        3834.97      3.20402e+6 
        3835.09      3.20436e+6 
        3835.15      3.20452e+6 
        3835.21      3.20468e+6 
        3835.27      3.20486e+6 
        3835.33      3.20502e+6 
        3835.38      3.20518e+6 
        3835.44      3.20537e+6 
         3835.5      3.20556e+6 
        3835.56      3.20574e+6 
        3835.63      3.20596e+6 
        3835.68      3.20612e+6 
        3835.73      3.20628e+6 
        3835.74      3.20634e+6 
        3835.77      3.20644e+6 
        3835.83      3.20659e+6 
        3835.91      3.20684e+6 
        3836.07      3.20735e+6 
        3836.38      3.20826e+6 
        3836.65      3.20907e+6 
        3836.98      3.21008e+6 
        3837.03      3.21024e+6 
        3837.31      3.21108e+6 
        3837.97       3.2131e+6 
        3838.65      3.21514e+6 
        3838.91      3.21595e+6 
        3839.18      3.21674e+6 
         3839.7      3.21834e+6 
        3840.76      3.22151e+6 
        3842.75      3.22755e+6 
        3842.83      3.22777e+6 
        3842.87      3.22789e+6 
        3842.91      3.22802e+6 
        3843.07      3.22849e+6 
        3843.38      3.22943e+6 
           3844      3.23129e+6 
        3844.59      3.23308e+6 
        3845.25      3.23506e+6 
        3845.55      3.23597e+6 
        3845.91      3.23707e+6 
        3847.23      3.24102e+6 
        3847.44      3.24168e+6 
        3848.91      3.24608e+6 
        3850.38      3.25051e+6 
        3851.98      3.25532e+6 
        3853.31      3.25931e+6 
        3854.64      3.26333e+6 
         3855.7       3.2665e+6 
         3857.3      3.27131e+6 
        3858.91      3.27612e+6 
        3862.01      3.28541e+6 
        3862.11      3.28573e+6 
        3862.22      3.28604e+6 
        3862.43      3.28667e+6 
        3862.85      3.28793e+6 
        3863.68      3.29044e+6 
        3865.17      3.29487e+6 
        3865.36      3.29547e+6 
        3865.56      3.29603e+6 
        3865.95       3.2972e+6 
        3866.73      3.29952e+6 
        3867.68      3.30235e+6 
        3868.29       3.3042e+6 
         3868.9      3.30602e+6 
        3870.13       3.3097e+6 
        3871.32      3.31328e+6 
        3872.59      3.31708e+6 
        3873.85      3.32085e+6 
        3876.32      3.32827e+6 
        3876.37      3.32839e+6 
        3876.37      3.32839e+6 
        3876.37      3.32842e+6 
        3876.42      3.32855e+6 
        3876.52      3.32886e+6 
        3876.72      3.32946e+6 
        3876.95      3.33012e+6 
        3877.12      3.33065e+6 
        3877.92      3.33304e+6 
         3878.9      3.33596e+6 
        3880.29      3.34011e+6 
        3880.85      3.34181e+6 
        3881.42      3.34347e+6 
        3882.55      3.34683e+6 
         3884.4      3.35236e+6 
         3884.8      3.35356e+6 
        3884.92       3.3539e+6 
         3885.2      3.35475e+6 
        3886.01      3.35714e+6 
        3886.15      3.35755e+6 
         3887.1      3.36037e+6 
        3887.57      3.36176e+6 
        3888.04      3.36314e+6 
        3888.28      3.36386e+6 
        3888.52      3.36452e+6 
        3888.63      3.36487e+6 
        3888.75      3.36521e+6 
        3888.84      3.36546e+6 
        3888.87      3.36549e+6 
        3888.87      3.36553e+6 
         3888.9      3.36559e+6 
        3888.93      3.36565e+6 
        3888.99      3.36581e+6 
        3889.05      3.36597e+6 
        3889.11      3.36615e+6 
        3889.17      3.36637e+6 
        3889.22      3.36656e+6 
        3889.29      3.36681e+6 
        3889.34      3.36697e+6 
        3889.39      3.36713e+6 
        3889.41      3.36716e+6 
        3889.45      3.36728e+6 
        3889.49      3.36744e+6 
        3889.58      3.36769e+6 
        3889.75      3.36823e+6 
        3890.05      3.36914e+6 
        3890.32      3.36992e+6 
        3890.47      3.37039e+6 
        3890.66      3.37093e+6 
           3891      3.37197e+6 
        3891.68      3.37401e+6 
        3892.89      3.37759e+6 
        3893.94      3.38073e+6 
        3894.46      3.38224e+6 
        3895.31      3.38478e+6 
        3896.22      3.38749e+6 
        3896.68      3.38884e+6 
        3898.89       3.3954e+6 
         3899.6      3.39748e+6 
        3901.57      3.40332e+6 
        3903.89      3.41017e+6 
        3904.25       3.4112e+6 
        3908.89      3.42487e+6 
        3913.89      3.43957e+6 
        3918.89      3.45537e+6 
        3923.89       3.4713e+6 
        3928.22      3.48506e+6 
        3928.35       3.4855e+6 
        3928.89       3.4872e+6 
        3929.56      3.48934e+6 
         3930.9      3.49358e+6 
        3933.45      3.50165e+6 
        3935.81       3.5091e+6 
        3937.35      3.51397e+6 
        3938.89       3.5188e+6 
        3940.04      3.52245e+6 
        3941.96      3.52848e+6 
        3943.88      3.53454e+6 
        3946.58      3.54299e+6 
        3947.73      3.54661e+6 
        3948.88      3.55022e+6 
        3950.65      3.55575e+6 
        3951.01      3.55688e+6 
        3951.19      3.55741e+6 
        3951.72      3.55908e+6 
        3952.78      3.56241e+6 
        3954.55      3.56791e+6 
        3957.31      3.57648e+6 
        3958.09       3.5789e+6 
        3958.62      3.58057e+6 
        3958.88      3.58135e+6 
        3960.45      3.58622e+6 
        3962.28      3.59191e+6 
        3965.74      3.60256e+6 
        3965.94      3.60319e+6 
        3966.15      3.60382e+6 
        3966.56      3.60507e+6 
        3966.68      3.60542e+6 
        3967.28      3.60727e+6 
        3967.38      3.60759e+6 
        3968.08      3.60972e+6 
        3968.71      3.61164e+6 
        3968.88      3.61214e+6 
        3969.05      3.61264e+6 
        3969.23      3.61321e+6 
        3969.29      3.61337e+6 
        3969.38      3.61365e+6 
        3969.53      3.61406e+6 
        3969.65       3.6144e+6 
        3969.77      3.61475e+6 
        3969.83       3.6149e+6 
        3969.89      3.61503e+6 
        3969.95      3.61516e+6 
        3970.01      3.61528e+6 
        3970.07      3.61544e+6 
        3970.13      3.61566e+6 
        3970.19      3.61591e+6 
        3970.25      3.61616e+6 
        3970.32      3.61641e+6 
        3970.37       3.6166e+6 
        3970.42      3.61679e+6 
        3970.43      3.61682e+6 
        3970.49      3.61701e+6 
        3970.52       3.6171e+6 
        3970.61      3.61742e+6 
         3970.8      3.61802e+6 
         3971.1      3.61899e+6 
        3971.33      3.61974e+6 
        3971.59      3.62056e+6 
         3971.7      3.62087e+6 
        3972.06      3.62204e+6 
        3972.79       3.6243e+6 
        3973.99      3.62804e+6 
        3974.94      3.63096e+6 
         3976.4      3.63548e+6 
        3976.84      3.63686e+6 
        3977.86      3.63997e+6 
        3978.87      3.64312e+6 
        3979.58      3.64528e+6 
         3980.9      3.64934e+6 
        3982.23      3.65342e+6 
        3984.18      3.65939e+6 
        3984.88      3.66156e+6 
        3985.12      3.66228e+6 
        3985.59      3.66369e+6 
        3986.99        3.668e+6 
        3988.87      3.67372e+6 
        3991.38      3.68135e+6 
        3992.62      3.68515e+6 
        3993.85      3.68886e+6 
        3993.87      3.68892e+6 
        3996.36      3.69646e+6 
        3998.87      3.70403e+6 
        4003.87      3.71911e+6 
        4008.87       3.7341e+6 
        4013.86      3.74924e+6 
        4018.86      3.76466e+6 
        4023.86      3.78003e+6 
        4025.34      3.78455e+6 
        4028.86       3.7953e+6 
        4032.38      3.80601e+6 
        4032.95       3.8077e+6 
        4033.86      3.81047e+6 
         4035.9      3.81666e+6 
        4038.86      3.82561e+6 
        4043.86      3.84063e+6 
        4048.86      3.85558e+6 
        4053.86      3.87044e+6 
        4058.85      3.88524e+6 
        4063.85      3.89994e+6 
        4068.85      3.91452e+6 
        4073.85        3.929e+6 
        4075.42      3.93356e+6 
        4078.85      3.94339e+6 
        4082.28      3.95319e+6 
        4082.56      3.95401e+6 
           4084      3.95809e+6 
         4085.7      3.96293e+6 
        4088.84      3.97179e+6 
         4089.7      3.97418e+6 
        4093.69      3.98533e+6 
        4096.52      3.99318e+6 
        4097.68      3.99639e+6 
        4098.01       3.9973e+6 
        4098.68      3.99912e+6 
        4098.84      3.99956e+6 
        4099.68      4.00182e+6 
        4100.17      4.00314e+6 
        4100.67      4.00446e+6 
        4100.92      4.00509e+6 
        4101.17      4.00572e+6 
         4101.3        4.006e+6 
        4101.42      4.00625e+6 
        4101.48      4.00635e+6 
        4101.55      4.00641e+6 
        4101.61      4.00644e+6 
        4101.67      4.00647e+6 
        4101.73      4.00657e+6 
         4101.8      4.00682e+6 
        4101.86      4.00716e+6 
        4101.92      4.00748e+6 
        4102.05      4.00801e+6 
         4102.3      4.00889e+6 
        4102.74      4.01031e+6 
        4102.79      4.01046e+6 
        4102.85      4.01062e+6 
        4102.94       4.0109e+6 
        4103.15       4.0115e+6 
         4103.3      4.01197e+6 
        4103.55      4.01269e+6 
        4103.79      4.01345e+6 
        4104.29      4.01489e+6 
        4104.78      4.01634e+6 
        4105.29      4.01781e+6 
        4105.79      4.01926e+6 
        4106.79      4.02215e+6 
        4108.68      4.02758e+6 
        4108.76       4.0278e+6 
         4108.8      4.02793e+6 
        4108.84      4.02806e+6 
        4108.86      4.02809e+6 
           4109      4.02853e+6 
        4109.32       4.0295e+6 
        4109.78      4.03091e+6 
         4110.7      4.03374e+6 
        4111.32       4.0356e+6 
        4112.55      4.03933e+6 
        4113.77      4.04307e+6 
        4114.69      4.04584e+6 
        4116.23      4.05049e+6 
        4116.69      4.05187e+6 
        4117.77       4.0551e+6 
        4118.13      4.05617e+6 
        4118.84      4.05831e+6 
        4120.98      4.06472e+6 
        4123.84      4.07323e+6 
        4126.14      4.08005e+6 
        4128.84        4.088e+6 
         4129.6      4.09026e+6 
        4131.53      4.09588e+6 
        4133.83      4.10264e+6 
        4134.22      4.10374e+6 
        4138.83      4.11715e+6 
        4143.83      4.13154e+6 
        4148.83      4.14583e+6 
        4153.83         4.16e+6 
        4158.83      4.17408e+6 
        4163.83      4.18806e+6 
        4168.82      4.20191e+6 
        4173.82      4.21567e+6 
        4178.82      4.22931e+6 
        4183.82      4.24285e+6 
        4188.82      4.25629e+6 
        4193.82      4.26964e+6 
        4198.82       4.2829e+6 
        4203.81      4.29603e+6 
        4208.81      4.30926e+6 
        4213.81      4.32252e+6 
        4216.52      4.32968e+6 
        4217.24      4.33157e+6 
        4218.81      4.33568e+6 
         4221.1      4.34168e+6 
        4223.81      4.34872e+6 
        4224.95       4.3517e+6 
        4228.81      4.36166e+6 
        4233.81      4.37451e+6 
        4238.81       4.3872e+6 
        4243.81       4.3998e+6 
         4248.8       4.4123e+6 
         4253.8      4.42465e+6 
         4258.8       4.4369e+6 
         4263.8      4.44906e+6 
         4268.8      4.46106e+6 
         4273.8      4.47294e+6 
         4278.8      4.48469e+6 
        4283.79      4.49631e+6 
        4288.79      4.50775e+6 
        4293.79      4.51906e+6 
        4298.79      4.53018e+6 
        4303.79      4.54105e+6 
        4308.79      4.55135e+6 
        4313.79      4.56137e+6 
        4314.07      4.56194e+6 
        4318.78      4.57114e+6 
        4320.85      4.57507e+6 
         4323.5         4.58e+6 
        4326.14      4.58484e+6 
        4326.48      4.58547e+6 
        4328.78      4.58958e+6 
        4330.23      4.59216e+6 
        4331.09      4.59367e+6 
        4331.15      4.59376e+6 
        4331.95      4.59514e+6 
        4333.66       4.5981e+6 
        4334.06      4.59879e+6 
        4336.17      4.60243e+6 
        4337.79      4.60514e+6 
        4338.22      4.60586e+6 
        4338.28      4.60595e+6 
        4338.78      4.60674e+6 
        4338.81       4.6068e+6 
        4339.34      4.60755e+6 
         4339.6       4.6079e+6 
        4339.87      4.60818e+6 
           4340      4.60828e+6 
        4340.13      4.60828e+6 
         4340.2      4.60821e+6 
        4340.26      4.60809e+6 
        4340.33      4.60781e+6 
         4340.4      4.60755e+6 
        4340.46      4.60746e+6 
        4340.53      4.60781e+6 
        4340.59      4.60834e+6 
        4340.66      4.60887e+6 
        4340.79      4.60963e+6 
        4341.01      4.61044e+6 
        4341.06       4.6106e+6 
         4341.1      4.61076e+6 
         4341.2      4.61107e+6 
        4341.23      4.61114e+6 
        4341.24      4.61117e+6 
         4341.4      4.61167e+6 
        4341.58      4.61214e+6 
        4341.94      4.61308e+6 
        4342.64      4.61484e+6 
        4343.33      4.61654e+6 
        4343.57       4.6171e+6 
        4344.04      4.61824e+6 
        4344.75      4.61993e+6 
        4346.17      4.62332e+6 
        4348.58      4.62901e+6 
        4348.78      4.62948e+6 
        4348.98      4.62995e+6 
        4349.37      4.63086e+6 
        4350.17      4.63275e+6 
        4350.32       4.6331e+6 
        4351.76      4.63646e+6 
         4353.2      4.63979e+6 
        4354.73      4.64327e+6 
        4356.08      4.64632e+6 
        4356.08      4.64635e+6 
        4357.43      4.64937e+6 
        4358.77      4.65238e+6 
        4359.17      4.65326e+6 
        4361.47       4.6582e+6 
        4363.77      4.66319e+6 
        4367.98      4.67215e+6 
        4368.38      4.67299e+6 
        4368.52      4.67331e+6 
        4368.77      4.67381e+6 
        4369.56      4.67548e+6 
        4371.15      4.67877e+6 
        4373.77      4.68418e+6 
        4378.77      4.69432e+6 
        4383.77      4.70425e+6 
        4388.77      4.71402e+6 
        4393.77       4.7236e+6 
        4398.76      4.73309e+6 
        4403.76      4.74082e+6 
        4408.76      4.74786e+6 
        4413.76       4.7548e+6 
        4418.76      4.76168e+6 
        4423.76       4.7685e+6 
        4428.76      4.77525e+6 
        4433.75      4.78194e+6 
        4438.75      4.78857e+6 
        4443.75      4.79517e+6 
        4448.75       4.8017e+6 
        4453.75      4.80818e+6 
        4458.75      4.81462e+6 
        4463.75      4.82099e+6 
        4468.74      4.82731e+6 
        4473.74      4.83359e+6 
        4478.74      4.83981e+6 
        4483.74        4.846e+6 
        4488.74      4.85213e+6 
        4493.74      4.85822e+6 
        4498.74      4.86529e+6 
        4503.74      4.87481e+6 
        4508.73      4.88417e+6 
        4513.73      4.89344e+6 
        4514.12      4.89413e+6 
        4518.73      4.90255e+6 
        4523.35      4.91084e+6 
        4527.19      4.91769e+6 
        4527.96      4.91904e+6 
        4528.73      4.92039e+6 
        4530.27       4.9231e+6 
        4532.97      4.92781e+6 
        4533.29      4.92837e+6 
        4533.35      4.92847e+6 
        4533.73      4.92913e+6 
        4534.49      4.93045e+6 
        4536.01      4.93305e+6 
        4538.73      4.93774e+6 
        4543.73      4.94625e+6 
        4548.72      4.95461e+6 
        4553.72      4.96287e+6 
        4558.72      4.97097e+6 
        4563.72      4.97898e+6 
        4568.72       4.9869e+6 
        4573.72      4.99466e+6 
        4578.72      5.00233e+6 
        4583.72       5.0099e+6 
        4588.71      5.01734e+6 
        4593.71      5.02466e+6 
        4596.53      5.02821e+6 
        4596.98      5.02881e+6 
        4598.71      5.03098e+6 
        4600.89      5.03365e+6 
        4603.71      5.03707e+6 
         4604.8      5.03839e+6 
        4608.71      5.04307e+6 
        4613.71      5.04901e+6 
         4618.7      5.05489e+6 
         4623.7      5.06067e+6 
         4628.7      5.06642e+6 
         4633.7      5.07207e+6 
         4638.7      5.07763e+6 
         4643.7      5.08316e+6 
         4648.7      5.08859e+6 
         4653.7      5.09397e+6 
        4658.69      5.09928e+6 
        4663.69      5.10452e+6 
        4668.69      5.10971e+6 
        4673.69       5.1148e+6 
        4678.69      5.11982e+6 
        4683.69      5.12479e+6 
        4688.69      5.12969e+6 
        4693.69      5.13437e+6 
        4698.68       5.1388e+6 
        4703.68      5.14316e+6 
        4708.68      5.14747e+6 
        4713.68      5.15171e+6 
         4715.6      5.15331e+6 
        4718.68      5.15589e+6 
        4720.98      5.15777e+6 
        4721.76       5.1584e+6 
        4723.68         5.16e+6 
        4724.83      5.16095e+6 
        4728.68      5.16406e+6 
        4733.68      5.16801e+6 
        4738.67      5.17194e+6 
        4743.67      5.17577e+6 
        4748.67      5.17954e+6 
        4753.67      5.18325e+6 
        4758.67      5.18686e+6 
        4763.67      5.19038e+6 
        4768.67      5.19381e+6 
        4773.66      5.19714e+6 
        4778.66      5.20034e+6 
        4783.66      5.20342e+6 
        4788.66      5.20637e+6 
        4793.66      5.20904e+6 
        4798.66      5.21156e+6 
        4803.66      5.21385e+6 
        4808.65      5.21586e+6 
        4813.65      5.21756e+6 
        4818.65      5.21888e+6 
        4823.65      5.21972e+6 
        4828.65      5.21998e+6 
        4833.65       5.2195e+6 
        4834.97      5.21925e+6 
        4838.65      5.21819e+6 
        4839.16        5.218e+6 
        4842.32      5.21661e+6 
        4845.48      5.21476e+6 
         4845.5      5.21476e+6 
        4847.05      5.21372e+6 
        4848.64      5.21256e+6 
        4851.78      5.21008e+6 
        4854.39      5.20791e+6 
        4856.52      5.20618e+6 
         4858.4      5.20461e+6 
        4858.64      5.20443e+6 
        4858.66      5.20439e+6 
        4858.88      5.20421e+6 
        4859.36      5.20373e+6 
        4859.47      5.20361e+6 
        4860.06      5.20285e+6 
        4860.36      5.20232e+6 
        4860.66      5.20157e+6 
        4860.81        5.201e+6 
        4860.95      5.20018e+6 
        4861.03      5.19956e+6 
         4861.1      5.19864e+6 
        4861.18      5.19736e+6 
        4861.25      5.19597e+6 
        4861.32      5.19525e+6 
         4861.4      5.19607e+6 
        4861.47      5.19755e+6 
        4861.54      5.19893e+6 
        4861.64      5.20015e+6 
        4861.69      5.20056e+6 
        4861.69      5.20059e+6 
        4861.69      5.20062e+6 
        4861.69      5.20066e+6 
        4861.74        5.201e+6 
        4861.84       5.2016e+6 
        4861.98      5.20229e+6 
        4861.99      5.20232e+6 
        4862.28      5.20342e+6 
        4862.58       5.2043e+6 
         4862.6      5.20433e+6 
        4863.18      5.20578e+6 
        4863.73      5.20697e+6 
        4863.76      5.20703e+6 
        4864.93      5.20939e+6 
        4866.13      5.21175e+6 
        4868.41      5.21627e+6 
        4868.53      5.21649e+6 
        4868.64      5.21671e+6 
        4868.86      5.21718e+6 
        4869.32      5.21806e+6 
        4869.58      5.21859e+6 
        4870.22      5.21985e+6 
        4870.86      5.22114e+6 
        4872.13      5.22365e+6 
        4874.62      5.22843e+6 
        4874.69      5.22855e+6 
        4874.75      5.22868e+6 
        4874.87       5.2289e+6 
        4875.12      5.22937e+6 
        4875.61      5.23028e+6 
        4876.61       5.2321e+6 
        4878.45       5.2354e+6 
        4878.54      5.23556e+6 
        4878.59      5.23562e+6 
        4878.64      5.23572e+6 
        4878.82      5.23603e+6 
        4879.19      5.23666e+6 
        4879.53      5.23722e+6 
        4879.92      5.23791e+6 
        4880.32      5.23857e+6 
        4880.94      5.23958e+6 
        4881.12      5.23989e+6 
        4882.71      5.24244e+6 
        4884.48      5.24514e+6 
         4887.4      5.24932e+6 
        4888.02      5.25017e+6 
        4888.63      5.25098e+6 
        4889.87      5.25262e+6 
        4891.06      5.25413e+6 
        4892.35       5.2557e+6 
        4893.63      5.25724e+6 
        4893.78      5.25739e+6 
         4896.2      5.26016e+6 
        4898.63      5.26276e+6 
        4903.34      5.26738e+6 
        4903.48      5.26754e+6 
        4903.63      5.26767e+6 
        4903.92      5.26795e+6 
         4904.5      5.26848e+6 
        4905.66      5.26952e+6 
        4907.33        5.271e+6 
        4907.98      5.27156e+6 
        4908.63       5.2721e+6 
        4909.93      5.27319e+6 
        4911.43      5.27442e+6 
        4912.53       5.2753e+6 
        4913.01      5.27568e+6 
        4913.63      5.27615e+6 
        4915.55      5.27762e+6 
        4915.82      5.27781e+6 
        4918.24       5.2796e+6 
        4918.63      5.27989e+6 
         4921.7      5.28205e+6 
        4923.62      5.28334e+6 
        4925.16      5.28438e+6 
        4928.62      5.28661e+6 
        4933.62      5.28969e+6 
        4938.62      5.29261e+6 
        4943.62      5.29537e+6 
        4948.62      5.29804e+6 
        4953.62      5.30062e+6 
        4958.61      5.30307e+6 
        4963.61      5.30546e+6 
        4968.61      5.30778e+6 
        4973.61      5.31001e+6 
        4978.61      5.31221e+6 
        4983.61      5.31432e+6 
        4988.61      5.31627e+6 
        4993.61      5.31818e+6 
         4998.6      5.32007e+6 
         5003.6      5.32189e+6 
         5008.6      5.32365e+6 
         5013.6      5.32541e+6 
         5018.6      5.32707e+6 
         5023.6      5.32874e+6 
         5028.6      5.33034e+6 
         5033.6      5.33191e+6 
        5038.59      5.33345e+6 
        5043.59      5.33496e+6 
        5048.59       5.3364e+6 
        5053.59      5.33782e+6 
        5058.59      5.33923e+6 
        5063.59      5.34058e+6 
        5068.59       5.3419e+6 
        5073.58      5.34319e+6 
        5078.58      5.34441e+6 
        5083.58      5.34551e+6 
        5088.58      5.34649e+6 
        5093.58      5.34746e+6 
        5098.58      5.34837e+6 
        5103.58      5.34928e+6 
        5108.57      5.35016e+6 
        5113.57      5.35101e+6 
        5118.57      5.35183e+6 
        5123.57      5.35265e+6 
        5128.57       5.3534e+6 
        5133.57      5.35415e+6 
        5138.57      5.35484e+6 
        5143.57      5.35554e+6 
        5148.56       5.3562e+6 
        5153.56      5.35682e+6 
        5158.56      5.35745e+6 
        5163.56      5.35802e+6 
        5168.56      5.35858e+6 
        5173.56      5.35912e+6 
        5178.56      5.35959e+6 
        5183.56       5.3599e+6 
        5188.55      5.36019e+6 
        5193.55      5.36047e+6 
        5198.55      5.36072e+6 
        5203.55      5.36094e+6 
        5208.55      5.36116e+6 
        5213.55      5.36132e+6 
        5218.55      5.36147e+6 
        5223.54      5.36163e+6 
        5228.54      5.36172e+6 
        5233.54      5.36182e+6 
        5238.54      5.36188e+6 
        5243.54      5.36194e+6 
        5248.54      5.36198e+6 
        5253.54      5.36198e+6 
        5258.53      5.36194e+6 
        5263.53      5.36191e+6 
        5268.53      5.36185e+6 
        5273.53      5.36176e+6 
        5278.53      5.36223e+6 
        5283.53      5.36276e+6 
        5288.53      5.36323e+6 
        5293.52       5.3637e+6 
        5298.52      5.36411e+6 
        5303.52      5.36449e+6 
        5308.52      5.36483e+6 
        5313.52      5.36515e+6 
        5318.52      5.36543e+6 
        5323.52      5.36568e+6 
        5328.52      5.36587e+6 
        5333.52      5.36606e+6 
        5338.51      5.36622e+6 
        5343.51      5.36631e+6 
        5348.51      5.36641e+6 
        5353.51      5.36644e+6 
        5358.51      5.36647e+6 
        5363.51      5.36659e+6 
        5368.51      5.36653e+6 
         5373.5      5.36619e+6 
         5378.5      5.36546e+6 
         5383.5      5.36474e+6 
         5388.5      5.36399e+6 
         5393.5       5.3632e+6 
         5398.5      5.36242e+6 
         5403.5       5.3616e+6 
        5408.49      5.36075e+6 
        5413.49       5.3599e+6 
        5418.49      5.35905e+6 
        5423.49      5.35814e+6 
        5428.49      5.35723e+6 
        5433.49      5.35632e+6 
        5438.49      5.35538e+6 
        5443.48       5.3544e+6 
        5448.48      5.35343e+6 
        5453.48      5.35243e+6 
        5458.48      5.35142e+6 
        5463.48      5.35038e+6 
        5468.48      5.34935e+6 
        5473.48      5.34869e+6 
        5478.48        5.348e+6 
        5483.48      5.34727e+6 
        5488.47      5.34655e+6 
        5493.47       5.3458e+6 
        5498.47      5.34504e+6 
        5503.47      5.34423e+6 
        5508.47      5.34341e+6 
        5513.47      5.34259e+6 
        5518.47      5.34174e+6 
        5523.46      5.34086e+6 
        5528.46      5.33995e+6 
        5533.46      5.33904e+6 
        5538.46       5.3381e+6 
        5543.46      5.33716e+6 
        5548.46      5.33618e+6 
        5553.46      5.33518e+6 
        5558.45      5.33417e+6 
        5563.45      5.33314e+6 
        5568.45      5.33207e+6 
        5573.45      5.33097e+6 
        5578.45      5.32987e+6 
        5583.45      5.32874e+6 
        5588.45      5.32761e+6 
        5593.44      5.32644e+6 
        5598.44      5.32525e+6 
        5603.44      5.32406e+6 
        5608.44      5.32283e+6 
        5613.44      5.32161e+6 
        5618.44      5.32035e+6 
        5623.44      5.31906e+6 
        5628.44      5.31777e+6 
        5633.43      5.31645e+6 
        5638.43      5.31513e+6 
        5643.43      5.31378e+6 
        5648.43      5.31243e+6 
        5653.43      5.31105e+6 
        5658.43      5.30964e+6 
        5663.43      5.30822e+6 
        5668.43      5.30687e+6 
        5673.42      5.30543e+6 
        5673.98      5.30527e+6 
        5678.42      5.30395e+6 
        5682.86      5.30263e+6 
         5686.2      5.30163e+6 
        5687.31      5.30128e+6 
        5687.86      5.30112e+6 
        5688.42      5.30093e+6 
        5690.64      5.30028e+6 
        5693.42      5.29943e+6 
        5698.42      5.29789e+6 
        5703.41      5.29632e+6 
        5704.77      5.29591e+6 
        5708.41      5.29475e+6 
        5708.88      5.29459e+6 
        5712.06      5.29358e+6 
        5713.41      5.29318e+6 
        5715.23      5.29258e+6 
        5718.41      5.29154e+6 
        5723.41      5.28994e+6 
        5728.41      5.28831e+6 
        5733.41      5.28664e+6 
        5738.41      5.28498e+6 
         5743.4      5.28328e+6 
         5748.4      5.28158e+6 
         5753.4      5.27985e+6 
         5758.4      5.27813e+6 
         5763.4      5.27558e+6 
         5768.4      5.27382e+6 
         5773.4      5.27203e+6 
         5778.4      5.27024e+6 
        5783.39      5.26842e+6 
        5788.39       5.2666e+6 
        5793.39      5.26474e+6 
        5798.39      5.26286e+6 
        5803.39      5.26101e+6 
        5808.39      5.25912e+6 
        5813.39       5.2572e+6 
        5818.39      5.25529e+6 
        5823.38      5.25334e+6 
        5828.38      5.25139e+6 
        5833.38      5.24944e+6 
        5838.38      5.24747e+6 
        5843.38      5.24545e+6 
        5848.38      5.24348e+6 
        5853.38      5.24143e+6 
        5858.37      5.23942e+6 
        5863.37      5.23738e+6 
        5868.37      5.23534e+6 
        5873.37      5.23327e+6 
        5878.37      5.23119e+6 
        5883.37      5.22909e+6 
        5888.37      5.22698e+6 
        5893.36      5.22488e+6 
        5898.36      5.22274e+6 
        5903.36      5.22057e+6 
        5908.36      5.21844e+6 
        5913.36      5.21624e+6 
        5918.36      5.21407e+6 
        5923.36      5.21187e+6 
        5928.35      5.20964e+6 
        5933.35      5.20744e+6 
        5938.35      5.20518e+6 
        5943.35      5.20295e+6 
        5948.35      5.20069e+6 
        5953.35      5.19839e+6 
        5958.35       5.1961e+6 
        5963.35      5.19378e+6 
        5968.34      5.19145e+6 
        5973.34      5.18909e+6 
        5978.34      5.18674e+6 
        5983.34      5.18438e+6 
        5988.34      5.18199e+6 
        5993.34      5.17961e+6 
        5998.34      5.17722e+6 
        6003.34       5.1748e+6 
        6008.33      5.17238e+6 
        6013.33      5.16993e+6 
        6018.33      5.16748e+6 
        6023.33      5.16503e+6 
        6028.33      5.16255e+6 
        6033.33      5.16007e+6 
        6038.32      5.15755e+6 
        6043.32      5.15504e+6 
        6048.32      5.15253e+6 
        6053.32      5.15001e+6 
        6058.32      5.14747e+6 
        6063.32      5.14489e+6 
        6068.32      5.14235e+6 
        6073.32      5.13977e+6 
        6078.31      5.13716e+6 
        6083.31      5.13459e+6 
        6088.31      5.13195e+6 
        6093.31      5.12934e+6 
        6098.31       5.1267e+6 
        6103.31      5.12406e+6 
        6108.31      5.12139e+6 
        6113.31      5.11875e+6 
         6118.3      5.11605e+6 
         6123.3      5.11338e+6 
         6128.3      5.11068e+6 
         6133.3      5.10798e+6 
         6138.3      5.10525e+6 
         6143.3      5.10251e+6 
         6148.3      5.09978e+6 
        6153.29      5.09701e+6 
        6158.29      5.09425e+6 
        6163.29      5.09145e+6 
        6168.29      5.08866e+6 
        6173.29      5.08586e+6 
        6178.29      5.08303e+6 
        6183.29      5.08021e+6 
        6188.28      5.07738e+6 
        6193.28      5.07452e+6 
        6198.28      5.07166e+6 
        6203.28       5.0688e+6 
        6208.28      5.06591e+6 
        6213.28      5.06302e+6 
        6218.28       5.0601e+6 
        6223.28      5.05718e+6 
        6228.27      5.05426e+6 
        6233.27       5.0513e+6 
        6238.27      5.04835e+6 
        6243.27       5.0454e+6 
        6244.38      5.04474e+6 
        6248.27      5.04241e+6 
        6252.16      5.04006e+6 
        6253.82      5.03908e+6 
        6256.04      5.03773e+6 
        6258.27      5.03638e+6 
        6262.16      5.03406e+6 
        6262.71      5.03371e+6 
        6263.27      5.03337e+6 
        6264.37      5.03271e+6 
        6264.91      5.03236e+6 
        6266.59      5.03135e+6 
        6268.26      5.03035e+6 
        6269.97      5.02928e+6 
        6271.61      5.02828e+6 
        6273.26      5.02727e+6 
        6274.85       5.0263e+6 
        6276.56      5.02526e+6 
        6278.26      5.02422e+6 
        6280.08      5.02309e+6 
        6281.67      5.02212e+6 
        6283.26      5.02114e+6 
        6284.63       5.0203e+6 
        6286.44      5.01917e+6 
        6288.26      5.01803e+6 
        6290.52      5.01662e+6 
        6291.89      5.01577e+6 
        6293.26      5.01492e+6 
        6293.73      5.01464e+6 
        6295.99       5.0132e+6 
        6298.26      5.01178e+6 
        6302.31      5.00924e+6 
        6302.78      5.00896e+6 
        6303.25      5.00864e+6 
        6303.92      5.00823e+6 
         6304.2      5.00804e+6 
        6306.09      5.00685e+6 
        6308.25      5.00547e+6 
        6311.92      5.00314e+6 
        6312.59       5.0027e+6 
        6313.25       5.0023e+6 
        6314.58      5.00145e+6 
        6316.22      5.00038e+6 
        6317.23      4.99975e+6 
        6317.31      4.99969e+6 
        6318.25      4.99909e+6 
        6320.28      4.99777e+6 
        6323.25      4.99585e+6 
        6328.25      4.99262e+6 
        6333.25      4.98935e+6 
        6338.24      4.98605e+6 
        6343.24      4.98272e+6 
        6348.24      4.97939e+6 
        6353.24      4.97603e+6 
        6358.24      4.97261e+6 
        6363.24      4.96918e+6 
        6368.24      4.96573e+6 
        6373.23      4.96221e+6 
        6378.23      4.95866e+6 
        6383.23      4.95508e+6 
        6388.23      4.95146e+6 
        6393.23      4.94779e+6 
        6398.23      4.94405e+6 
        6403.23      4.94025e+6 
        6408.23      4.93638e+6 
        6413.22      4.93246e+6 
        6418.22      4.92844e+6 
        6423.22      4.92435e+6 
        6428.22      4.92014e+6 
        6433.22      4.91584e+6 
        6438.22      4.91144e+6 
        6443.22      4.90688e+6 
        6448.22      4.90217e+6 
        6453.21      4.89727e+6 
        6458.21      4.89221e+6 
        6463.21       4.8869e+6 
        6468.21      4.88138e+6 
        6473.21      4.87553e+6 
        6478.21      4.86937e+6 
         6483.2      4.86284e+6 
         6488.2      4.85587e+6 
         6493.2      4.84839e+6 
         6498.2      4.84031e+6 
         6503.2      4.83155e+6 
         6508.2      4.82203e+6 
         6513.2      4.81157e+6 
         6518.2      4.80007e+6 
        6523.19      4.78735e+6 
        6523.72      4.78593e+6 
        6528.19      4.77327e+6 
        6532.67      4.75945e+6 
         6536.1      4.74798e+6 
        6537.14      4.74434e+6 
        6537.38      4.74349e+6 
        6538.19       4.7406e+6 
        6540.29      4.73297e+6 
        6543.19      4.72191e+6 
        6546.46      4.70896e+6 
        6546.72      4.70787e+6 
        6548.19       4.7019e+6 
        6549.92       4.6947e+6 
        6553.11      4.68126e+6 
        6554.43      4.67563e+6 
        6556.31      4.66746e+6 
        6556.87      4.66495e+6 
         6557.9      4.66024e+6 
        6558.19      4.65889e+6 
         6559.5      4.65223e+6 
         6560.3      4.64752e+6 
         6561.1      4.64161e+6 
         6561.5      4.63768e+6 
         6561.9      4.63225e+6 
        6562.09      4.62838e+6 
        6562.29      4.62289e+6 
        6562.39       4.6189e+6 
        6562.49      4.61315e+6 
        6562.59      4.60689e+6 
        6562.69      4.60124e+6 
        6562.79      4.59825e+6 
        6562.89      4.60108e+6 
        6562.99      4.60664e+6 
        6563.09       4.6128e+6 
        6563.29      4.62229e+6 
        6563.64      4.63039e+6 
        6563.69      4.63115e+6 
        6563.69      4.63118e+6 
        6563.69      4.63121e+6 
        6563.74      4.63196e+6 
        6563.84      4.63332e+6 
        6564.04      4.63564e+6 
        6564.29      4.63806e+6 
        6564.39      4.63888e+6 
        6564.44      4.63925e+6 
        6564.49      4.63963e+6 
        6564.69      4.64101e+6 
        6565.08      4.64343e+6 
        6565.64      4.64632e+6 
        6565.86      4.64736e+6 
        6566.09      4.64833e+6 
        6566.54      4.65019e+6 
        6566.69      4.65081e+6 
        6567.09      4.65229e+6 
        6567.44      4.65358e+6 
        6568.18      4.65615e+6 
        6569.28      4.65977e+6 
        6570.48      4.66357e+6 
        6571.48      4.66665e+6 
        6572.47      4.66973e+6 
        6573.27      4.67215e+6 
        6574.47      4.67573e+6 
        6575.67      4.67928e+6 
        6577.95      4.68594e+6 
        6578.06      4.68625e+6 
        6578.18       4.6866e+6 
        6578.41      4.68722e+6 
        6578.87      4.68854e+6 
        6579.79      4.69112e+6 
        6580.08      4.69191e+6 
        6581.63      4.69615e+6 
        6583.18       4.7002e+6 
        6584.38      4.70328e+6 
        6586.28      4.70793e+6 
        6587.91      4.71176e+6 
        6588.18      4.71236e+6 
        6588.44      4.71295e+6 
        6588.98      4.71415e+6 
        6590.04      4.71647e+6 
        6591.02      4.71855e+6 
        6592.17      4.72087e+6 
        6593.01      4.72254e+6 
        6593.31       4.7231e+6 
        6595.59      4.72734e+6 
        6598.17      4.73171e+6 
        6603.34      4.73928e+6 
        6613.66      4.75025e+6 
         6634.3      4.76005e+6 
        6639.69      4.76077e+6 
        6654.94      4.76005e+6 
        6675.58      4.75464e+6 
        6711.48      4.73862e+6 
        6741.75      4.72188e+6 
        6783.26       4.6964e+6 
        6824.78      4.66935e+6 
        6907.81      4.61311e+6 
        6990.84        4.555e+6 
         7038.6        4.521e+6 
        7073.87      4.49574e+6 
        7109.15       4.4703e+6 
        7179.69       4.4195e+6 
        7250.24       4.3682e+6 
        7320.78      4.31674e+6 
        7389.14      4.26691e+6 
        7391.33      4.26531e+6 
        7393.51      4.26371e+6 
        7397.89       4.2605e+6 
        7406.65      4.25412e+6 
        7424.15      4.24134e+6 
        7459.17      4.21573e+6 
         7529.2      4.16446e+6 
        7599.23      4.11316e+6 
        7660.63      4.06814e+6 
        7669.25      4.06183e+6 
        7677.88      4.05548e+6 
        7695.14      4.04298e+6 
        7729.65      4.01794e+6 
        7798.67      3.96796e+6 
        7867.69      3.91804e+6 
        7911.17      3.88665e+6 
        7936.71      3.86824e+6 
        7962.25       3.8499e+6 
        8013.32      3.81345e+6 
        8046.24      3.79002e+6 
         8064.4      3.77714e+6 
        8082.55      3.76426e+6 
        8118.86      3.73862e+6 
        8180.09      3.69558e+6 
        8191.47       3.6876e+6 
        8200.85        3.681e+6 
        8202.85      3.67962e+6 
        8204.85      3.67821e+6 
        8208.85      3.67544e+6 
        8216.85      3.66985e+6 
        8232.84      3.65873e+6 
        8264.83      3.63652e+6 
        8289.72      3.61927e+6 
        8328.82      3.59225e+6 
        8343.44       3.5822e+6 
        8367.92      3.56536e+6 
        8371.47      3.56291e+6 
        8388.68      3.55116e+6 
        8392.39      3.54865e+6 
        8408.65      3.53756e+6 
        8413.32      3.53439e+6 
        8432.02      3.52166e+6 
        8437.95      3.51764e+6 
        8467.25      3.49779e+6 
        8473.98      3.49323e+6 
        8502.48      3.47397e+6 
        8516.58      3.46449e+6 
        8530.98      3.45478e+6 
        8545.38       3.4452e+6 
        8549.97      3.44212e+6 
        8574.18        3.426e+6 
        8598.39      3.40995e+6 
         8628.6      3.38997e+6 
        8646.81      3.37797e+6 
        8652.39      3.37429e+6 
        8665.01      3.36597e+6 
        8685.59      3.35246e+6 
        8701.43      3.34206e+6 
        8750.47      3.31004e+6 
        8767.92       3.2987e+6 
        8815.35      3.26801e+6 
        8862.78      3.23776e+6 
        8900.38      3.21391e+6 
        8957.65      3.17782e+6 
        9014.91        3.142e+6 
        9044.62      3.12353e+6 
        9072.17      3.10647e+6 
        9099.72      3.08949e+6 
        9154.81      3.05602e+6 
         9190.8       3.0343e+6 
         9209.9      3.02282e+6 
        9229.01      3.01136e+6 
        9267.22      2.98856e+6 
         9303.2      2.96721e+6 
        9343.64      2.94335e+6 
        9384.08      2.91964e+6 
        9464.96      2.87308e+6 
        9545.72      2.82719e+6 
        9545.84      2.82712e+6 
        9545.97      2.82705e+6 
        9546.21      2.82691e+6 
        9546.69      2.82664e+6 
        9546.87      2.82654e+6 
        9547.66       2.8261e+6 
        9549.59        2.825e+6 
        9553.47      2.82282e+6 
        9561.21      2.81846e+6 
        9576.69      2.80975e+6 
        9607.66       2.7924e+6 
        9668.45      2.75859e+6 
        9729.24      2.72543e+6 
        9790.04       2.6926e+6 
        9850.83       2.6601e+6 
        9870.42       2.6497e+6 
        9911.62      2.62795e+6 
        9952.82      2.60634e+6 
        10021.1      2.57122e+6 
        10035.2      2.56399e+6 
        10049.4      2.55677e+6 
        10077.7      2.54241e+6 
        10134.2      2.51389e+6 
        10144.5      2.50877e+6 
        10190.8      2.48566e+6 
        10237.2      2.46274e+6 
        10329.9       2.4185e+6 
        10422.6      2.37497e+6 
        10515.3      2.33213e+6 
          10608      2.29001e+6 
        10700.7       2.2486e+6 
        10793.4      2.20789e+6 
        10834.1      2.19022e+6 
        10886.1      2.16787e+6 
        10938.1      2.14571e+6 
        10990.1      2.12384e+6 
          11042      2.10217e+6 
          11094      2.08071e+6 
          11146      2.05946e+6 
          11198      2.03843e+6 
          11239      2.02197e+6 
          11250       2.0176e+6 
        11260.9      2.01324e+6 
        11282.8      2.00488e+6 
        11326.6      1.98826e+6 
        11414.2      1.95541e+6 
        11501.8      1.92309e+6 
        11589.4      1.89129e+6 
          11677      1.86001e+6 
        11764.6      1.82924e+6 
        11852.2      1.79898e+6 
        11939.8      1.76923e+6 
        12027.4      1.73996e+6 
          12115      1.71121e+6 
        12120.6      1.70939e+6 
        12202.6      1.68294e+6 
        12284.6      1.65691e+6 
        12366.6      1.63246e+6 
        12448.7      1.60836e+6 
        12530.7      1.58461e+6 
        12612.7       1.5612e+6 
        12694.7       1.5381e+6 
        12735.4      1.52677e+6 
        12776.7      1.51532e+6 
        12818.1      1.50393e+6 
        12900.8      1.48171e+6 
        12983.5      1.45979e+6 
        13066.2      1.43816e+6 
        13148.9      1.41684e+6 
        13154.8      1.41533e+6 
        13231.6      1.39585e+6 
        13308.4      1.37665e+6 
        13385.1      1.35881e+6 
        13461.9       1.3412e+6 
        13538.7      1.32381e+6 
        13615.5      1.30665e+6 
        13692.3      1.28971e+6 
        13769.1      1.27299e+6 
        13845.9      1.25649e+6 
        13922.7      1.24021e+6 
        13999.5      1.22414e+6 
        14076.2      1.20828e+6 
          14153      1.19264e+6 
        14229.8      1.17721e+6 
        14281.2      1.16702e+6 
        14306.6      1.16199e+6 
        14332.1        1.157e+6 
          14383      1.14742e+6 
        14410.1      1.14235e+6 
        14427.1      1.13919e+6 
        14433.9      1.13793e+6 
        14457.6      1.13353e+6 
        14505.2      1.12485e+6 
        14581.2       1.1111e+6 
        14583.2      1.11074e+6 
        14585.2      1.11038e+6 
        14589.2      1.10969e+6 
        14597.2       1.1083e+6 
        14613.2      1.10553e+6 
        14645.2      1.10002e+6 
        14709.2      1.08906e+6 
        14773.2       1.0782e+6 
        14837.1      1.06744e+6 
        14901.1      1.05678e+6 
        14965.1      1.04623e+6 
        15029.1      1.03576e+6 
        15093.1      1.02541e+6 
        15157.1      1.01515e+6 
          15221      1.00498e+6 
          15285          994917 
          15349          984952 
          15413          975088 
        15471.6          966140 
          15477          965320 
        15482.4          964500 
        15493.1          962829 
        15514.7          959493 
        15557.9          952851 
        15644.2          939707 
        15730.5          926745 
        15816.8          913968 
        15903.1          901370 
        15989.4          888945 
        16075.8          876699 
        16162.1          864629 
        16248.4          852735 
        16289.9          847077 
        16334.7          841014 
        16379.5          834994 
        16469.1          820857 
        16558.8          807012 
        16648.4          793450 
          16738          780161 
        16827.7          767146 
        16917.3          754391 
        17006.9          741893 
        17096.6          729647 
        17186.2          717647 
        17275.8          705884 
        17327.7          699187 
        17365.5          694358 
        17403.2          689567 
        17478.8          680101 
        17554.3          670793 
        17629.9          661638 
        17705.4          652638 
          17781          643785 
        17856.5          635079 
        17932.1          626515 
        18007.6          617785 
        18083.2          609450 
        18158.7          601238 
        18234.3          593139 
        18309.8          585147 
        18343.7          581584 
        18385.3          577243 
          18427          572923 
        18510.2          564343 
        18593.4          555823 
        18602.1          554937 
        18676.6          547385 
        18751.1          540030 
        18825.6          533424 
        18900.2          526980 
        18974.7          520578 
        19049.2          514191 
        19123.7          507838 
        19198.3          501536 
        19272.8          495297 
        19347.3          489130 
          19393          485385 
        19421.9          483039 
        19450.7          480708 
        19508.3          476080 
        19565.9          471669 
        19623.6          467120 
        19681.2          462628 
        19738.8          458189 
        19796.5          453800 
        19854.1          449461 
        19911.7          445176 
        19969.4          440941 
          20027          436754 
        20084.6          432616 
        20142.3          428526 
        20199.9          424483 
        20257.5          420490 
        20315.2          416537 
        20372.8          412636 
        20386.4          411715 
        20430.4          408775 
        20474.4          405859 
        20562.3          400110 
        20650.3          394455 
        20738.2          388904 
        20826.2          383444 
        20914.1          378081 
        21002.1          372807 
          21090          367626 
        21177.9          362530 
        21265.9          357523 
        21353.8          352600 
        21441.8          347762 
        21529.7          343002 
        21604.7          339009 
        21617.7          338324 
        21630.6          337643 
        21656.5          336282 
        21708.4          333584 
        21760.2          330910 
          21812          328265 
        21863.8          325645 
        21915.7          323050 
        21967.5          320480 
        22019.3          317935 
        22071.1          315419 
          22123          312923 
        22174.8          310453 
        22226.6          308006 
        22278.4          305584 
        22330.3          303185 
        22382.1          300809 
        22433.9          298455 
        22485.8          296125 
        22537.6          293817 
        22589.4          291531 
        22641.2          289267 
        22693.1          287024 
        22702.9          286599 
        22744.9          284803 
        22784.8          283105 
        22786.8          283020 
        22788.8          282936 
        22792.8          282767 
        22800.8          282429 
        22816.8          281755 
        22848.8          280413 
        22912.8          277753 
        22976.8          275123 
        23040.8          272524 
        23104.8          269956 
        23168.7          267417 
        23232.7          264908 
        23296.7          262427 
        23360.7          259975 
        23424.7          257552 
        23488.6          255156 
        23552.6          252787 
        23616.6          250446 
        23680.6          248131 
        23744.6          245843 
        23808.6          243581 
        23872.5          241344 
        23936.5          239132 
        24000.5          236946 
        24064.5          234784 
        24128.5          232647 
        24192.5          230533 
        24256.4          228443 
        24320.4          226377 
        24384.4          224333 
        24448.4          222313 
        24512.4          220314 
        24576.3          218338 
        24640.3          216384 
        24704.3          214451 
        24768.3          212539 
        24832.3          210649 
        24896.3          208780 
        24960.2          206930 
        25004.4          205665 
        25024.2          205101 
          25044          204540 
        25083.6          203423 
        25162.8          201211 
        25241.9          199029 
        25321.1          196876 
        25400.2          194752 
        25479.4          192656 
        25558.5          190588 
        25637.7          188547 
        25716.9          186533 
          25796          184546 
        25875.2          182585 
        25954.3          180649 
        26033.5          178739 
        26112.7          176854 
        26191.8          174993 
          26271          173157 
        26350.1          171344 
        26429.3          169555 
        26508.4          167789 
        26587.6          166045 
        26666.8          164324 
        26745.9          162625 
        26825.1          160947 
        26904.2          159291 
        26983.4          157656 
        27062.6          156042 
        27141.7          154448 
        27142.5          154431 
        27220.9          152874 
        27299.2          151336 
        27377.5          149818 
        27455.8          148319 
        27534.2          146838 
        27612.5          145376 
        27690.8          143931 
        27769.1          142505 
        27847.5          141096 
        27925.8          139703 
        28004.1          138328 
        28082.4          136970 
        28160.8          135629 
        28239.1          134303 
        28317.4          132993 
        28395.7          131700 
          28474          130421 
        28552.4          129159 
        28630.7          127911 
          28709          126678 
        28787.3          125460 
        28865.7          124256 
          28944          123067 
        29022.3          121891 
        29100.6          120730 
          29179          119582 
        29257.3          118448 
        29335.6          117327 
        29413.9          116219 
        29492.3          115124 
        29570.6          114042 
        29648.9          112972 
        29727.2          111915 
        29805.5          110870 
        29883.9          109837 
        29932.6          109201 
        29962.2          108816 
        29991.8          108434 
