# Koester WD models
# teff = 5500 K (value for the effective temperature for the model. Temperatures are given in K)
# logg = 9.25 log(cm/s2) (value for Log(G) for the model.)
#
# column 1: WAVELENGTH (ANGSTROM), Wavelength in Angstrom
# column 2: FLUX (ERG/CM2/S/A), Flux in erg/cm2/s/A
         899.23      0.00317219 
         900.75      0.00333797 
        902.272      0.00351177 
         903.35      0.00364007 
        903.793      0.00369395 
        904.235      0.00374855 
         905.12      0.00386001 
        906.889      0.00409221 
        908.077      0.00425522 
         908.45      0.00430766 
        908.659      0.00433728 
        909.241      0.00442082 
        910.032      0.00453674 
        911.193      0.00471207 
        911.613      0.00477707 
        912.034      0.00484292 
        912.465      0.00491138 
        912.875      0.00497716 
        913.037      0.00500343 
        913.241       0.0050367 
        913.284      0.00504376 
        913.478      0.00507562 
        913.531      0.00508435 
        913.755       0.0051213 
        913.822      0.00513245 
         914.08      0.00517555 
        914.165      0.00518985 
        914.499       0.0052463 
        914.575      0.00525925 
        915.071      0.00534416 
         915.54      0.00542581 
        915.609      0.00543775 
        915.643      0.00544372 
        915.677      0.00544972 
        915.741      0.00546097 
        915.813      0.00547369 
        916.085      0.00552195 
        916.429      0.00558358 
        916.858      0.00566112 
        917.118      0.00570871 
        917.196      0.00572304 
        917.378      0.00575665 
        917.899       0.0058537 
        917.952      0.00586369 
        918.287      0.00592712 
        918.602      0.00598712 
        919.251      0.00611297 
        920.215      0.00630423 
        921.882      0.00664796 
        921.999      0.00667281 
        922.143      0.00670347 
        922.405      0.00675936 
         922.81      0.00684679 
        923.621        0.007024 
        925.001      0.00733766 
        925.242      0.00739462 
        925.484       0.0074511 
        925.564      0.00746992 
        925.966      0.00756373 
        926.164       0.0076084 
        926.369      0.00765468 
        927.173      0.00784201 
        927.276      0.00786605 
        928.182      0.00808523 
        928.917      0.00827467 
         928.98      0.00829205 
        929.089      0.00832286 
        929.261      0.00837417 
        929.317      0.00839063 
        929.543      0.00845987 
        929.655      0.00849232 
        929.769      0.00852327 
        929.827      0.00853872 
        929.883      0.00855368 
         929.91       0.0085609 
        929.939      0.00856866 
        929.954      0.00857268 
        929.968      0.00857642 
        929.982      0.00858019 
        929.996      0.00858393 
         930.01      0.00858767 
        930.024      0.00859144 
        930.038      0.00859521 
        930.052      0.00859895 
        930.081      0.00860674 
        930.137      0.00862182 
        930.201      0.00863903 
        930.247      0.00865144 
        930.249      0.00865201 
        930.251      0.00865254 
        930.301      0.00866593 
        930.326      0.00867227 
        930.329      0.00867306 
        930.402      0.00869156 
        930.478      0.00870947 
         930.63      0.00874139 
        930.931      0.00880089 
        931.229      0.00886259 
         931.49      0.00892046 
        931.534      0.00893067 
        931.838      0.00900189 
        932.447      0.00914891 
        933.265      0.00935459 
        933.403      0.00939057 
        933.432      0.00939789 
        933.542      0.00942673 
        933.652      0.00945585 
        933.872      0.00951456 
        933.973      0.00954196 
        934.073      0.00956935 
        934.312      0.00963611 
        934.316      0.00963728 
        934.652      0.00973463 
        934.773      0.00977089 
         935.23      0.00991713 
        935.687       0.0100875 
        936.144       0.0103015 
        936.372       0.0104198 
        936.601       0.0105252 
        936.714       0.0105675 
        936.829       0.0106056 
        936.887       0.0106246 
        936.944       0.0106432 
        936.973       0.0106527 
        937.001       0.0106618 
        937.015       0.0106664 
        937.029        0.010671 
        937.043       0.0106756 
        937.058       0.0106805 
        937.072       0.0106852 
        937.086       0.0106897 
        937.101       0.0106947 
        937.115       0.0106993 
        937.143       0.0107085 
          937.2       0.0107272 
        937.314       0.0107649 
        937.493       0.0108209 
        937.542       0.0108333 
        937.593       0.0108446 
        937.694       0.0108597 
        937.788       0.0108688 
        937.894       0.0108733 
            938       0.0108763 
        938.212       0.0108817 
        938.359       0.0108899 
        938.556       0.0109059 
        938.636       0.0109135 
        938.914       0.0109529 
        939.271       0.0110177 
        939.986       0.0111838 
         940.58       0.0113461 
         940.66       0.0113691 
        940.675       0.0113735 
          940.7       0.0113807 
         940.74       0.0113924 
        940.901        0.011436 
        941.221       0.0115271 
        941.861       0.0117233 
        943.048       0.0121311 
         943.16       0.0121701 
        944.234       0.0125804 
         944.77       0.0128033 
        945.308       0.0130409 
        945.605       0.0131784 
        945.845       0.0132966 
        945.993       0.0133725 
        946.382       0.0135793 
         946.77       0.0138091 
        947.158       0.0140643 
        947.547        0.014359 
        947.787       0.0145549 
        947.935       0.0146804 
        948.083       0.0148029 
        948.213       0.0149071 
        948.314       0.0149807 
        948.379       0.0150255 
        948.546       0.0151219 
        948.661       0.0151775 
        948.777       0.0152305 
        948.835        0.015257 
        948.893       0.0152835 
        948.922       0.0152967 
        948.951         0.01531 
        948.966       0.0153168 
         948.98       0.0153232 
        948.994       0.0153297 
        949.009       0.0153365 
        949.023        0.015343 
        949.037       0.0153494 
        949.052       0.0153563 
        949.066       0.0153627 
        949.095        0.015376 
        949.153       0.0154027 
         949.23       0.0154382 
        949.258       0.0154511 
        949.269       0.0154562 
         949.28       0.0154612 
         949.33       0.0154843 
         949.36       0.0154981 
         949.43       0.0155297 
          949.5       0.0155593 
         949.64       0.0156071 
        949.795       0.0156407 
        949.879       0.0156516 
        949.921       0.0156542 
        949.963       0.0156574 
        950.047       0.0156642 
        950.131       0.0156665 
        950.467       0.0156798 
        950.888       0.0157181 
        951.308        0.015804 
        951.728       0.0159282 
        952.149       0.0160842 
          952.4       0.0161888 
        952.569       0.0162659 
        952.738       0.0163452 
        953.076       0.0165143 
        953.753        0.016877 
        954.198       0.0171314 
         954.43        0.017268 
        955.106       0.0176756 
        956.014       0.0182334 
         956.37       0.0184777 
        956.922       0.0188651 
         957.83       0.0195226 
        958.148       0.0197574 
        959.289       0.0206064 
         960.43        0.021483 
        961.192       0.0221107 
        961.571       0.0224171 
        962.712        0.023333 
        964.231       0.0245577 
        966.507        0.026415 
        966.767       0.0266329 
        967.269       0.0270561 
        968.032       0.0277045 
        968.668       0.0282539 
        968.979       0.0285212 
        969.297        0.028791 
        969.453       0.0289239 
        969.927       0.0293064 
        970.164       0.0294824 
          970.4       0.0296316 
        970.637       0.0297258 
        970.756       0.0297268 
        970.874       0.0296752 
        970.992       0.0295819 
         971.11       0.0294135 
         971.23       0.0291315 
        971.348       0.0287471 
        971.466       0.0284098 
        971.535       0.0284012 
        971.567       0.0284689 
        971.584       0.0285396 
        971.635       0.0288395 
        971.644       0.0289076 
        971.703        0.029412 
        971.732       0.0296159 
        971.762       0.0297293 
        971.778       0.0297518 
        971.792       0.0297641 
        971.806        0.029776 
        971.821       0.0297886 
        971.827       0.0297937 
        971.833       0.0297988 
        971.836       0.0298013 
        971.839       0.0298038 
        971.851        0.029814 
        971.866       0.0298267 
         971.88       0.0298385 
         971.91       0.0298596 
        971.969       0.0296747 
        972.037       0.0292113 
        972.087       0.0289761 
        972.137       0.0288933 
         972.15       0.0289002 
        972.199       0.0289804 
        972.237       0.0291165 
        972.324       0.0295294 
        972.348       0.0296656 
        972.499       0.0303866 
        972.649       0.0309468 
        972.798       0.0313769 
        972.948       0.0317285 
        973.097       0.0319993 
        973.247        0.032229 
        973.396       0.0324558 
        973.645       0.0327857 
        973.696       0.0328482 
        973.746       0.0329094 
        973.846       0.0330291 
        974.046       0.0332591 
        974.446       0.0337005 
        974.853       0.0341438 
        975.247       0.0345622 
         975.64        0.034976 
        976.427       0.0358038 
        976.695       0.0360878 
            978       0.0374833 
        979.305       0.0389196 
        979.906       0.0395941 
        981.915       0.0418957 
        983.923       0.0443034 
        985.245       0.0459097 
        985.932       0.0467654 
        986.618        0.047636 
         986.67       0.0476979 
        987.991       0.0493827 
        989.312       0.0511841 
        990.633       0.0530634 
        991.954       0.0550046 
        992.671       0.0560847 
        993.275       0.0570105 
         993.88       0.0579489 
        995.088       0.0598659 
        996.565       0.0622865 
        997.506       0.0638745 
        997.574       0.0639908 
        997.806       0.0643891 
        998.447       0.0654994 
        999.319       0.0670397 
        999.435       0.0672461 
        1001.06       0.0702089 
        1002.69       0.0732956 
        1004.32         0.07651 
        1005.84       0.0796083 
        1005.95       0.0798511 
        1007.58       0.0833339 
        1009.33       0.0872185 
        1011.07       0.0912705 
         1011.3       0.0918225 
        1012.82        0.095495 
        1014.33        0.099302 
        1015.38        0.102023 
        1015.84        0.103251 
        1017.36        0.107342 
        1017.62        0.108079 
        1019.05        0.112091 
        1019.33        0.112909 
        1021.04        0.117889 
        1022.04        0.120793 
        1022.54        0.122123 
        1023.04        0.123371 
        1023.29        0.123878 
        1023.54        0.124051 
        1023.67        0.124034 
        1023.79        0.123937 
        1023.92        0.123685 
        1023.99        0.123394 
        1024.04        0.123177 
        1024.09        0.122953 
        1024.19        0.122362 
        1024.24        0.122021 
        1024.39         0.12071 
        1024.54        0.119097 
        1024.59        0.118643 
        1024.69        0.118145 
        1024.79        0.119047 
        1024.85        0.120485 
        1024.87        0.120983 
        1024.89         0.12169 
        1024.91         0.12236 
        1024.95        0.123127 
        1024.98        0.123532 
        1024.99        0.123614 
        1025.01        0.123668 
        1025.03        0.123718 
        1025.04        0.123765 
        1025.06        0.123816 
        1025.07        0.123865 
        1025.09        0.123912 
         1025.1        0.123963 
        1025.13        0.124058 
         1025.2        0.123709 
        1025.27         0.12201 
        1025.32        0.120993 
        1025.37         0.12043 
        1025.47        0.120636 
        1025.52        0.121231 
        1025.57         0.12197 
        1025.62        0.122845 
        1025.72        0.124626 
        1025.77        0.125469 
        1025.92        0.127658 
        1026.07        0.129485 
        1026.22        0.131065 
        1026.37        0.132335 
        1026.52        0.133416 
        1026.56        0.133717 
        1026.82        0.135276 
        1027.07        0.136481 
        1027.32        0.137571 
        1027.83        0.139634 
        1028.62        0.142626 
         1028.8        0.143294 
        1028.84         0.14346 
        1029.07        0.144292 
        1029.34        0.145292 
        1029.88        0.147298 
        1030.96        0.151369 
        1033.08        0.159563 
        1033.13        0.159769 
        1033.19        0.159975 
        1033.23        0.160146 
        1033.29        0.160388 
         1033.5        0.161218 
        1033.91        0.162888 
        1034.75        0.166276 
        1036.27        0.172625 
        1037.78        0.179192 
        1039.17        0.185397 
        1039.26        0.185788 
         1039.3        0.185984 
        1039.34         0.18618 
         1039.5         0.18691 
        1039.52        0.186965 
        1039.86        0.188546 
        1040.55        0.191744 
        1041.92        0.198289 
        1044.35        0.210292 
        1046.77        0.222955 
        1049.03        0.235405 
        1049.19        0.236309 
        1049.35        0.237218 
        1049.67        0.239043 
        1050.31        0.242732 
        1051.59        0.250266 
        1053.95        0.264718 
        1054.15        0.265977 
        1054.35        0.267242 
        1054.75        0.269787 
        1054.95        0.271068 
        1055.55        0.274945 
        1057.15        0.285531 
        1059.36        0.300693 
        1061.56        0.316591 
        1063.16        0.328629 
        1063.76        0.333251 
        1064.36        0.337932 
        1065.56         0.34747 
        1066.56        0.355606 
        1067.96        0.367287 
        1069.36        0.379316 
        1069.96        0.384581 
        1072.16        0.404445 
        1074.36         0.42524 
        1076.56        0.447002 
        1078.16         0.46346 
        1078.69        0.468964 
        1078.76        0.469772 
        1078.98        0.472065 
        1079.36        0.476165 
        1080.57        0.489181 
        1080.71        0.490789 
        1082.44        0.510176 
        1084.17        0.530247 
         1085.9         0.55102 
        1087.64        0.572527 
        1089.32        0.594144 
        1089.37        0.594785 
        1089.42        0.595454 
        1089.52        0.596768 
        1089.72          0.5994 
        1090.12          0.6047 
        1090.67        0.612055 
        1090.92        0.615425 
        1092.52        0.637395 
        1094.37         0.66368 
        1096.22        0.690946 
        1096.77        0.699246 
        1098.07        0.719221 
        1099.37        0.739713 
        1099.57        0.742908 
        1101.97        0.782216 
        1104.37        0.823386 
        1106.78        0.866492 
        1108.98        0.907779 
        1109.18        0.911618 
        1109.38         0.91547 
        1109.78        0.923264 
        1109.98        0.927181 
        1110.58        0.939025 
        1112.18        0.971289 
        1114.38         1.01729 
        1116.58         1.06525 
        1118.18          1.1014 
        1118.68         1.11302 
        1118.78         1.11525 
        1119.38         1.12925 
        1120.08         1.14569 
        1121.47         1.17922 
        1123.78         1.23677 
        1124.25         1.24893 
        1124.73         1.26116 
        1125.68         1.28595 
        1125.79         1.28879 
        1127.08           1.323 
        1127.59         1.33688 
        1127.85         1.34392 
        1129.38         1.38662 
        1129.77          1.3975 
        1131.69           1.453 
        1133.62         1.51046 
        1135.54         1.56994 
        1137.46         1.63147 
        1139.39         1.69506 
        1142.08         1.78764 
        1143.23         1.82864 
           1144         1.85643 
        1144.39         1.87043 
         1146.7         1.95633 
        1146.89         1.96362 
        1149.39         2.06036 
        1151.89         2.15984 
        1154.39         2.26214 
        1159.39         2.47084 
        1164.39         2.67996 
        1169.39         2.88186 
         1171.9         2.98161 
        1173.15         3.03383 
         1174.4         3.08937 
        1175.65          3.1497 
         1176.9          3.2163 
        1177.86         3.27159 
        1178.15           3.289 
         1179.4         3.36732 
        1180.94         3.46961 
        1182.47         3.57623 
        1182.86         3.60322 
        1184.01         3.68569 
        1185.17         3.76916 
        1185.56         3.79746 
        1187.48         3.93953 
         1189.4          4.0847 
        1192.09           4.295 
        1193.24          4.3895 
        1194.03         4.45503 
         1194.4         4.48588 
        1196.72         4.68405 
         1196.9         4.70001 
         1199.4         4.92143 
         1201.9         5.15595 
         1204.4         5.41152 
         1206.9         5.68719 
        1208.48         5.86963 
         1209.4         5.97785 
        1210.33         6.08759 
        1211.64         6.24194 
        1212.16         6.30219 
        1212.69         6.36116 
        1213.61         6.46408 
        1213.74         6.47881 
        1213.81         6.48591 
        1213.88         6.49358 
        1214.14          6.5232 
        1214.17         6.52707 
        1214.47         6.56071 
        1214.62         6.57758 
        1214.76         6.59452 
        1214.84         6.60297 
        1214.91         6.61145 
        1214.95         6.61569 
        1214.98         6.61996 
           1215         6.62213 
        1215.02         6.62421 
        1215.04         6.62628 
        1215.06         6.62845 
        1215.08         6.63052 
         1215.1         6.63259 
        1215.11         6.63476 
        1215.13         6.63683 
        1215.17         6.64111 
        1215.24         6.64962 
        1215.39         6.66671 
        1215.64         6.69521 
        1215.69         6.70099 
        1215.74          6.7068 
         1215.8         6.71355 
        1215.84         6.71842 
        1216.04         6.74173 
        1216.06         6.74487 
        1216.28         6.77004 
        1216.76         6.82693 
        1217.46         6.90984 
        1218.32          7.0105 
        1218.86         7.07242 
        1218.98         7.08586 
        1219.41         7.13035 
        1219.83          7.1732 
         1220.1         7.20015 
        1220.67         7.25387 
        1222.36          7.4102 
        1224.62         7.63492 
        1226.88         7.88998 
        1228.86         8.13248 
        1229.13         8.16776 
        1229.41         8.20323 
        1229.74         8.24677 
        1229.96         8.27571 
        1230.18         8.30471 
        1230.62         8.36392 
        1231.49         8.48431 
        1231.69         8.51249 
        1233.24         8.73055 
        1234.79         8.95514 
        1236.38         9.19199 
        1237.89         9.42421 
        1239.41         9.66184 
        1240.47         9.83149 
        1242.44         10.1559 
        1244.41         10.4901 
        1247.29         10.9985 
        1248.35         11.1909 
        1248.65          11.246 
        1249.41         11.3865 
        1251.53         11.7867 
        1251.91         11.8598 
        1254.41         12.3505 
        1256.91         12.8595 
        1259.41         13.3889 
        1261.91         13.9435 
        1264.41         14.5248 
        1266.91         15.1375 
        1269.41         15.7853 
        1271.91         16.4646 
        1274.41         17.1763 
        1276.91         17.9105 
        1279.42         18.6754 
        1281.92         19.4603 
        1284.42         20.2689 
        1286.92         21.1051 
        1289.42         21.9653 
        1291.92         22.8406 
        1294.42         23.7476 
        1296.92         24.6837 
        1299.42         25.6498 
        1301.92         26.6586 
        1304.42         27.7035 
        1309.42         29.8901 
        1314.42         32.1844 
        1316.92         33.3876 
        1319.42         34.6326 
        1321.92         35.9213 
        1324.42         37.2565 
        1326.92         38.6498 
        1329.42         40.0874 
        1334.42         43.0546 
        1339.42         46.1855 
        1341.92         47.8154 
        1344.42          49.497 
        1346.92         51.2576 
        1349.42         53.0775 
        1354.42         56.9103 
        1359.42         60.9862 
        1364.42         65.2107 
        1365.19         65.8773 
        1369.42         69.6526 
        1373.65         73.6283 
        1376.35         76.2873 
        1377.88         77.8443 
        1379.42         79.4402 
        1380.57         80.6544 
         1382.5         82.7178 
        1384.42         84.8331 
        1387.12         87.8738 
        1388.27         89.2018 
        1389.03         90.0874 
        1389.42          90.547 
        1391.73         93.2918 
        1394.42         96.5722 
        1399.42         102.835 
        1404.42         109.429 
        1409.42         116.404 
        1414.42         123.846 
        1419.42         131.774 
        1424.42         140.092 
        1429.42         148.827 
        1434.42         157.879 
        1439.42         167.339 
        1444.42         177.237 
        1449.42         187.815 
        1454.42         199.123 
        1459.42         211.038 
        1464.42         223.671 
        1465.96         227.712 
        1469.42         236.963 
        1472.88          246.39 
        1473.27         247.429 
        1474.42         250.571 
        1476.35         255.881 
        1479.42         264.499 
        1484.42         279.005 
        1489.42         294.149 
        1494.42         309.888 
        1499.42         326.484 
        1504.42         344.322 
        1509.42         363.313 
        1514.42          383.35 
        1519.42         404.452 
        1524.42         426.867 
        1529.42         450.586 
        1534.42         474.924 
        1539.42         499.529 
        1544.42         524.687 
        1549.42         550.344 
        1554.42         576.492 
        1559.42         602.787 
        1564.42         629.974 
        1566.72         643.021 
        1569.42         658.798 
        1570.19         663.398 
        1572.11         674.996 
        1574.41         689.338 
         1574.8         691.754 
        1579.41         721.583 
        1584.41         755.229 
        1589.41          790.18 
        1594.41         826.807 
        1599.41         865.641 
        1604.41         906.309 
        1609.41         950.011 
        1614.41         996.677 
        1619.41         1046.85 
        1624.41         1101.17 
        1629.41         1159.89 
        1634.41         1222.49 
        1639.41         1288.36 
        1644.41         1355.17 
        1649.41         1422.09 
        1654.41         1488.32 
        1659.41         1554.27 
        1664.41         1620.98 
        1665.56         1636.45 
         1669.4         1688.06 
        1670.17         1698.53 
        1673.25          1740.7 
         1674.4         1756.85 
        1676.33          1784.1 
         1679.4         1828.61 
         1684.4         1902.69 
         1689.4         1980.21 
         1694.4         2061.63 
         1699.4          2146.1 
         1704.4         2234.02 
         1709.4         2325.63 
         1714.4         2421.03 
         1719.4         2520.06 
         1724.4         2622.82 
         1729.4         2729.37 
         1734.4         2839.56 
         1739.4         2953.21 
         1744.4         3070.42 
        1749.39         3190.19 
        1754.39         3313.94 
        1759.39         3441.24 
        1764.39         3572.52 
        1767.08         3644.97 
        1767.85         3665.89 
        1769.39         3708.02 
         1771.7         3772.02 
        1774.39         3848.14 
        1775.55         3881.12 
        1779.39         3992.93 
        1784.39         4143.16 
        1789.39         4298.45 
        1794.39         4457.79 
        1799.39         4622.07 
        1809.39         4963.75 
        1819.38         5326.04 
           1824         5500.02 
        1829.38          5708.9 
        1834.77         5924.32 
        1845.54         6373.47 
         1856.3         6852.82 
           1864         7212.41 
        1867.07         7359.81 
        1870.14         7509.63 
        1876.29         7819.61 
        1882.44         8139.99 
        1888.59         8471.18 
        1894.73         8813.42 
        1900.88         9166.79 
        1906.98         9528.89 
        1907.03         9531.72 
        1913.17         9908.49 
        1919.37         10300.2 
        1925.56         10700.3 
        1931.76         11114.3 
        1937.95         11550.9 
        1944.14         11990.3 
        1944.47         12013.9 
        1956.53         12922.2 
        1968.59           13868 
        1980.65         14866.9 
        1992.71         15920.9 
        2004.77         17033.2 
        2015.84         18107.4 
        2016.83         18205.7 
        2017.81         18304.5 
        2019.79         18503.8 
        2023.73         18910.9 
        2031.63         19742.5 
        2039.52         20593.3 
        2047.42         21472.3 
        2055.31           22380 
        2059.38         22859.3 
         2063.2         23317.5 
        2067.03         23782.8 
        2074.69         24739.2 
        2089.99         26741.8 
        2094.36         27334.2 
         2105.3         28865.8 
        2116.25           30463 
         2127.2         32129.7 
        2132.72         33001.5 
        2138.15         33878.9 
         2149.1         35686.6 
        2165.47         38524.1 
        2181.85         41527.1 
        2198.22         44703.3 
         2214.5           48039 
         2214.6         48059.5 
         2214.7         48079.9 
        2214.74         48089.3 
        2214.89         48120.4 
        2215.28         48202.1 
        2216.05         48365.1 
         2217.6         48692.8 
        2220.71         49343.7 
        2226.91           50662 
        2227.03         50687.7 
        2239.33           53375 
        2251.62         56141.8 
        2263.91         59000.1 
        2276.21         62035.1 
         2288.5         65153.5 
        2300.79         68375.2 
        2312.95         71732.3 
        2313.04           71759 
        2313.09         71772.2 
        2313.13         71785.4 
        2313.32         71837.2 
         2313.7         71941.5 
        2314.45         72149.8 
        2315.95         72568.3 
        2318.95         73409.6 
        2324.96         75113.6 
        2336.98         78667.4 
           2349         82415.3 
        2359.67         85858.2 
        2361.01         86298.3 
        2362.35         86755.1 
        2365.04           87679 
         2370.4         89551.1 
        2381.12         93397.7 
        2391.85         97381.2 
        2395.88           98984 
        2402.58          101712 
        2409.27          104508 
        2415.97          107384 
        2422.67          110347 
        2429.36          113549 
        2436.06          116863 
        2442.71          120262 
        2449.45          123839 
        2451.59          125002 
        2456.19          127545 
        2460.79          130360 
        2465.39          133242 
        2474.59          139275 
        2475.96          140205 
        2483.79          145723 
        2484.47          146220 
        2492.99          152675 
         2501.5          159712 
        2510.01          167030 
        2518.53          173938 
        2522.78          176976 
        2527.04          180613 
         2531.3          184645 
        2535.55          188768 
        2539.81          192977 
        2544.07          197272 
        2548.32          201664 
        2554.44          208209 
        2556.84          210842 
        2559.23          213500 
        2564.02          219239 
         2573.6          231110 
        2583.18          243711 
        2592.76          256931 
        2602.35          270787 
        2611.93          285253 
        2621.51          300470 
        2631.09          316380 
        2640.67          332915 
        2642.83          336725 
        2650.25          350049 
        2657.67          363818 
        2665.09          376240 
        2672.51          388800 
        2687.35          414345 
        2702.19          440410 
        2717.04          467067 
        2737.33          504317 
        2746.72          521863 
        2756.11          539638 
        2774.89          577506 
        2793.67          616390 
        2807.91          646584 
        2812.45          656354 
        2831.23          697446 
        2842.89          723524 
        2854.55          750043 
        2866.21          779212 
        2877.87          809067 
        2901.19          870548 
        2924.51          934347 
        2942.67          985703 
        2947.83      1.00055e+6 
        2952.98      1.01552e+6 
         2963.3      1.04436e+6 
        2983.92      1.10336e+6 
        2998.91      1.14738e+6 
        3004.54      1.16417e+6 
        3025.16      1.22674e+6 
        3038.29      1.26751e+6 
        3051.42      1.30918e+6 
        3058.01      1.33313e+6 
        3064.55       1.3571e+6 
        3077.68      1.40597e+6 
        3080.97      1.41838e+6 
        3103.93      1.50639e+6 
         3126.9      1.59722e+6 
        3138.38      1.64371e+6 
        3149.86      1.69095e+6 
        3161.34      1.74417e+6 
        3172.82      1.79833e+6 
         3184.3      1.85344e+6 
        3195.78      1.90962e+6 
        3207.26      1.96682e+6 
        3212.14      1.99142e+6 
        3230.22      2.08375e+6 
        3239.26      2.13066e+6 
        3243.78      2.15432e+6 
        3248.29       2.1781e+6 
        3252.81      2.19573e+6 
        3257.33      2.21342e+6 
        3261.85      2.23115e+6 
        3266.37      2.24893e+6 
        3270.89      2.26676e+6 
        3275.41      2.28463e+6 
        3276.38      2.28849e+6 
        3279.93      2.30255e+6 
        3284.44      2.32052e+6 
        3293.48      2.35658e+6 
        3311.55      2.42923e+6 
        3346.73      2.57255e+6 
        3381.91      2.72163e+6 
        3388.99      2.75194e+6 
        3417.08      2.87292e+6 
        3445.17      2.99506e+6 
        3459.08      3.05559e+6 
        3495.92      3.21696e+6 
        3501.34       3.2408e+6 
         3543.6      3.42763e+6 
        3591.28      3.63988e+6 
        3635.88      3.83943e+6 
        3638.96      3.85319e+6 
        3642.04      3.86724e+6 
        3643.12      3.87217e+6 
        3645.12      3.88128e+6 
        3645.28        3.882e+6 
        3647.12      3.89039e+6 
        3648.96      3.89875e+6 
        3651.32      3.90949e+6 
        3652.64      3.91549e+6 
        3653.96      3.92149e+6 
        3654.24      3.92278e+6 
         3656.6      3.93349e+6 
        3658.96      3.94421e+6 
         3663.4      3.96434e+6 
        3663.68       3.9656e+6 
        3663.96      3.96686e+6 
        3664.52       3.9694e+6 
        3665.64      3.97446e+6 
         3666.8      3.97971e+6 
        3667.88      3.98461e+6 
        3668.28       3.9864e+6 
        3668.95      3.98948e+6 
        3671.11      3.99925e+6 
        3673.95      4.01207e+6 
         3675.2      4.01772e+6 
        3678.95      4.03462e+6 
        3682.58      4.05099e+6 
         3682.7      4.05152e+6 
        3682.82      4.05206e+6 
        3683.06      4.05313e+6 
        3683.18      4.05366e+6 
        3683.54      4.05529e+6 
         3684.5      4.05963e+6 
        3684.82      4.06104e+6 
        3685.83      4.06557e+6 
        3686.83      4.07009e+6 
        3688.74      4.07867e+6 
        3688.85      4.07914e+6 
        3688.94      4.07955e+6 
        3688.95      4.07961e+6 
        3689.16      4.08055e+6 
        3689.38      4.08153e+6 
        3689.73      4.08313e+6 
        3689.82       4.0835e+6 
         3689.9      4.08388e+6 
        3690.07      4.08464e+6 
        3690.41      4.08618e+6 
        3690.62      4.08712e+6 
        3691.09      4.08922e+6 
        3691.47      4.09092e+6 
        3691.55       4.0913e+6 
         3691.7      4.09196e+6 
        3692.48      4.09547e+6 
         3693.5      4.10003e+6 
         3694.4      4.10405e+6 
         3695.3      4.10807e+6 
        3695.81      4.11037e+6 
         3696.2      4.11212e+6 
        3696.53       4.1136e+6 
        3696.59      4.11385e+6 
        3696.65      4.11414e+6 
        3696.67      4.11423e+6 
        3696.76      4.11464e+6 
        3696.77      4.11467e+6 
        3696.87      4.11514e+6 
        3696.93      4.11539e+6 
        3696.99      4.11564e+6 
        3697.04      4.11589e+6 
         3697.1      4.11615e+6 
        3697.15       4.1164e+6 
        3697.21      4.11665e+6 
        3697.26       4.1169e+6 
        3697.32      4.11715e+6 
        3697.35      4.11728e+6 
        3697.41      4.11753e+6 
        3697.43      4.11765e+6 
        3697.46      4.11778e+6 
         3697.5      4.11794e+6 
        3697.53      4.11809e+6 
        3697.58      4.11831e+6 
        3697.66      4.11866e+6 
        3697.82      4.11938e+6 
        3698.11      4.12067e+6 
        3698.43      4.12212e+6 
        3698.69      4.12328e+6 
        3698.89      4.12416e+6 
        3698.95      4.12444e+6 
        3699.01      4.12469e+6 
        3699.13      4.12526e+6 
        3699.37      4.12632e+6 
        3699.53      4.12705e+6 
        3699.86      4.12852e+6 
        3699.88      4.12859e+6 
        3700.19         4.13e+6 
         3700.2      4.13003e+6 
         3700.5      4.13138e+6 
        3700.81      4.13277e+6 
        3700.84      4.13289e+6 
        3701.09      4.13402e+6 
        3701.42      4.13547e+6 
        3701.99      4.13804e+6 
        3702.44      4.14005e+6 
        3702.89       4.1421e+6 
        3703.12       4.1431e+6 
        3703.35      4.14411e+6 
        3703.46      4.14461e+6 
        3703.57      4.14511e+6 
        3703.63      4.14536e+6 
        3703.68      4.14561e+6 
        3703.74      4.14587e+6 
         3703.8      4.14612e+6 
        3703.85      4.14637e+6 
        3703.91      4.14662e+6 
        3703.97      4.14687e+6 
        3704.02      4.14712e+6 
        3704.09       4.1474e+6 
        3704.13      4.14762e+6 
        3704.18      4.14784e+6 
        3704.21      4.14794e+6 
        3704.22        4.148e+6 
        3704.28      4.14828e+6 
        3704.31      4.14841e+6 
        3704.36      4.14863e+6 
        3704.41      4.14882e+6 
        3704.49       4.1492e+6 
        3704.57      4.14954e+6 
        3704.59      4.14964e+6 
        3704.69      4.15011e+6 
        3704.81      4.15064e+6 
        3705.05      4.15174e+6 
        3705.37      4.15315e+6 
        3705.54      4.15391e+6 
        3705.71      4.15466e+6 
        3706.05      4.15617e+6 
        3706.07      4.15626e+6 
        3706.73      4.15922e+6 
        3707.27       4.1616e+6 
        3707.39      4.16214e+6 
        3707.51       4.1627e+6 
        3707.61      4.16314e+6 
        3707.76       4.1638e+6 
        3707.91      4.16446e+6 
        3708.12      4.16537e+6 
        3708.21      4.16578e+6 
         3708.3      4.16622e+6 
        3708.49      4.16704e+6 
        3708.76      4.16827e+6 
        3708.85      4.16867e+6 
        3708.87      4.16877e+6 
        3708.95      4.16908e+6 
        3709.13       4.1699e+6 
        3709.21      4.17024e+6 
        3709.49       4.1715e+6 
        3710.11      4.17427e+6 
         3710.9      4.17778e+6 
        3711.01      4.17829e+6 
        3711.12      4.17876e+6 
        3711.21      4.17917e+6 
        3711.32      4.17967e+6 
        3711.34      4.17973e+6 
        3711.46       4.1803e+6 
        3711.52      4.18052e+6 
        3711.58       4.1808e+6 
         3711.6      4.18093e+6 
        3711.69       4.1813e+6 
        3711.75      4.18155e+6 
         3711.8      4.18181e+6 
        3711.86      4.18206e+6 
        3711.91      4.18231e+6 
        3711.97      4.18256e+6 
        3712.03      4.18281e+6 
        3712.08      4.18306e+6 
        3712.14      4.18331e+6 
         3712.2       4.1836e+6 
        3712.25      4.18382e+6 
         3712.3      4.18404e+6 
        3712.33      4.18413e+6 
        3712.33      4.18416e+6 
         3712.4      4.18448e+6 
        3712.48      4.18482e+6 
        3712.63      4.18548e+6 
        3712.93      4.18683e+6 
        3713.23      4.18815e+6 
        3713.53       4.1895e+6 
        3713.83      4.19085e+6 
        3714.24      4.19268e+6 
        3714.42      4.19346e+6 
        3714.44      4.19355e+6 
        3714.64      4.19443e+6 
        3715.03      4.19616e+6 
        3715.64       4.1989e+6 
        3716.76      4.20389e+6 
        3716.79      4.20402e+6 
        3716.86       4.2043e+6 
        3716.95      4.20474e+6 
        3717.14      4.20559e+6 
        3717.52      4.20728e+6 
        3718.19      4.21024e+6 
        3718.26      4.21052e+6 
        3718.33      4.21083e+6 
        3718.47      4.21146e+6 
        3718.56      4.21184e+6 
        3718.63      4.21218e+6 
        3718.73      4.21266e+6 
        3718.75      4.21272e+6 
        3718.94      4.21357e+6 
        3719.25      4.21495e+6 
        3719.47      4.21592e+6 
        3719.77      4.21724e+6 
        3720.07      4.21856e+6 
        3720.36      4.21969e+6 
        3720.52      4.22038e+6 
        3720.67      4.22095e+6 
        3720.98      4.22217e+6 
         3721.2      4.22302e+6 
        3721.43      4.22387e+6 
        3721.54      4.22428e+6 
        3721.66      4.22469e+6 
        3721.71      4.22491e+6 
        3721.77      4.22513e+6 
        3721.82      4.22535e+6 
        3721.88      4.22554e+6 
        3721.94      4.22576e+6 
        3721.99      4.22598e+6 
        3722.05      4.22616e+6 
        3722.11      4.22638e+6 
        3722.22      4.22682e+6 
         3722.4      4.22748e+6 
        3722.45      4.22764e+6 
         3722.5      4.22783e+6 
         3722.6      4.22821e+6 
         3722.7      4.22858e+6 
         3722.8      4.22896e+6 
         3722.9      4.22934e+6 
        3723.11      4.23012e+6 
        3723.23      4.23056e+6 
        3723.52      4.23166e+6 
        3723.81      4.23273e+6 
        3724.38      4.23487e+6 
        3725.45      4.23886e+6 
        3725.53      4.23917e+6 
        3725.62      4.23945e+6 
        3725.75      4.23996e+6 
        3725.78      4.24008e+6 
        3725.92      4.24058e+6 
        3725.93      4.24065e+6 
        3726.11      4.24131e+6 
        3726.48      4.24266e+6 
        3727.04      4.24476e+6 
        3727.37      4.24599e+6 
        3728.15      4.24891e+6 
        3728.64       4.2507e+6 
        3728.94      4.25183e+6 
        3729.01      4.25208e+6 
        3729.24      4.25293e+6 
        3729.84      4.25519e+6 
        3730.68      4.25827e+6 
        3732.19      4.26393e+6 
        3732.34      4.26446e+6 
        3732.49      4.26503e+6 
        3732.79      4.26613e+6 
        3733.35       4.2682e+6 
        3733.38      4.26832e+6 
        3733.39      4.26836e+6 
         3733.4      4.26839e+6 
        3733.45      4.26858e+6 
        3733.55      4.26895e+6 
        3733.65       4.2693e+6 
        3733.75      4.26971e+6 
        3733.86      4.27008e+6 
           3734      4.27062e+6 
        3734.04      4.27078e+6 
        3734.06      4.27084e+6 
        3734.08      4.27093e+6 
        3734.13      4.27109e+6 
        3734.14      4.27112e+6 
        3734.16      4.27122e+6 
         3734.2      4.27134e+6 
        3734.25      4.27156e+6 
        3734.31      4.27175e+6 
        3734.37      4.27197e+6 
        3734.43      4.27219e+6 
        3734.48      4.27241e+6 
        3734.54       4.2726e+6 
        3734.65      4.27304e+6 
        3734.83       4.2737e+6 
        3734.88      4.27389e+6 
        3734.93      4.27407e+6 
        3735.03      4.27442e+6 
        3735.12       4.2748e+6 
        3735.17      4.27495e+6 
        3735.23      4.27517e+6 
        3735.33      4.27555e+6 
        3735.39      4.27577e+6 
        3735.49      4.27615e+6 
        3735.82      4.27734e+6 
           3736      4.27803e+6 
        3736.24      4.27894e+6 
        3736.49      4.27982e+6 
        3736.97      4.28165e+6 
        3737.83      4.28479e+6 
        3737.94      4.28523e+6 
        3738.06      4.28567e+6 
        3738.29      4.28651e+6 
        3738.59      4.28761e+6 
        3738.76      4.28827e+6 
        3738.94       4.2889e+6 
        3739.29      4.29019e+6 
         3739.5      4.29098e+6 
        3739.99       4.2928e+6 
        3740.48      4.29459e+6 
        3741.21      4.29732e+6 
        3741.45       4.2982e+6 
        3741.69      4.29911e+6 
        3742.09      4.30059e+6 
        3742.18      4.30087e+6 
        3742.26      4.30119e+6 
        3742.43      4.30181e+6 
        3742.67      4.30273e+6 
        3742.73      4.30295e+6 
        3742.76      4.30307e+6 
         3742.8      4.30317e+6 
        3742.86      4.30342e+6 
        3742.92      4.30364e+6 
        3743.17      4.30455e+6 
        3743.66      4.30637e+6 
        3744.62      4.30992e+6 
        3744.65      4.31005e+6 
        3746.45      4.31664e+6 
        3747.61      4.32092e+6 
        3748.27      4.32337e+6 
        3748.84      4.32547e+6 
         3748.9      4.32569e+6 
        3748.93      4.32582e+6 
        3748.96      4.32591e+6 
        3748.99        4.326e+6 
        3749.08      4.32635e+6 
        3749.12      4.32648e+6 
        3749.18      4.32673e+6 
        3749.38      4.32745e+6 
        3749.41      4.32758e+6 
        3749.64      4.32839e+6 
        3749.75      4.32883e+6 
        3749.87      4.32924e+6 
        3749.92      4.32946e+6 
        3749.98      4.32965e+6 
        3750.04      4.32987e+6 
        3750.09      4.33006e+6 
        3750.15      4.33028e+6 
        3750.21       4.3305e+6 
        3750.27      4.33072e+6 
        3750.32      4.33091e+6 
        3750.44      4.33135e+6 
        3750.62        4.332e+6 
        3750.66      4.33219e+6 
        3750.72      4.33238e+6 
        3750.82      4.33273e+6 
        3750.91      4.33307e+6 
        3751.02      4.33348e+6 
        3751.12      4.33386e+6 
        3751.33      4.33464e+6 
        3751.48      4.33518e+6 
        3751.76      4.33621e+6 
        3752.03      4.33722e+6 
        3752.59      4.33926e+6 
        3753.53      4.34272e+6 
         3753.7      4.34331e+6 
        3753.78      4.34366e+6 
        3753.86      4.34394e+6 
        3754.18      4.34514e+6 
        3754.27      4.34545e+6 
        3754.84      4.34752e+6 
        3755.89      4.35139e+6 
        3756.09      4.35211e+6 
        3757.47       4.3572e+6 
        3757.51      4.35733e+6 
        3757.55      4.35748e+6 
        3758.93      4.36254e+6 
        3760.39      4.36788e+6 
        3761.66      4.37253e+6 
        3762.72       4.3764e+6 
        3763.23      4.37828e+6 
        3764.81      4.38406e+6 
        3765.07        4.385e+6 
         3766.9       4.3917e+6 
        3768.55       4.3977e+6 
        3768.74      4.39839e+6 
        3768.93      4.39908e+6 
        3768.97      4.39924e+6 
         3769.2      4.40005e+6 
        3769.31      4.40049e+6 
        3769.66      4.40175e+6 
        3769.89      4.40257e+6 
        3770.11      4.40341e+6 
        3770.23      4.40382e+6 
        3770.34      4.40423e+6 
         3770.4      4.40445e+6 
        3770.46      4.40464e+6 
        3770.51      4.40486e+6 
        3770.57      4.40505e+6 
        3770.63      4.40527e+6 
        3770.69      4.40549e+6 
        3770.74      4.40568e+6 
         3770.8       4.4059e+6 
        3770.87      4.40615e+6 
        3770.92      4.40634e+6 
        3770.97      4.40652e+6 
        3770.99      4.40659e+6 
           3771      4.40665e+6 
        3771.07      4.40687e+6 
        3771.15      4.40715e+6 
         3771.3      4.40775e+6 
         3771.6      4.40885e+6 
        3771.89      4.40989e+6 
        3771.95       4.4101e+6 
        3772.21      4.41105e+6 
        3772.52      4.41218e+6 
        3773.15      4.41447e+6 
        3774.36      4.41887e+6 
         3775.5      4.42302e+6 
        3776.76       4.4276e+6 
        3777.13      4.42892e+6 
        3778.03      4.43219e+6 
         3778.4      4.43354e+6 
        3778.93      4.43546e+6 
        3780.73      4.44199e+6 
        3781.84      4.44601e+6 
        3783.05      4.45041e+6 
        3783.16      4.45079e+6 
        3784.26      4.45478e+6 
        3785.37      4.45877e+6 
        3786.22      4.46188e+6 
         3787.4      4.46612e+6 
        3787.57      4.46675e+6 
        3788.92      4.47162e+6 
        3790.45      4.47712e+6 
        3792.84      4.48572e+6 
        3793.49      4.48808e+6 
        3794.14      4.49044e+6 
         3794.9      4.49314e+6 
        3795.07      4.49373e+6 
        3795.44      4.49512e+6 
        3795.99      4.49706e+6 
        3796.45      4.49873e+6 
        3796.92      4.50039e+6 
        3797.15      4.50121e+6 
        3797.38      4.50203e+6 
        3797.49      4.50244e+6 
        3797.61      4.50284e+6 
        3797.67      4.50306e+6 
        3797.72      4.50325e+6 
        3797.78      4.50344e+6 
        3797.84      4.50366e+6 
         3797.9      4.50385e+6 
        3797.96      4.50407e+6 
        3798.01      4.50429e+6 
        3798.07      4.50451e+6 
        3798.19      4.50492e+6 
        3798.37      4.50558e+6 
        3798.42      4.50577e+6 
        3798.47      4.50595e+6 
        3798.57       4.5063e+6 
        3798.66      4.50665e+6 
        3798.75      4.50699e+6 
        3798.77      4.50702e+6 
        3798.84      4.50727e+6 
        3798.88      4.50743e+6 
        3798.92      4.50759e+6 
        3799.05      4.50803e+6 
        3799.09      4.50819e+6 
        3799.43      4.50941e+6 
        3799.47      4.50957e+6 
         3799.8      4.51076e+6 
        3800.56      4.51349e+6 
        3801.65      4.51739e+6 
        3802.32      4.51978e+6 
        3803.83      4.52521e+6 
        3805.35      4.53062e+6 
        3807.84      4.53951e+6 
        3808.38      4.54145e+6 
        3808.92      4.54337e+6 
           3810      4.54724e+6 
        3811.59      4.55289e+6 
        3812.16      4.55496e+6 
        3812.74      4.55701e+6 
         3813.9      4.56112e+6 
        3815.78      4.56781e+6 
        3816.09      4.56894e+6 
        3816.21      4.56935e+6 
        3816.64      4.57089e+6 
        3817.44      4.57378e+6 
         3817.5      4.57403e+6 
        3818.92      4.57919e+6 
        3820.39      4.58465e+6 
        3822.57      4.59269e+6 
        3823.35      4.59558e+6 
        3823.51      4.59618e+6 
        3824.13      4.59844e+6 
        3825.68      4.60422e+6 
         3826.8      4.60834e+6 
        3827.86      4.61224e+6 
        3828.91       4.6161e+6 
        3830.45      4.62179e+6 
        3831.02      4.62389e+6 
        3831.59        4.626e+6 
           3832       4.6275e+6 
        3832.53      4.62942e+6 
        3832.73      4.63017e+6 
        3833.46      4.63288e+6 
        3833.93      4.63457e+6 
        3834.39       4.6363e+6 
        3834.63      4.63715e+6 
        3834.86        4.638e+6 
        3834.97       4.6384e+6 
        3835.09      4.63881e+6 
        3835.15      4.63903e+6 
        3835.21      4.63922e+6 
        3835.27      4.63941e+6 
        3835.33       4.6396e+6 
        3835.38      4.63982e+6 
        3835.44      4.64004e+6 
         3835.5      4.64026e+6 
        3835.56      4.64051e+6 
        3835.63      4.64076e+6 
        3835.68      4.64095e+6 
        3835.73      4.64117e+6 
        3835.74      4.64123e+6 
        3835.77      4.64136e+6 
        3835.83      4.64155e+6 
        3835.91      4.64186e+6 
        3836.07      4.64246e+6 
        3836.38      4.64359e+6 
        3836.65      4.64459e+6 
        3836.98      4.64582e+6 
        3837.03      4.64601e+6 
        3837.31      4.64704e+6 
        3837.97      4.64946e+6 
        3838.65      4.65198e+6 
        3838.91      4.65295e+6 
        3839.18      4.65389e+6 
         3839.7      4.65584e+6 
        3840.76       4.6597e+6 
        3842.75      4.66702e+6 
        3842.83      4.66731e+6 
        3842.87      4.66743e+6 
        3842.91      4.66759e+6 
        3843.07      4.66816e+6 
        3843.38      4.66929e+6 
           3844      4.67158e+6 
        3844.59      4.67372e+6 
        3845.25      4.67613e+6 
        3845.55      4.67723e+6 
        3845.91      4.67855e+6 
        3847.23      4.68339e+6 
        3847.44      4.68415e+6 
        3848.91      4.68952e+6 
        3850.38      4.69486e+6 
        3851.98       4.7007e+6 
        3853.31      4.70554e+6 
        3854.64      4.71038e+6 
         3855.7      4.71424e+6 
         3857.3      4.72005e+6 
        3858.91      4.72587e+6 
        3862.01      4.73708e+6 
        3862.11      4.73746e+6 
        3862.22      4.73784e+6 
        3862.43      4.73859e+6 
        3862.85       4.7401e+6 
        3863.68      4.74315e+6 
        3865.17      4.74849e+6 
        3865.36      4.74918e+6 
        3865.56       4.7499e+6 
        3865.95      4.75128e+6 
        3866.73      4.75411e+6 
        3867.68       4.7575e+6 
        3868.29       4.7597e+6 
         3868.9      4.76193e+6 
        3870.13      4.76633e+6 
        3871.32       4.7706e+6 
        3872.59      4.77513e+6 
        3873.85      4.77965e+6 
        3876.32      4.78851e+6 
        3876.37      4.78867e+6 
        3876.37       4.7887e+6 
        3876.37       4.7887e+6 
        3876.42      4.78889e+6 
        3876.52      4.78923e+6 
        3876.72      4.78995e+6 
        3876.95      4.79074e+6 
        3877.12      4.79137e+6 
        3877.92      4.79423e+6 
         3878.9      4.79771e+6 
        3880.29      4.80265e+6 
        3880.85      4.80466e+6 
        3881.42      4.80667e+6 
        3882.55      4.81069e+6 
         3884.4      4.81726e+6 
         3884.8      4.81867e+6 
        3884.92      4.81911e+6 
         3885.2      4.82011e+6 
        3886.01      4.82297e+6 
        3886.15      4.82348e+6 
         3887.1      4.82681e+6 
        3887.57      4.82844e+6 
        3888.04       4.8301e+6 
        3888.28      4.83092e+6 
        3888.52      4.83174e+6 
        3888.63      4.83215e+6 
        3888.75      4.83252e+6 
        3888.84      4.83281e+6 
        3888.87      4.83287e+6 
        3888.87       4.8329e+6 
         3888.9      4.83296e+6 
        3888.93      4.83306e+6 
        3888.99      4.83321e+6 
        3889.05       4.8334e+6 
        3889.11      4.83365e+6 
        3889.17      4.83391e+6 
        3889.22      4.83413e+6 
        3889.29      4.83441e+6 
        3889.34      4.83463e+6 
        3889.39      4.83482e+6 
        3889.41      4.83485e+6 
        3889.45      4.83501e+6 
        3889.49      4.83519e+6 
        3889.58      4.83551e+6 
        3889.75      4.83614e+6 
        3890.05      4.83724e+6 
        3890.32      4.83818e+6 
        3890.47      4.83874e+6 
        3890.66      4.83937e+6 
           3891       4.8406e+6 
        3891.68      4.84305e+6 
        3892.89      4.84732e+6 
        3893.94      4.85103e+6 
        3894.46      4.85285e+6 
        3895.31      4.85583e+6 
        3896.22      4.85904e+6 
        3896.68      4.86067e+6 
        3898.89      4.86846e+6 
         3899.6      4.87095e+6 
        3901.57      4.87786e+6 
        3903.89      4.88599e+6 
        3904.25      4.88722e+6 
        3908.89      4.90343e+6 
        3913.89       4.9208e+6 
        3918.89      4.93956e+6 
        3923.89      4.95844e+6 
        3928.22      4.97474e+6 
        3928.35      4.97525e+6 
        3928.89      4.97726e+6 
        3929.56       4.9798e+6 
         3930.9      4.98483e+6 
        3933.45      4.99438e+6 
        3935.81      5.00317e+6 
        3937.35      5.00889e+6 
        3938.89      5.01461e+6 
        3940.04      5.01888e+6 
        3941.96      5.02605e+6 
        3943.88      5.03315e+6 
        3946.58       5.0431e+6 
        3947.73      5.04735e+6 
        3948.88      5.05159e+6 
        3950.65      5.05809e+6 
        3951.01      5.05944e+6 
        3951.19      5.06007e+6 
        3951.72      5.06202e+6 
        3952.78      5.06591e+6 
        3954.55      5.07242e+6 
        3957.31      5.08244e+6 
        3958.09      5.08533e+6 
        3958.62      5.08724e+6 
        3958.88      5.08819e+6 
        3960.45       5.0939e+6 
        3962.28      5.10053e+6 
        3965.74        5.113e+6 
        3965.94      5.11373e+6 
        3966.15      5.11448e+6 
        3966.56      5.11596e+6 
        3966.68      5.11637e+6 
        3967.28      5.11853e+6 
        3967.38      5.11888e+6 
        3968.08      5.12139e+6 
        3968.71      5.12362e+6 
        3968.88      5.12419e+6 
        3969.05      5.12479e+6 
        3969.23      5.12545e+6 
        3969.29       5.1256e+6 
        3969.38      5.12595e+6 
        3969.53      5.12642e+6 
        3969.65      5.12683e+6 
        3969.77      5.12717e+6 
        3969.83      5.12736e+6 
        3969.89      5.12752e+6 
        3969.95      5.12764e+6 
        3970.01      5.12777e+6 
        3970.07      5.12796e+6 
        3970.13      5.12821e+6 
        3970.19      5.12852e+6 
        3970.25      5.12881e+6 
        3970.32      5.12915e+6 
        3970.37      5.12937e+6 
        3970.42      5.12956e+6 
        3970.43      5.12962e+6 
        3970.49      5.12988e+6 
        3970.52      5.12997e+6 
        3970.61      5.13035e+6 
         3970.8      5.13104e+6 
         3971.1      5.13217e+6 
        3971.33      5.13305e+6 
        3971.59      5.13402e+6 
         3971.7       5.1344e+6 
        3972.06      5.13575e+6 
        3972.79      5.13842e+6 
        3973.99      5.14276e+6 
        3974.94      5.14618e+6 
         3976.4      5.15143e+6 
        3976.84      5.15303e+6 
        3977.86      5.15667e+6 
        3978.87      5.16032e+6 
        3979.58      5.16283e+6 
         3980.9      5.16757e+6 
        3982.23      5.17232e+6 
        3984.18      5.17926e+6 
        3984.88      5.18174e+6 
        3985.12      5.18259e+6 
        3985.59      5.18426e+6 
        3986.99      5.18925e+6 
        3988.87      5.19591e+6 
        3991.38      5.20474e+6 
        3992.62      5.20914e+6 
        3993.85      5.21347e+6 
        3993.87      5.21354e+6 
        3996.36      5.22227e+6 
        3998.87      5.23107e+6 
        4003.87      5.24847e+6 
        4008.87      5.26581e+6 
        4013.86      5.28331e+6 
        4018.86      5.30112e+6 
        4023.86      5.31884e+6 
        4025.34      5.32406e+6 
        4028.86      5.33643e+6 
        4032.38      5.34875e+6 
        4032.95      5.35073e+6 
        4033.86       5.3539e+6 
         4035.9      5.36103e+6 
        4038.86      5.37128e+6 
        4043.86      5.38855e+6 
        4048.86      5.40568e+6 
        4053.86      5.42267e+6 
        4058.85      5.43957e+6 
        4063.85      5.45635e+6 
        4068.85      5.47297e+6 
        4073.85      5.48949e+6 
        4075.42      5.49465e+6 
        4078.85      5.50586e+6 
        4082.28      5.51701e+6 
        4082.56      5.51792e+6 
           4084      5.52261e+6 
         4085.7      5.52807e+6 
        4088.84      5.53816e+6 
         4089.7      5.54086e+6 
        4093.69      5.55355e+6 
        4096.52      5.56244e+6 
        4097.68      5.56609e+6 
        4098.01      5.56712e+6 
        4098.68       5.5692e+6 
        4098.84       5.5697e+6 
        4099.68      5.57224e+6 
        4100.17      5.57375e+6 
        4100.67       5.5752e+6 
        4100.92      5.57589e+6 
        4101.17      5.57655e+6 
         4101.3      5.57686e+6 
        4101.42      5.57711e+6 
        4101.48      5.57721e+6 
        4101.55      5.57724e+6 
        4101.61      5.57727e+6 
        4101.67      5.57727e+6 
        4101.73      5.57736e+6 
         4101.8      5.57768e+6 
        4101.86      5.57805e+6 
        4101.92      5.57843e+6 
        4102.05      5.57909e+6 
         4102.3      5.58013e+6 
        4102.74      5.58179e+6 
        4102.79      5.58195e+6 
        4102.85      5.58214e+6 
        4102.94      5.58248e+6 
        4103.15      5.58318e+6 
         4103.3      5.58368e+6 
        4103.55      5.58453e+6 
        4103.79      5.58537e+6 
        4104.29      5.58701e+6 
        4104.78      5.58864e+6 
        4105.29      5.59031e+6 
        4105.79      5.59194e+6 
        4106.79      5.59521e+6 
        4108.68       5.6013e+6 
        4108.76      5.60155e+6 
         4108.8      5.60168e+6 
        4108.84      5.60184e+6 
        4108.86       5.6019e+6 
           4109      5.60237e+6 
        4109.32      5.60347e+6 
        4109.78      5.60507e+6 
         4110.7      5.60825e+6 
        4111.32      5.61038e+6 
        4112.55      5.61459e+6 
        4113.77       5.6188e+6 
        4114.69      5.62194e+6 
        4116.23      5.62719e+6 
        4116.69      5.62876e+6 
        4117.77       5.6324e+6 
        4118.13      5.63363e+6 
        4118.84      5.63605e+6 
        4120.98      5.64327e+6 
        4123.84      5.65286e+6 
        4126.14      5.66058e+6 
        4128.84      5.66954e+6 
         4129.6      5.67208e+6 
        4131.53      5.67843e+6 
        4133.83      5.68603e+6 
        4134.22      5.68729e+6 
        4138.83       5.7024e+6 
        4143.83      5.71858e+6 
        4148.83      5.73463e+6 
        4153.83      5.75056e+6 
        4158.83      5.76633e+6 
        4163.83      5.78194e+6 
        4168.82      5.79743e+6 
        4173.82      5.81276e+6 
        4178.82      5.82797e+6 
        4183.82      5.84305e+6 
        4188.82      5.85797e+6 
        4193.82      5.87277e+6 
        4198.82      5.88741e+6 
        4203.81      5.90195e+6 
        4208.81      5.91656e+6 
        4213.81      5.93123e+6 
        4216.52      5.93912e+6 
        4217.24      5.94119e+6 
        4218.81      5.94575e+6 
         4221.1      5.95234e+6 
        4223.81      5.96014e+6 
        4224.95       5.9634e+6 
        4228.81      5.97437e+6 
        4233.81      5.98844e+6 
        4238.81      6.00236e+6 
        4243.81      6.01615e+6 
         4248.8      6.02978e+6 
         4253.8      6.04326e+6 
         4258.8      6.05658e+6 
         4263.8      6.06975e+6 
         4268.8      6.08275e+6 
         4273.8      6.09557e+6 
         4278.8      6.10823e+6 
        4283.79       6.1207e+6 
        4288.79      6.13299e+6 
        4293.79      6.14505e+6 
        4298.79      6.15692e+6 
        4303.79      6.16849e+6 
        4308.79      6.17939e+6 
        4313.79      6.19004e+6 
        4314.07      6.19063e+6 
        4318.78       6.2004e+6 
        4320.85      6.20458e+6 
         4323.5      6.20986e+6 
        4326.14      6.21508e+6 
        4326.48      6.21574e+6 
        4328.78       6.2202e+6 
        4330.23      6.22296e+6 
        4331.09      6.22459e+6 
        4331.15      6.22469e+6 
        4331.95       6.2262e+6 
        4333.66      6.22943e+6 
        4334.06      6.23016e+6 
        4336.17      6.23408e+6 
        4337.79      6.23697e+6 
        4338.22       6.2377e+6 
        4338.28      6.23782e+6 
        4338.78      6.23861e+6 
        4338.81      6.23867e+6 
        4339.34      6.23942e+6 
         4339.6      6.23974e+6 
        4339.87      6.23993e+6 
           4340      6.23996e+6 
        4340.13      6.23986e+6 
         4340.2      6.23974e+6 
        4340.26      6.23949e+6 
        4340.33      6.23914e+6 
         4340.4      6.23876e+6 
        4340.46      6.23864e+6 
        4340.53      6.23905e+6 
        4340.59      6.23971e+6 
        4340.66      6.24037e+6 
        4340.79      6.24131e+6 
        4341.01      6.24231e+6 
        4341.06       6.2425e+6 
         4341.1      6.24269e+6 
         4341.2      6.24307e+6 
        4341.23      6.24313e+6 
        4341.24      6.24316e+6 
         4341.4      6.24373e+6 
        4341.58      6.24429e+6 
        4341.94      6.24533e+6 
        4342.64      6.24725e+6 
        4343.33      6.24904e+6 
        4343.57      6.24966e+6 
        4344.04      6.25086e+6 
        4344.75      6.25265e+6 
        4346.17      6.25617e+6 
        4348.58      6.26207e+6 
        4348.78      6.26258e+6 
        4348.98      6.26305e+6 
        4349.37      6.26402e+6 
        4350.17      6.26597e+6 
        4350.32      6.26635e+6 
        4351.76      6.26983e+6 
         4353.2      6.27329e+6 
        4354.73      6.27696e+6 
        4356.08      6.28017e+6 
        4356.08      6.28017e+6 
        4357.43      6.28334e+6 
        4358.77      6.28652e+6 
        4359.17      6.28743e+6 
        4361.47      6.29242e+6 
        4363.77       6.2977e+6 
        4367.98      6.30719e+6 
        4368.38      6.30807e+6 
        4368.52      6.30838e+6 
        4368.77      6.30895e+6 
        4369.56      6.31071e+6 
        4371.15      6.31419e+6 
        4373.77      6.31991e+6 
        4378.77      6.33062e+6 
        4383.77      6.34108e+6 
        4388.77      6.35136e+6 
        4393.77      6.36144e+6 
        4398.76      6.37134e+6 
        4403.76      6.37916e+6 
        4408.76      6.38607e+6 
        4413.76      6.39292e+6 
        4418.76      6.39968e+6 
        4423.76      6.40634e+6 
        4428.76       6.4129e+6 
        4433.75       6.4194e+6 
        4438.75      6.42581e+6 
        4443.75      6.43219e+6 
        4448.75      6.43847e+6 
        4453.75      6.44466e+6 
        4458.75      6.45082e+6 
        4463.75      6.45692e+6 
        4468.74      6.46292e+6 
        4473.74      6.46888e+6 
        4478.74      6.47479e+6 
        4483.74       6.4806e+6 
        4488.74      6.48638e+6 
        4493.74      6.49207e+6 
        4498.74      6.49901e+6 
        4503.74      6.50894e+6 
        4508.73      6.51874e+6 
        4513.73      6.52836e+6 
        4514.12      6.52908e+6 
        4518.73      6.53781e+6 
        4523.35      6.54639e+6 
        4527.19      6.55343e+6 
        4527.96      6.55484e+6 
        4528.73      6.55622e+6 
        4530.27      6.55899e+6 
        4532.97      6.56382e+6 
        4533.29      6.56442e+6 
        4533.35      6.56451e+6 
        4533.73      6.56521e+6 
        4534.49      6.56653e+6 
        4536.01      6.56923e+6 
        4538.73        6.574e+6 
        4543.73      6.58267e+6 
        4548.72      6.59119e+6 
        4553.72      6.59951e+6 
        4558.72      6.60771e+6 
        4563.72      6.61579e+6 
        4568.72      6.62367e+6 
        4573.72      6.63143e+6 
        4578.72      6.63906e+6 
        4583.72      6.64654e+6 
        4588.71      6.65389e+6 
        4593.71      6.66109e+6 
        4596.53      6.66448e+6 
        4596.98      6.66501e+6 
        4598.71      6.66709e+6 
        4600.89       6.6696e+6 
        4603.71      6.67281e+6 
         4604.8      6.67406e+6 
        4608.71      6.67846e+6 
        4613.71      6.68402e+6 
         4618.7      6.68946e+6 
         4623.7      6.69483e+6 
         4628.7      6.70011e+6 
         4633.7      6.70529e+6 
         4638.7      6.71041e+6 
         4643.7      6.71541e+6 
         4648.7      6.72034e+6 
         4653.7      6.72514e+6 
        4658.69      6.72989e+6 
        4663.69      6.73454e+6 
        4668.69      6.73912e+6 
        4673.69      6.74359e+6 
        4678.69      6.74798e+6 
        4683.69      6.75229e+6 
        4688.69       6.7565e+6 
        4693.69      6.76042e+6 
        4698.68      6.76404e+6 
        4703.68      6.76756e+6 
        4708.68      6.77101e+6 
        4713.68      6.77437e+6 
         4715.6      6.77566e+6 
        4718.68      6.77767e+6 
        4720.98      6.77915e+6 
        4721.76      6.77965e+6 
        4723.68      6.78084e+6 
        4724.83      6.78157e+6 
        4728.68      6.78396e+6 
        4733.68      6.78697e+6 
        4738.67      6.78989e+6 
        4743.67      6.79272e+6 
        4748.67      6.79545e+6 
        4753.67      6.79806e+6 
        4758.67      6.80054e+6 
        4763.67      6.80293e+6 
        4768.67      6.80516e+6 
        4773.66      6.80723e+6 
        4778.66      6.80915e+6 
        4783.66      6.81091e+6 
        4788.66      6.81245e+6 
        4793.66      6.81364e+6 
        4798.66      6.81462e+6 
        4803.66      6.81528e+6 
        4808.65      6.81559e+6 
        4813.65      6.81553e+6 
        4818.65      6.81503e+6 
        4823.65      6.81399e+6 
        4828.65      6.81236e+6 
        4833.65      6.81003e+6 
        4834.97      6.80931e+6 
        4838.65      6.80701e+6 
        4839.16      6.80667e+6 
        4842.32      6.80438e+6 
        4845.48      6.80174e+6 
         4845.5      6.80174e+6 
        4847.05      6.80035e+6 
        4848.64      6.79891e+6 
        4851.78      6.79599e+6 
        4854.39      6.79354e+6 
        4856.52      6.79149e+6 
         4858.4      6.78955e+6 
        4858.64      6.78926e+6 
        4858.66      6.78926e+6 
        4858.88      6.78898e+6 
        4859.36      6.78832e+6 
        4859.47      6.78813e+6 
        4860.06        6.787e+6 
        4860.36      6.78622e+6 
        4860.66      6.78509e+6 
        4860.81      6.78427e+6 
        4860.95      6.78308e+6 
        4861.03       6.7822e+6 
         4861.1      6.78091e+6 
        4861.18      6.77912e+6 
        4861.25      6.77745e+6 
        4861.32       6.7766e+6 
         4861.4      6.77751e+6 
        4861.47      6.77924e+6 
        4861.54      6.78106e+6 
        4861.64      6.78273e+6 
        4861.69       6.7833e+6 
        4861.69      6.78333e+6 
        4861.69      6.78333e+6 
        4861.69      6.78339e+6 
        4861.74      6.78386e+6 
        4861.84      6.78468e+6 
        4861.98      6.78553e+6 
        4861.99      6.78559e+6 
        4862.28      6.78691e+6 
        4862.58      6.78794e+6 
         4862.6      6.78801e+6 
        4863.18      6.78952e+6 
        4863.73      6.79071e+6 
        4863.76       6.7908e+6 
        4864.93      6.79297e+6 
        4866.13      6.79508e+6 
        4868.41      6.79894e+6 
        4868.53      6.79913e+6 
        4868.64      6.79932e+6 
        4868.86      6.79969e+6 
        4869.32      6.80045e+6 
        4869.58      6.80089e+6 
        4870.22      6.80196e+6 
        4870.86      6.80306e+6 
        4872.13      6.80519e+6 
        4874.62      6.80931e+6 
        4874.69      6.80943e+6 
        4874.75      6.80953e+6 
        4874.87      6.80972e+6 
        4875.12      6.81012e+6 
        4875.61      6.81094e+6 
        4876.61      6.81254e+6 
        4878.45      6.81547e+6 
        4878.54      6.81562e+6 
        4878.59      6.81569e+6 
        4878.64      6.81578e+6 
        4878.82      6.81606e+6 
        4879.19      6.81663e+6 
        4879.53      6.81716e+6 
        4879.92      6.81776e+6 
        4880.32      6.81836e+6 
        4880.94       6.8193e+6 
        4881.12      6.81955e+6 
        4882.71      6.82191e+6 
        4884.48      6.82442e+6 
         4887.4      6.82835e+6 
        4888.02      6.82916e+6 
        4888.63      6.82995e+6 
        4889.87      6.83149e+6 
        4891.06      6.83293e+6 
        4892.35      6.83444e+6 
        4893.63      6.83592e+6 
        4893.78      6.83607e+6 
         4896.2      6.83871e+6 
        4898.63      6.84119e+6 
        4903.34      6.84562e+6 
        4903.48      6.84575e+6 
        4903.63      6.84588e+6 
        4903.92      6.84613e+6 
         4904.5      6.84663e+6 
        4905.66       6.8476e+6 
        4907.33      6.84899e+6 
        4907.98      6.84949e+6 
        4908.63      6.85002e+6 
        4909.93      6.85103e+6 
        4911.43      6.85213e+6 
        4912.53      6.85294e+6 
        4913.01      6.85329e+6 
        4913.63       6.8537e+6 
        4915.55      6.85502e+6 
        4915.82      6.85521e+6 
        4918.24      6.85678e+6 
        4918.63      6.85703e+6 
         4921.7      6.85888e+6 
        4923.62      6.85998e+6 
        4925.16      6.86083e+6 
        4928.62      6.86265e+6 
        4933.62       6.8651e+6 
        4938.62       6.8673e+6 
        4943.62      6.86934e+6 
        4948.62       6.8712e+6 
        4953.62      6.87293e+6 
        4958.61       6.8745e+6 
        4963.61      6.87594e+6 
        4968.61      6.87729e+6 
        4973.61      6.87855e+6 
        4978.61      6.87971e+6 
        4983.61      6.88075e+6 
        4988.61      6.88163e+6 
        4993.61      6.88244e+6 
         4998.6      6.88317e+6 
         5003.6      6.88383e+6 
         5008.6      6.88445e+6 
         5013.6      6.88499e+6 
         5018.6      6.88549e+6 
         5023.6      6.88593e+6 
         5028.6      6.88631e+6 
         5033.6      6.88665e+6 
        5038.59      6.88694e+6 
        5043.59      6.88719e+6 
        5048.59      6.88738e+6 
        5053.59      6.88753e+6 
        5058.59      6.88763e+6 
        5063.59      6.88769e+6 
        5068.59      6.88772e+6 
        5073.58      6.88769e+6 
        5078.58      6.88763e+6 
        5083.58      6.88734e+6 
        5088.58      6.88697e+6 
        5093.58      6.88653e+6 
        5098.58      6.88609e+6 
        5103.58      6.88559e+6 
        5108.57      6.88505e+6 
        5113.57      6.88452e+6 
        5118.57      6.88392e+6 
        5123.57      6.88329e+6 
        5128.57      6.88263e+6 
        5133.57      6.88194e+6 
        5138.57      6.88122e+6 
        5143.57       6.8805e+6 
        5148.56      6.87971e+6 
        5153.56      6.87889e+6 
        5158.56      6.87805e+6 
        5163.56       6.8772e+6 
        5168.56      6.87629e+6 
        5173.56      6.87534e+6 
        5178.56      6.87434e+6 
        5183.56      6.87321e+6 
        5188.55      6.87205e+6 
        5193.55      6.87085e+6 
        5198.55      6.86963e+6 
        5203.55      6.86837e+6 
        5208.55      6.86711e+6 
        5213.55      6.86583e+6 
        5218.55      6.86447e+6 
        5223.54      6.86312e+6 
        5228.54      6.86174e+6 
        5233.54      6.86036e+6 
        5238.54      6.85891e+6 
        5243.54      6.85747e+6 
        5248.54      6.85599e+6 
        5253.54      6.85448e+6 
        5258.53      6.85294e+6 
        5263.53      6.85141e+6 
        5268.53       6.8498e+6 
        5273.53       6.8482e+6 
        5278.53       6.8472e+6 
        5283.53      6.84628e+6 
        5288.53      6.84531e+6 
        5293.52      6.84427e+6 
        5298.52      6.84324e+6 
        5303.52      6.84214e+6 
        5308.52      6.84101e+6 
        5313.52      6.83981e+6 
        5318.52      6.83862e+6 
        5323.52      6.83736e+6 
        5328.52      6.83607e+6 
        5333.52      6.83475e+6 
        5338.51      6.83337e+6 
        5343.51      6.83199e+6 
        5348.51      6.83054e+6 
        5353.51      6.82907e+6 
        5358.51      6.82756e+6 
        5363.51      6.82634e+6 
        5368.51      6.82473e+6 
         5373.5      6.82282e+6 
         5378.5      6.82049e+6 
         5383.5      6.81817e+6 
         5388.5      6.81578e+6 
         5393.5      6.81339e+6 
         5398.5        6.811e+6 
         5403.5      6.80855e+6 
        5408.49       6.8061e+6 
        5413.49      6.80365e+6 
        5418.49      6.80114e+6 
        5423.49      6.79866e+6 
        5428.49      6.79611e+6 
        5433.49      6.79357e+6 
        5438.49      6.79099e+6 
        5443.48      6.78842e+6 
        5448.48      6.78581e+6 
        5453.48      6.78317e+6 
        5458.48      6.78053e+6 
        5463.48      6.77786e+6 
        5468.48      6.77516e+6 
        5473.48       6.7729e+6 
        5478.48       6.7706e+6 
        5483.48      6.76831e+6 
        5488.47      6.76599e+6 
        5493.47      6.76363e+6 
        5498.47      6.76124e+6 
        5503.47      6.75885e+6 
        5508.47      6.75643e+6 
        5513.47      6.75398e+6 
        5518.47       6.7515e+6 
        5523.46      6.74902e+6 
        5528.46      6.74651e+6 
        5533.46      6.74399e+6 
        5538.46      6.74142e+6 
        5543.46      6.73884e+6 
        5548.46      6.73623e+6 
        5553.46      6.73363e+6 
        5558.45      6.73099e+6 
        5563.45      6.72832e+6 
        5568.45      6.72565e+6 
        5573.45      6.72291e+6 
        5578.45      6.72018e+6 
        5583.45      6.71742e+6 
        5588.45      6.71465e+6 
        5593.44      6.71186e+6 
        5598.44      6.70903e+6 
        5603.44       6.7062e+6 
        5608.44      6.70334e+6 
        5613.44      6.70045e+6 
        5618.44      6.69756e+6 
        5623.44      6.69464e+6 
        5628.44      6.69172e+6 
        5633.43      6.68876e+6 
        5638.43      6.68578e+6 
        5643.43       6.6828e+6 
        5648.43      6.67978e+6 
        5653.43      6.67676e+6 
        5658.43      6.67372e+6 
        5663.43      6.67067e+6 
        5668.43      6.66778e+6 
        5673.42      6.66467e+6 
        5673.98      6.66432e+6 
        5678.42      6.66156e+6 
        5682.86      6.65876e+6 
         5686.2      6.65666e+6 
        5687.31      6.65597e+6 
        5687.86      6.65559e+6 
        5688.42      6.65524e+6 
        5690.64      6.65383e+6 
        5693.42      6.65207e+6 
        5698.42      6.64887e+6 
        5703.41      6.64566e+6 
        5704.77      6.64478e+6 
        5708.41      6.64243e+6 
        5708.88      6.64211e+6 
        5712.06      6.64007e+6 
        5713.41      6.63919e+6 
        5715.23        6.638e+6 
        5718.41      6.63592e+6 
        5723.41      6.63266e+6 
        5728.41      6.62936e+6 
        5733.41      6.62603e+6 
        5738.41       6.6227e+6 
         5743.4      6.61937e+6 
         5748.4      6.61601e+6 
         5753.4      6.61261e+6 
         5758.4      6.60922e+6 
         5763.4       6.6041e+6 
         5768.4      6.60067e+6 
         5773.4      6.59722e+6 
         5778.4      6.59373e+6 
        5783.39      6.59024e+6 
        5788.39      6.58676e+6 
        5793.39      6.58324e+6 
        5798.39      6.57978e+6 
        5803.39      6.57623e+6 
        5808.39      6.57268e+6 
        5813.39       6.5691e+6 
        5818.39      6.56549e+6 
        5823.38      6.56191e+6 
        5828.38      6.55826e+6 
        5833.38      6.55462e+6 
        5838.38      6.55097e+6 
        5843.38       6.5473e+6 
        5848.38      6.54362e+6 
        5853.38      6.53995e+6 
        5858.37      6.53624e+6 
        5863.37      6.53253e+6 
        5868.37       6.5288e+6 
        5873.37      6.52506e+6 
        5878.37      6.52129e+6 
        5883.37      6.51752e+6 
        5888.37      6.51375e+6 
        5893.36      6.50995e+6 
        5898.36      6.50614e+6 
        5903.36      6.50231e+6 
        5908.36      6.49848e+6 
        5913.36      6.49465e+6 
        5918.36      6.49078e+6 
        5923.36      6.48689e+6 
        5928.35      6.48302e+6 
        5933.35       6.4791e+6 
        5938.35       6.4752e+6 
        5943.35      6.47127e+6 
        5948.35      6.46731e+6 
        5953.35      6.46336e+6 
        5958.35      6.45937e+6 
        5963.35      6.45538e+6 
        5968.34      6.45135e+6 
        5973.34      6.44733e+6 
        5978.34      6.44328e+6 
        5983.34      6.43926e+6 
        5988.34      6.43518e+6 
        5993.34      6.43112e+6 
        5998.34      6.42701e+6 
        6003.34      6.42292e+6 
        6008.33      6.41881e+6 
        6013.33      6.41469e+6 
        6018.33      6.41055e+6 
        6023.33       6.4064e+6 
        6028.33      6.40225e+6 
        6033.33      6.39807e+6 
        6038.32       6.3939e+6 
        6043.32      6.38972e+6 
        6048.32      6.38551e+6 
        6053.32       6.3813e+6 
        6058.32      6.37706e+6 
        6063.32      6.37281e+6 
        6068.32      6.36854e+6 
        6073.32       6.3643e+6 
        6078.31      6.36003e+6 
        6083.31      6.35572e+6 
        6088.31      6.35142e+6 
        6093.31      6.34712e+6 
        6098.31      6.34278e+6 
        6103.31      6.33845e+6 
        6108.31      6.33411e+6 
        6113.31      6.32974e+6 
         6118.3      6.32538e+6 
         6123.3      6.32101e+6 
         6128.3      6.31661e+6 
         6133.3      6.31221e+6 
         6138.3      6.30778e+6 
         6143.3      6.30335e+6 
         6148.3      6.29892e+6 
        6153.29      6.29446e+6 
        6158.29         6.29e+6 
        6163.29      6.28551e+6 
        6168.29      6.28102e+6 
        6173.29      6.27653e+6 
        6178.29        6.272e+6 
        6183.29      6.26745e+6 
        6188.28      6.26292e+6 
        6193.28      6.25837e+6 
        6198.28      6.25378e+6 
        6203.28      6.24919e+6 
        6208.28      6.24461e+6 
        6213.28      6.23999e+6 
        6218.28      6.23534e+6 
        6223.28      6.23072e+6 
        6228.27      6.22604e+6 
        6233.27      6.22136e+6 
        6238.27      6.21668e+6 
        6243.27      6.21197e+6 
        6244.38      6.21093e+6 
        6248.27      6.20725e+6 
        6252.16      6.20358e+6 
        6253.82      6.20198e+6 
        6256.04      6.19987e+6 
        6258.27      6.19777e+6 
        6262.16      6.19406e+6 
        6262.71      6.19352e+6 
        6263.27      6.19299e+6 
        6264.37      6.19192e+6 
        6264.91      6.19142e+6 
        6266.59      6.18979e+6 
        6268.26      6.18818e+6 
        6269.97      6.18655e+6 
        6271.61      6.18498e+6 
        6273.26      6.18338e+6 
        6274.85      6.18184e+6 
        6276.56       6.1802e+6 
        6278.26      6.17854e+6 
        6280.08      6.17678e+6 
        6281.67      6.17524e+6 
        6283.26       6.1737e+6 
        6284.63      6.17235e+6 
        6286.44      6.17059e+6 
        6288.26       6.1688e+6 
        6290.52       6.1666e+6 
        6291.89      6.16525e+6 
        6293.26       6.1639e+6 
        6293.73      6.16346e+6 
        6295.99      6.16123e+6 
        6298.26        6.159e+6 
        6302.31      6.15498e+6 
        6302.78      6.15451e+6 
        6303.25      6.15403e+6 
        6303.92      6.15337e+6 
         6304.2      6.15309e+6 
        6306.09      6.15121e+6 
        6308.25      6.14907e+6 
        6311.92       6.1454e+6 
        6312.59      6.14474e+6 
        6313.25      6.14404e+6 
        6314.58      6.14272e+6 
        6316.22      6.14106e+6 
        6317.23      6.14005e+6 
        6317.31      6.13996e+6 
        6318.25      6.13902e+6 
        6320.28      6.13698e+6 
        6323.25      6.13396e+6 
        6328.25      6.12887e+6 
        6333.25      6.12375e+6 
        6338.24      6.11857e+6 
        6343.24      6.11338e+6 
        6348.24      6.10814e+6 
        6353.24      6.10283e+6 
        6358.24      6.09749e+6 
        6363.24      6.09211e+6 
        6368.24      6.08668e+6 
        6373.23      6.08118e+6 
        6378.23      6.07562e+6 
        6383.23         6.07e+6 
        6388.23      6.06428e+6 
        6393.23       6.0585e+6 
        6398.23      6.05266e+6 
        6403.23      6.04669e+6 
        6408.23      6.04062e+6 
        6413.22      6.03447e+6 
        6418.22      6.02818e+6 
        6423.22      6.02174e+6 
        6428.22      6.01518e+6 
        6433.22      6.00845e+6 
        6438.22      6.00154e+6 
        6443.22      5.99441e+6 
        6448.22      5.98709e+6 
        6453.21      5.97952e+6 
        6458.21       5.9717e+6 
        6463.21      5.96356e+6 
        6468.21      5.95511e+6 
        6473.21      5.94625e+6 
        6478.21      5.93701e+6 
         6483.2      5.92727e+6 
         6488.2      5.91703e+6 
         6493.2      5.90623e+6 
         6498.2      5.89476e+6 
         6503.2      5.88257e+6 
         6508.2      5.86959e+6 
         6513.2      5.85571e+6 
         6518.2      5.84091e+6 
        6523.19      5.82505e+6 
        6523.72      5.82332e+6 
        6528.19      5.80811e+6 
        6532.67      5.79203e+6 
         6536.1      5.77915e+6 
        6537.14       5.7751e+6 
        6537.38      5.77415e+6 
        6538.19      5.77101e+6 
        6540.29      5.76275e+6 
        6543.19      5.75103e+6 
        6546.46      5.73755e+6 
        6546.72      5.73645e+6 
        6548.19      5.73033e+6 
        6549.92      5.72304e+6 
        6553.11      5.70931e+6 
        6554.43      5.70353e+6 
        6556.31      5.69498e+6 
        6556.87      5.69231e+6 
         6557.9      5.68716e+6 
        6558.19      5.68569e+6 
         6559.5      5.67805e+6 
         6560.3      5.67237e+6 
         6561.1      5.66495e+6 
         6561.5       5.6598e+6 
         6561.9      5.65248e+6 
        6562.09      5.64714e+6 
        6562.29      5.64042e+6 
        6562.39      5.63589e+6 
        6562.49      5.62986e+6 
        6562.59      5.62282e+6 
        6562.69      5.61566e+6 
        6562.79      5.61167e+6 
        6562.89      5.61541e+6 
        6562.99      5.62248e+6 
        6563.09      5.62933e+6 
        6563.29       5.6395e+6 
        6563.64      5.64981e+6 
        6563.69      5.65081e+6 
        6563.69      5.65088e+6 
        6563.69      5.65091e+6 
        6563.74      5.65191e+6 
        6563.84      5.65377e+6 
        6564.04      5.65685e+6 
        6564.29      5.65999e+6 
        6564.39      5.66102e+6 
        6564.44       5.6615e+6 
        6564.49      5.66197e+6 
        6564.69      5.66373e+6 
        6565.08      5.66665e+6 
        6565.64      5.67001e+6 
        6565.86      5.67117e+6 
        6566.09      5.67227e+6 
        6566.54      5.67425e+6 
        6566.69      5.67488e+6 
        6567.09      5.67642e+6 
        6567.44      5.67771e+6 
        6568.18      5.68022e+6 
        6569.28      5.68355e+6 
        6570.48      5.68694e+6 
        6571.48      5.68961e+6 
        6572.47      5.69219e+6 
        6573.27      5.69423e+6 
        6574.47      5.69722e+6 
        6575.67      5.70017e+6 
        6577.95      5.70567e+6 
        6578.06      5.70595e+6 
        6578.18       5.7062e+6 
        6578.41      5.70677e+6 
        6578.87      5.70783e+6 
        6579.79         5.71e+6 
        6580.08      5.71066e+6 
        6581.63      5.71421e+6 
        6583.18       5.7177e+6 
        6584.38      5.72034e+6 
        6586.28      5.72442e+6 
        6587.91      5.72781e+6 
        6588.18      5.72835e+6 
        6588.44      5.72891e+6 
        6588.98      5.72998e+6 
        6590.04      5.73209e+6 
        6591.02      5.73397e+6 
        6592.17      5.73614e+6 
        6593.01      5.73768e+6 
        6593.31      5.73821e+6 
        6595.59      5.74223e+6 
        6598.17      5.74648e+6 
        6603.34      5.75402e+6 
        6613.66      5.76558e+6 
         6634.3      5.77701e+6 
        6654.94      5.77745e+6 
        6675.58      5.77098e+6 
        6680.98       5.7685e+6 
        6696.23      5.76014e+6 
        6711.48      5.75028e+6 
        6741.98      5.72756e+6 
        6781.19      5.69467e+6 
        6802.98      5.67529e+6 
        6824.78      5.65537e+6 
        6868.37      5.61472e+6 
        6955.56      5.53087e+6 
        6976.35      5.51057e+6 
        7042.75      5.44526e+6 
        7109.15      5.37947e+6 
        7175.54      5.31394e+6 
        7241.94      5.24828e+6 
        7308.33      5.18256e+6 
        7355.95      5.13547e+6 
        7374.73      5.11772e+6 
        7393.51      5.09909e+6 
        7431.08      5.06224e+6 
        7506.22      4.98866e+6 
        7581.35      4.91537e+6 
         7635.1      4.86315e+6 
        7656.49      4.84242e+6 
        7677.88      4.82172e+6 
        7720.67      4.78081e+6 
        7806.23      4.69935e+6 
        7821.36      4.68503e+6 
         7891.8      4.61855e+6 
        7962.25      4.55254e+6 
        7982.84      4.53344e+6 
        8032.69      4.48739e+6 
        8082.55      4.44162e+6 
        8161.68      4.36977e+6 
        8182.26      4.35117e+6 
        8200.85      4.33442e+6 
        8202.85      4.33263e+6 
        8204.85      4.33084e+6 
        8208.85      4.32726e+6 
        8216.85       4.3201e+6 
        8232.84      4.30584e+6 
        8264.83      4.27734e+6 
        8289.72      4.25529e+6 
        8328.82      4.22076e+6 
        8343.44      4.20791e+6 
        8367.92      4.18642e+6 
        8371.47      4.18334e+6 
        8388.68      4.16836e+6 
        8392.39      4.16512e+6 
        8408.65      4.15102e+6 
        8413.32        4.147e+6 
        8432.02      4.13079e+6 
        8437.95       4.1257e+6 
        8467.25      4.10044e+6 
        8473.98      4.09466e+6 
        8502.48      4.07025e+6 
        8516.58      4.05822e+6 
        8530.98      4.04593e+6 
        8545.38      4.03377e+6 
        8549.97      4.02988e+6 
        8574.18      4.00952e+6 
        8598.39      3.98919e+6 
         8628.6      3.96397e+6 
        8646.81      3.94879e+6 
        8652.39      3.94418e+6 
        8665.01      3.93368e+6 
        8685.59      3.91665e+6 
        8701.43      3.90359e+6 
        8750.47      3.86334e+6 
        8767.92      3.84911e+6 
        8815.35      3.81059e+6 
        8862.78      3.77268e+6 
        8900.38      3.74286e+6 
        8957.65      3.69778e+6 
        9014.91      3.65314e+6 
        9044.62      3.63014e+6 
        9072.17      3.60894e+6 
        9099.72      3.58782e+6 
        9154.81      3.54629e+6 
         9190.8      3.51937e+6 
         9209.9      3.50514e+6 
        9229.01      3.49097e+6 
        9267.22      3.46276e+6 
         9303.2      3.43637e+6 
        9343.64      3.40693e+6 
        9384.08      3.37771e+6 
        9464.96      3.32041e+6 
        9545.72      3.26405e+6 
        9545.84      3.26396e+6 
        9545.97      3.26389e+6 
        9546.21      3.26371e+6 
        9546.69      3.26339e+6 
        9546.87      3.26327e+6 
        9547.66      3.26273e+6 
        9549.59      3.26138e+6 
        9553.47      3.25871e+6 
        9561.21      3.25334e+6 
        9576.69      3.24269e+6 
        9607.66      3.22142e+6 
        9668.45      3.18008e+6 
        9729.24      3.13952e+6 
        9790.04      3.09945e+6 
        9850.83      3.05986e+6 
        9870.42       3.0472e+6 
        9911.62      3.02074e+6 
        9952.82       2.9945e+6 
        10021.1      2.95185e+6 
        10035.2      2.94308e+6 
        10049.4      2.93432e+6 
        10077.7      2.91692e+6 
        10134.2      2.88239e+6 
        10144.5      2.87619e+6 
        10190.8      2.84826e+6 
        10237.2      2.82058e+6 
        10329.9      2.76713e+6 
        10422.6      2.71464e+6 
        10515.3      2.66312e+6 
          10608      2.61255e+6 
        10700.7      2.56292e+6 
        10793.4      2.51424e+6 
        10834.1      2.49315e+6 
        10886.1      2.46648e+6 
        10938.1      2.44007e+6 
        10990.1      2.41403e+6 
          11042      2.38824e+6 
          11094      2.36274e+6 
          11146      2.33751e+6 
          11198      2.31256e+6 
          11239      2.29306e+6 
          11250      2.28788e+6 
        11260.9      2.28272e+6 
        11282.8      2.27279e+6 
        11326.6      2.25304e+6 
        11414.2      2.21408e+6 
        11501.8       2.1758e+6 
        11589.4       2.1382e+6 
          11677      2.10126e+6 
        11764.6        2.065e+6 
        11852.2      2.02938e+6 
        11939.8      1.99441e+6 
        12027.4      1.96006e+6 
          12115      1.92635e+6 
        12120.6      1.92422e+6 
        12202.6      1.89326e+6 
        12284.6      1.86282e+6 
        12366.6      1.83412e+6 
        12448.7      1.80587e+6 
        12530.7      1.77807e+6 
        12612.7       1.7507e+6 
        12694.7      1.72374e+6 
        12735.4      1.71052e+6 
        12776.7      1.69719e+6 
        12818.1      1.68393e+6 
        12900.8      1.65804e+6 
        12983.5      1.63253e+6 
        13066.2       1.6074e+6 
        13148.9      1.58268e+6 
        13154.8      1.58093e+6 
        13231.6      1.55836e+6 
        13308.4      1.53613e+6 
        13385.1      1.51533e+6 
        13461.9      1.49482e+6 
        13538.7      1.47459e+6 
        13615.5      1.45465e+6 
        13692.3      1.43501e+6 
        13769.1      1.41562e+6 
        13845.9      1.39652e+6 
        13922.7      1.37768e+6 
        13999.5      1.35912e+6 
        14076.2      1.34082e+6 
          14153      1.32279e+6 
        14229.8      1.30502e+6 
        14281.2      1.29328e+6 
        14306.6       1.2875e+6 
        14332.1      1.28175e+6 
          14383      1.27068e+6 
        14410.1      1.26482e+6 
        14427.1      1.26117e+6 
        14433.9      1.25971e+6 
        14457.6      1.25463e+6 
        14505.2      1.24459e+6 
        14581.2      1.22871e+6 
        14583.2      1.22829e+6 
        14585.2      1.22788e+6 
        14589.2      1.22707e+6 
        14597.2      1.22545e+6 
        14613.2      1.22223e+6 
        14645.2      1.21581e+6 
        14709.2      1.20307e+6 
        14773.2      1.19046e+6 
        14837.1      1.17797e+6 
        14901.1      1.16563e+6 
        14965.1      1.15341e+6 
        15029.1      1.14132e+6 
        15093.1      1.12936e+6 
        15157.1      1.11753e+6 
          15221      1.10582e+6 
          15285      1.09424e+6 
          15349      1.08279e+6 
          15413      1.07146e+6 
        15471.6       1.0612e+6 
          15477      1.06026e+6 
        15482.4      1.05932e+6 
        15493.1      1.05739e+6 
        15514.7      1.05355e+6 
        15557.9       1.0459e+6 
        15644.2      1.03079e+6 
        15730.5       1.0159e+6 
        15816.8      1.00125e+6 
        15903.1          986828 
        15989.4          972631 
        16075.8          958651 
        16162.1          944891 
        16248.4          931347 
        16289.9          924910 
        16334.7          918014 
        16379.5          911175 
        16469.1          895514 
        16558.8          880177 
        16648.4          865160 
          16738          850454 
        16827.7          836050 
        16917.3          821944 
        17006.9          808128 
        17096.6          794594 
        17186.2          781333 
        17275.8          768346 
        17327.7          760950 
        17365.5          755619 
        17403.2          750332 
        17478.8          739886 
        17554.3          729619 
        17629.9          719525 
        17705.4          709604 
          17781          699846 
        17856.5          690252 
        17932.1          680821 
        18007.6          671060 
        18083.2          661871 
        18158.7          652817 
        18234.3          643891 
        18309.8          635082 
        18343.7          631162 
        18385.3          626386 
          18427          621640 
        18510.2          612230 
        18593.4          602934 
        18602.1          601973 
        18676.6          593792 
        18751.1          585772 
        18825.6          578455 
        18900.2          571270 
        18974.7          564180 
        19049.2          557152 
        19123.7          550184 
        19198.3          543282 
        19272.8          536455 
        19347.3          529710 
          19393          525614 
        19421.9          523050 
        19450.7          520499 
        19508.3          515438 
        19565.9          510697 
        19623.6          505715 
        19681.2          500792 
        19738.8          495929 
        19796.5          491122 
        19854.1          486375 
        19911.7          481682 
        19969.4          477045 
          20027          472464 
        20084.6          467934 
        20142.3          463460 
        20199.9          459037 
        20257.5          454667 
        20315.2          450347 
        20372.8          446078 
        20386.4          445073 
        20430.4          441859 
        20474.4          438673 
        20562.3          432387 
        20650.3          426210 
        20738.2          420144 
        20826.2          414181 
        20914.1          408322 
        21002.1          402567 
          21090          396912 
        21177.9          391351 
        21265.9          385888 
        21353.8          380519 
        21441.8          375241 
        21529.7          370054 
        21604.7          365700 
        21617.7          364953 
        21630.6          364211 
        21656.5          362728 
        21708.4          359788 
        21760.2          356872 
          21812          353992 
        21863.8          351136 
        21915.7          348308 
        21967.5          345512 
        22019.3          342741 
        22071.1          339996 
          22123          337281 
        22174.8          334592 
        22226.6          331928 
        22278.4          329292 
        22330.3          326679 
        22382.1          324093 
        22433.9          321533 
        22485.8          318997 
        22537.6          316487 
        22589.4          314000 
        22641.2          311538 
        22693.1          309099 
        22702.9          308637 
        22744.9          306684 
        22784.8          304837 
        22786.8          304745 
        22788.8          304653 
        22792.8          304469 
        22800.8          304102 
        22816.8          303369 
        22848.8          301911 
        22912.8          299018 
        22976.8          296160 
        23040.8          293336 
        23104.8          290544 
        23168.7          287786 
        23232.7          285060 
        23296.7          282365 
        23360.7          279702 
        23424.7          277070 
        23488.6          274469 
        23552.6          271897 
        23616.6          269355 
        23680.6          266843 
        23744.6          264360 
        23808.6          261905 
        23872.5          259478 
        23936.5          257079 
        24000.5          254707 
        24064.5          252362 
        24128.5          250044 
        24192.5          247752 
        24256.4          245486 
        24320.4          243245 
        24384.4          241030 
        24448.4          238840 
        24512.4          236674 
        24576.3          234532 
        24640.3          232415 
        24704.3          230321 
        24768.3          228250 
        24832.3          226203 
        24896.3          224177 
        24960.2          222175 
        25004.4          220804 
        25024.2          220194 
          25044          219586 
        25083.6          218377 
        25162.8          215982 
        25241.9          213620 
        25321.1          211290 
        25400.2          208991 
        25479.4          206723 
        25558.5          204485 
        25637.7          202277 
        25716.9          200099 
          25796          197950 
        25875.2          195829 
        25954.3          193736 
        26033.5          191671 
        26112.7          189633 
        26191.8          187622 
          26271          185637 
        26350.1          183678 
        26429.3          181744 
        26508.4          179836 
        26587.6          177952 
        26666.8          176093 
        26745.9          174258 
        26825.1          172447 
        26904.2          170658 
        26983.4          168893 
        27062.6          167150 
        27141.7          165430 
        27142.5          165412 
        27220.9          163731 
        27299.2          162072 
        27377.5          160434 
        27455.8          158816 
        27534.2          157218 
        27612.5          155641 
        27690.8          154083 
        27769.1          152544 
        27847.5          151025 
        27925.8          149523 
        28004.1          148041 
        28082.4          146577 
        28160.8          145130 
        28239.1          143701 
        28317.4          142290 
        28395.7          140895 
          28474          139518 
        28552.4          138158 
        28630.7          136813 
          28709          135485 
        28787.3          134173 
        28865.7          132876 
          28944          131595 
        29022.3          130330 
        29100.6          129079 
          29179          127843 
        29257.3          126622 
        29335.6          125415 
        29413.9          124223 
        29492.3          123044 
        29570.6          121880 
        29648.9          120729 
        29727.2          119591 
        29805.5          118467 
        29883.9          117356 
        29932.6          116671 
        29962.2          116257 
        29991.8          115846 
