# Koester WD models
# teff = 5500 K (value for the effective temperature for the model. Temperatures are given in K)
# logg = 8.5 log(cm/s2) (value for Log(G) for the model.)
#
# column 1: WAVELENGTH (ANGSTROM), Wavelength in Angstrom
# column 2: FLUX (ERG/CM2/S/A), Flux in erg/cm2/s/A
         899.23       0.0034047 
        899.481      0.00343348 
        899.984      0.00349172 
        900.991      0.00361098 
        901.771      0.00370611 
        903.003      0.00386092 
        904.235      0.00402171 
        905.468      0.00418872 
        906.699       0.0043621 
        907.931      0.00454215 
        909.085      0.00471701 
        909.163      0.00472907 
        909.241      0.00474113 
        909.386      0.00476372 
        909.397      0.00476539 
        909.709      0.00481421 
        910.032      0.00486516 
        910.677      0.00496862 
        911.902      0.00517053 
        911.968      0.00518162 
        912.034      0.00519274 
        912.166      0.00521501 
        912.429      0.00525987 
         912.63      0.00529427 
        912.958      0.00535063 
        913.037      0.00536443 
        913.241      0.00540002 
        913.284      0.00540753 
        913.478      0.00544165 
        913.531      0.00545098 
        913.755       0.0054905 
        913.822      0.00550241 
         914.08      0.00554852 
        914.165      0.00556379 
        914.499       0.0056242 
        914.575      0.00563803 
        915.071      0.00572885 
         915.54      0.00581619 
        915.609      0.00582894 
        915.643      0.00583532 
        915.677      0.00584173 
        915.741      0.00585379 
        915.813      0.00586736 
        916.085      0.00591898 
        916.429      0.00598486 
        916.858       0.0060678 
        917.118      0.00611869 
        917.196      0.00613402 
        917.378      0.00616996 
        917.899      0.00627373 
        917.952      0.00628441 
        918.287      0.00635221 
        918.602      0.00641639 
        919.251      0.00655091 
        920.215       0.0067554 
        921.882      0.00712215 
        921.999      0.00714891 
        922.143      0.00718212 
        922.405      0.00724191 
         922.81      0.00733446 
        923.621      0.00751745 
        925.001      0.00785584 
        925.242      0.00792077 
        925.484      0.00798122 
        925.564      0.00800132 
        925.966      0.00809582 
        926.164      0.00813534 
        926.369        0.008177 
        927.173      0.00834878 
        927.276      0.00837172 
        928.182      0.00858864 
        928.917       0.0087788 
         928.98      0.00880331 
        929.089      0.00884811 
        929.261       0.0089246 
        929.317      0.00894964 
        929.543      0.00904926 
        929.655      0.00909124 
        929.769       0.0091267 
        929.827      0.00914329 
        929.883      0.00915928 
         929.91      0.00916698 
        929.939      0.00917527 
        929.954      0.00917955 
        929.968      0.00918357 
        929.982      0.00918756 
        929.996      0.00919158 
         930.01       0.0091956 
        930.024      0.00919959 
        930.038      0.00920361 
        930.052      0.00920763 
        930.081      0.00921596 
        930.137      0.00923204 
        930.201      0.00925045 
        930.247      0.00926365 
        930.249      0.00926421 
        930.251      0.00926478 
        930.301      0.00927857 
        930.326      0.00928488 
        930.329      0.00928564 
        930.402      0.00930263 
        930.478      0.00931633 
         930.63      0.00933546 
        930.931       0.0093633 
        931.229      0.00939719 
         931.49      0.00943882 
        931.534      0.00944645 
        931.838      0.00950514 
        931.968      0.00952509 
        932.447      0.00962845 
        932.925       0.0097538 
        933.265      0.00985075 
        933.403      0.00989168 
        933.432      0.00990016 
        933.542      0.00993384 
        933.652      0.00996808 
        933.872       0.0100384 
        933.973       0.0100715 
        934.073       0.0101049 
        934.312       0.0101875 
        934.652       0.0103098 
         935.23       0.0105426 
        935.473        0.010654 
        935.809       0.0108232 
        936.144       0.0110111 
        936.358       0.0111353 
        936.372       0.0111429 
        936.479       0.0112016 
        936.601       0.0112614 
        936.714       0.0113089 
        936.829       0.0113507 
        936.887        0.011371 
        936.944       0.0113908 
        936.973        0.011401 
        937.001       0.0114108 
        937.015       0.0114157 
        937.029       0.0114206 
        937.043       0.0114255 
        937.058       0.0114307 
        937.072       0.0114356 
        937.086       0.0114405 
        937.101       0.0114458 
        937.115       0.0114507 
        937.143       0.0114606 
          937.2       0.0114806 
        937.314       0.0115207 
        937.493       0.0115783 
        937.542        0.011591 
        937.593        0.011602 
        937.694       0.0116203 
        937.788       0.0116329 
        937.894       0.0116446 
            938       0.0116541 
        938.212       0.0116757 
        938.359       0.0116936 
        938.556       0.0117231 
        938.636       0.0117385 
        938.914        0.011795 
        939.271       0.0118857 
        939.986       0.0121047 
         940.58       0.0123134 
         940.66       0.0123428 
        940.675       0.0123484 
          940.7       0.0123577 
         940.74       0.0123725 
        940.787       0.0123908 
        940.901       0.0124357 
        941.221       0.0125655 
        941.861       0.0128305 
        943.048       0.0133301 
        943.457       0.0135098 
        944.382       0.0138881 
        945.308       0.0142541 
         945.77       0.0144482 
        946.233        0.014659 
        946.696       0.0148965 
        947.158       0.0151723 
        947.621       0.0154901 
        948.083       0.0158438 
        948.314       0.0160178 
        948.546       0.0161675 
        948.661       0.0162294 
        948.777       0.0162867 
        948.835       0.0163149 
        948.893       0.0163431 
        948.922       0.0163573 
        948.951       0.0163714 
        948.966       0.0163788 
         948.98       0.0163856 
        948.994       0.0163924 
        949.009       0.0163998 
        949.023       0.0164066 
        949.037       0.0164135 
        949.052       0.0164208 
        949.066       0.0164277 
        949.095       0.0164419 
        949.153       0.0164703 
         949.23       0.0165082 
        949.258       0.0165219 
        949.269       0.0165274 
         949.28       0.0165328 
         949.33       0.0165573 
         949.36       0.0165718 
         949.43       0.0166044 
          949.5        0.016634 
         949.64       0.0166831 
        949.795       0.0167224 
        949.879       0.0167409 
        949.921       0.0167483 
        949.963       0.0167562 
        950.047       0.0167697 
        950.131       0.0167845 
        950.467       0.0168463 
        950.888       0.0169534 
        951.308       0.0170933 
        951.728       0.0172697 
        952.149       0.0174764 
          952.4       0.0176118 
        952.569       0.0177086 
        952.738       0.0178087 
        953.076       0.0180202 
        953.753       0.0184671 
        954.198        0.018775 
         954.43       0.0189392 
        955.106       0.0194286 
        956.014       0.0201135 
         956.37       0.0203866 
         957.83       0.0215325 
        958.148       0.0217875 
        959.289       0.0227156 
         960.43        0.023655 
        961.192       0.0242985 
        962.712        0.025595 
        964.231       0.0269291 
         965.75       0.0282971 
        966.507       0.0289903 
        966.767       0.0292303 
        967.269       0.0296955 
        968.032       0.0304033 
        968.668       0.0309878 
        969.297       0.0315435 
        969.611       0.0317995 
        969.927       0.0320232 
        970.238       0.0321856 
        970.242       0.0321869 
        970.397       0.0322274 
        970.556       0.0322252 
        970.715        0.032158 
        970.874       0.0319999 
        971.033       0.0317194 
        971.037       0.0317109 
         971.11       0.0315356 
        971.193       0.0313103 
        971.229       0.0312046 
        971.348       0.0308658 
        971.467       0.0306734 
        971.585       0.0308865 
        971.644       0.0311806 
        971.703       0.0315284 
        971.732       0.0316651 
        971.762       0.0317445 
        971.778       0.0317646 
        971.792       0.0317775 
        971.806       0.0317901 
        971.821       0.0318036 
        971.827       0.0318093 
        971.833       0.0318146 
        971.836       0.0318171 
        971.839       0.0318199 
        971.851       0.0318306 
        971.866       0.0318444 
         971.88        0.031857 
         971.91       0.0318812 
        971.969       0.0317926 
        972.037       0.0315158 
        972.087       0.0313524 
        972.137       0.0312712 
         972.15       0.0312682 
        972.237       0.0313841 
        972.324        0.031709 
        972.499       0.0325337 
        972.548       0.0327637 
        972.673       0.0333084 
        972.798       0.0337765 
        972.923       0.0341717 
        973.048       0.0345117 
        973.173        0.034806 
        973.298        0.035069 
        973.351       0.0351733 
        973.548       0.0355292 
        973.746       0.0358506 
         974.14       0.0364312 
        974.217        0.036538 
        974.534       0.0369637 
        974.821       0.0373328 
        974.928       0.0374682 
         975.64       0.0383472 
        977.063       0.0400773 
        979.305       0.0428585 
        981.547       0.0457611 
        983.653       0.0486268 
        983.788       0.0488156 
        983.923       0.0490048 
        984.194       0.0493862 
        984.734       0.0501562 
        985.011       0.0505551 
        985.815        0.051726 
        986.618       0.0529192 
        987.139        0.053704 
        988.225       0.0553734 
        989.312       0.0570871 
        991.486       0.0606456 
        993.439       0.0640078 
        993.659       0.0643967 
         993.88       0.0647875 
         994.32       0.0655754 
          995.2       0.0671754 
        995.477        0.067684 
        996.962       0.0704788 
        997.574       0.0716607 
        997.806       0.0721131 
        998.447       0.0733738 
        999.319       0.0751224 
        999.435       0.0753583 
        1001.06       0.0787352 
        1002.69       0.0822438 
        1004.32       0.0858899 
        1005.84       0.0894034 
        1005.95        0.089678 
        1007.58       0.0936132 
        1009.33       0.0979966 
        1011.07        0.102546 
         1011.3        0.103165 
        1012.82        0.107278 
        1014.33        0.111534 
        1015.38        0.114574 
        1015.84        0.115948 
        1017.36        0.120485 
        1017.62        0.121321 
        1019.05        0.125722 
        1019.33        0.126598 
        1020.05        0.128775 
        1021.04        0.131713 
        1021.54        0.133058 
        1022.04        0.134223 
        1022.54        0.135078 
        1022.99        0.135369 
        1023.04         0.13535 
        1023.09        0.135323 
        1023.19        0.135246 
        1023.39        0.134891 
        1023.54         0.13437 
        1023.59        0.134198 
        1023.79        0.133345 
        1024.04        0.131673 
        1024.29        0.129588 
        1024.49        0.127886 
        1024.53        0.127577 
        1024.54        0.127554 
        1024.54        0.127532 
        1024.59        0.127256 
        1024.69        0.127276 
        1024.74        0.127621 
        1024.77        0.127918 
        1024.79        0.128268 
        1024.84         0.12916 
        1024.85         0.12937 
        1024.91        0.130666 
        1024.95        0.131172 
        1024.98        0.131459 
        1024.99        0.131531 
        1025.01        0.131587 
        1025.03         0.13164 
        1025.04         0.13169 
        1025.06        0.131743 
        1025.07        0.131796 
        1025.09        0.131846 
         1025.1        0.131899 
        1025.13        0.132001 
         1025.2         0.13188 
        1025.27        0.130903 
        1025.32        0.130251 
        1025.37        0.129825 
        1025.47        0.129797 
        1025.52        0.130151 
        1025.57        0.130708 
        1025.62        0.131385 
        1025.72        0.132904 
        1025.77        0.133702 
        1025.92        0.136043 
        1026.07        0.138326 
        1026.22        0.140465 
        1026.37        0.142448 
        1026.52        0.144155 
        1026.67        0.145763 
        1026.86        0.147761 
        1026.96        0.148637 
        1027.07        0.149484 
        1027.28        0.151094 
        1027.69        0.153827 
        1027.98        0.155538 
        1028.11        0.156225 
        1028.53        0.158396 
         1028.8        0.159723 
        1029.07        0.161009 
        1029.34        0.162276 
        1029.88        0.164733 
        1030.96        0.169593 
        1033.08        0.178992 
        1033.13        0.179226 
        1033.19         0.17946 
        1033.23        0.179653 
        1033.29        0.179928 
         1033.5        0.180865 
        1033.91        0.182745 
        1034.75        0.186556 
        1036.27        0.193713 
        1039.17        0.208031 
        1039.26        0.208467 
         1039.3        0.208686 
        1039.34        0.208905 
         1039.5        0.209716 
        1039.52        0.209777 
        1039.86        0.211533 
        1040.55        0.215083 
        1041.92        0.222341 
        1044.35        0.235638 
        1046.77        0.249647 
        1049.03        0.263401 
        1049.19        0.264401 
        1049.35        0.265403 
        1049.67        0.267428 
        1050.31        0.271519 
        1051.59        0.279872 
        1053.95        0.295884 
        1054.15        0.297278 
        1054.35        0.298678 
        1054.75        0.301497 
        1054.95        0.302915 
        1055.55        0.307206 
        1057.15        0.318919 
        1059.36        0.335685 
        1061.56        0.353162 
        1063.16        0.366385 
        1063.76        0.371459 
        1064.36        0.376592 
        1065.56        0.387057 
        1066.56        0.395976 
        1067.96        0.408775 
        1069.36        0.421941 
        1069.96        0.427747 
        1072.16        0.449647 
        1074.36        0.472562 
        1076.56        0.496529 
        1078.16        0.514646 
        1078.69        0.520706 
        1078.76        0.521599 
        1078.98        0.524121 
        1079.36        0.528633 
        1080.57        0.542852 
        1080.71        0.544611 
        1082.44        0.565782 
        1084.17        0.587695 
         1085.9        0.610371 
        1087.64        0.633832 
        1089.32        0.657407 
        1089.37        0.658107 
        1089.42        0.658839 
        1089.52        0.660278 
        1089.72        0.663165 
        1090.12        0.668974 
        1090.67        0.677035 
        1090.92         0.68073 
        1092.52        0.704804 
        1094.37        0.733596 
        1096.22        0.763448 
        1096.77        0.772533 
        1098.07        0.794396 
        1099.37        0.816817 
        1099.57        0.820292 
        1101.97        0.863052 
        1104.37        0.907817 
        1106.78        0.954658 
        1108.98        0.999498 
        1109.18         1.00367 
        1109.38         1.00785 
        1109.78          1.0164 
        1109.98          1.0207 
        1110.58          1.0337 
        1112.18         1.06911 
        1114.38         1.11958 
        1116.58          1.1722 
        1118.18         1.21186 
        1118.68          1.2246 
        1118.78         1.22704 
        1119.38          1.2424 
        1120.08         1.26043 
        1121.47          1.2972 
        1123.78          1.3603 
        1124.25         1.37357 
        1124.73         1.38686 
        1125.68         1.41377 
        1125.79         1.41686 
        1127.08         1.45398 
        1127.59         1.46903 
        1127.85         1.47666 
        1129.38         1.52292 
        1129.77          1.5347 
        1131.69         1.59478 
        1133.62         1.65692 
        1135.54         1.72113 
        1139.39         1.85588 
        1142.08         1.95517 
        1143.23         1.99903 
           1144         2.02871 
        1144.39         2.04363 
         1146.7         2.13492 
        1149.39         2.24462 
        1154.39         2.45528 
        1159.39         2.67117 
        1164.39          2.8876 
        1169.39         3.10109 
         1171.9         3.20612 
        1173.15         3.26094 
         1174.4          3.3185 
        1175.65         3.38104 
         1176.9         3.44928 
        1177.86         3.50507 
        1178.15         3.52232 
         1179.4         3.60033 
        1180.94         3.70177 
        1182.47         3.80902 
        1182.86         3.83632 
        1184.01         3.92002 
        1185.17         4.00572 
        1185.56         4.03494 
        1187.48         4.18168 
         1189.4          4.3326 
        1192.09         4.55192 
        1193.24         4.65012 
        1194.03         4.71833 
         1194.4         4.75034 
        1196.72         4.95621 
         1196.9          4.9728 
         1199.4         5.20336 
         1201.9          5.4463 
         1204.4         5.70683 
         1206.9         5.98759 
        1208.48         6.17505 
         1209.4         6.28743 
        1210.33         6.40326 
        1211.64         6.57092 
        1212.16         6.63737 
        1212.69         6.70224 
        1213.61         6.81201 
        1213.74          6.8275 
        1213.81         6.83497 
        1213.88         6.84305 
        1214.14         6.87418 
        1214.17         6.87823 
        1214.47         6.91361 
        1214.62         6.93133 
        1214.76         6.94911 
        1214.84         6.95803 
        1214.91         6.96695 
        1214.95         6.97141 
        1214.98         6.97588 
           1215         6.97817 
        1215.02         6.98034 
        1215.04          6.9825 
        1215.06          6.9848 
        1215.08         6.98696 
         1215.1         6.98916 
        1215.11         6.99146 
        1215.13         6.99363 
        1215.17         6.99812 
        1215.24         7.00707 
        1215.39         7.02501 
        1215.64         7.05495 
        1215.69         7.06104 
        1215.74         7.06717 
         1215.8         7.07424 
        1215.84         7.07939 
        1216.04         7.10386 
        1216.06         7.10719 
        1216.28         7.13361 
        1216.76         7.19343 
        1217.46         7.27986 
        1218.32         7.38051 
        1218.86         7.44105 
        1218.98         7.45409 
        1219.41          7.4986 
        1219.83         7.54183 
         1220.1         7.56916 
        1220.67         7.62725 
        1222.36         7.80397 
        1224.62         8.06667 
        1226.88          8.3573 
        1228.86         8.63065 
        1229.13         8.66992 
        1229.41          8.7095 
        1229.74         8.75769 
        1229.96         8.78974 
        1230.18         8.82191 
        1230.62         8.88527 
        1231.49         9.01593 
        1231.69         9.04637 
        1233.24         9.28407 
        1234.79         9.52858 
        1236.38         9.78496 
        1237.89         10.0362 
        1239.41         10.2938 
        1240.47         10.4779 
        1242.44         10.8272 
        1244.41         11.1866 
        1247.29         11.7292 
        1248.35         11.9348 
        1248.65         11.9934 
        1249.41         12.1431 
        1251.53         12.5693 
        1251.91         12.6471 
        1254.41         13.1708 
        1256.91         13.7163 
        1259.41         14.2861 
        1261.91          14.883 
        1264.41         15.5107 
        1266.91         16.1707 
        1269.41          16.868 
        1271.91          17.602 
        1274.41         18.3675 
        1276.91         19.1559 
        1279.42         19.9765 
        1281.92         20.8187 
        1284.42         21.6828 
        1286.92         22.5759 
        1289.42         23.4994 
        1294.42         25.4001 
        1296.92         26.3954 
        1299.42         27.4237 
        1301.92         28.5012 
        1304.42          29.616 
        1309.42         31.9434 
        1314.42         34.3832 
        1319.42         36.9913 
        1321.92         38.3626 
        1324.42         39.7829 
        1326.92         41.2752 
        1329.42         42.8165 
        1334.42         45.9709 
        1339.42         49.2985 
        1341.92         51.0292 
        1344.42         52.8133 
        1346.92         54.6917 
        1349.42         56.6351 
        1354.42         60.7069 
        1359.42         65.0426 
        1364.42          69.537 
        1365.19         70.2438 
        1369.42         74.2462 
        1373.65         78.4663 
        1376.35         81.2981 
        1377.88         82.9556 
        1379.42         84.6449 
        1380.57         85.9301 
         1382.5         88.1144 
        1384.42         90.3569 
        1387.12         93.5884 
        1388.27         94.9996 
        1389.03         95.9408 
        1389.42         96.4293 
        1391.73          99.346 
        1394.42         102.829 
        1399.42         109.465 
        1404.42         116.445 
        1409.42          123.83 
        1414.42         131.716 
        1419.42         140.126 
        1424.42         148.944 
        1429.42         158.201 
        1434.42         167.772 
        1439.42         177.768 
        1444.42         188.234 
        1449.42         199.429 
        1454.42         211.394 
        1459.42         224.002 
        1464.42         237.384 
        1465.96          241.67 
        1469.42         251.471 
        1472.88         261.438 
        1473.27         262.531 
        1474.42         265.839 
        1476.35         271.431 
        1479.42         280.504 
        1484.42         295.802 
        1489.42         311.778 
        1494.42         328.256 
        1499.42          345.71 
        1504.42         364.525 
        1509.42         384.578 
        1514.42         405.749 
        1519.42          428.08 
        1524.42         451.849 
        1529.42         476.916 
        1534.42         502.633 
        1539.42         528.564 
        1544.42         554.984 
        1549.42         581.989 
        1554.42         609.233 
        1559.42         636.829 
        1564.42         665.433 
        1566.72         679.121 
        1569.42         695.649 
        1570.19         700.478 
        1572.11         712.686 
        1574.41         727.741 
         1574.8         730.279 
        1579.41          761.55 
        1584.41          796.89 
        1589.41         833.571 
        1594.41         871.933 
        1599.41         912.699 
        1604.41         955.402 
        1609.41          1001.4 
        1614.41         1050.61 
        1619.41         1103.59 
        1624.41         1160.78 
        1629.41          1222.5 
        1634.41         1289.05 
        1639.41         1359.78 
        1644.41         1433.72 
        1649.41         1509.81 
        1654.41         1587.78 
        1659.41         1667.76 
        1664.41         1750.25 
        1665.56         1769.63 
         1669.4          1835.2 
        1670.17          1848.5 
        1673.25         1902.14 
         1674.4         1922.58 
        1676.33          1956.9 
         1679.4          2012.6 
         1684.4         2106.08 
         1689.4         2203.34 
         1694.4         2304.59 
         1699.4         2409.48 
         1704.4         2517.26 
         1709.4          2627.5 
         1714.4         2741.09 
         1719.4         2858.56 
         1724.4         2980.68 
         1729.4         3106.16 
         1734.4          3234.9 
         1739.4         3366.72 
         1744.4         3502.37 
        1749.39         3639.63 
        1754.39         3780.78 
        1759.39         3925.67 
        1764.39         4074.99 
        1767.08         4157.33 
        1767.85         4181.11 
        1769.39         4228.99 
         1771.7            4302 
        1774.39         4389.06 
        1775.55         4426.82 
        1779.39         4554.65 
        1784.39         4728.03 
        1789.39         4907.17 
        1794.39         5089.38 
        1799.39         5277.25 
        1809.39         5667.37 
        1819.38         6081.28 
           1824         6279.67 
        1829.38         6517.86 
        1834.77         6763.41 
        1840.15         7015.11 
        1845.54         7274.45 
        1850.92         7543.06 
         1856.3         7823.73 
           1864         8234.55 
        1867.07         8402.16 
        1870.14         8572.53 
        1876.29         8926.43 
        1882.44         9292.52 
        1888.59         9671.08 
        1894.73         10062.3 
        1900.88         10466.4 
        1906.98         10880.9 
        1907.03         10884.1 
        1913.17         11315.6 
        1919.37         11764.5 
        1925.56           12221 
        1931.76         12695.6 
        1937.95           13204 
        1944.14         13707.6 
        1944.47         13734.7 
        1956.53         14779.2 
        1968.59         15863.3 
        1980.65         17008.9 
        1992.71         18220.7 
        2004.77         19501.8 
        2015.84           20742 
        2016.83         20855.5 
        2017.81         20969.5 
        2019.79         21200.6 
        2023.73         21678.5 
        2031.63         22649.9 
        2039.52         23630.3 
        2047.42         24643.9 
        2055.31         25691.9 
        2059.38         26245.4 
         2063.2         26774.9 
        2067.03         27312.8 
        2074.69         28424.1 
        2082.34         29572.9 
        2089.99         30758.4 
        2094.36         31450.5 
         2105.3         33242.1 
        2116.25         35115.2 
         2127.2         37077.7 
        2132.72         38116.3 
        2138.15         39169.4 
         2149.1         41305.3 
        2165.47         44662.1 
        2181.85         48226.3 
        2198.22           52015 
         2214.5         56015.5 
         2214.6           56040 
         2214.7         56064.5 
        2214.74         56076.2 
        2214.89         56113.2 
        2215.28         56210.9 
        2216.05           56406 
         2217.6         56798.4 
        2220.71         57580.7 
        2226.91         59168.1 
        2227.03         59199.2 
        2239.33         62449.8 
        2251.62         65815.7 
        2257.77         67536.7 
        2263.91           69340 
        2270.06           71306 
        2276.21         73236.8 
        2282.35           75206 
        2288.45         77198.7 
         2288.5         77214.1 
        2300.79         81346.2 
        2313.13         85738.5 
        2325.47         90089.6 
        2337.82         94709.3 
        2337.96         94764.3 
        2350.16           99619 
        2362.35          104702 
        2374.55          110191 
        2386.75          115946 
        2388.63          116866 
        2398.95          122236 
        2409.27          127931 
        2419.59          133925 
        2429.92          140557 
        2440.24          147520 
        2444.92          150846 
        2450.56          154944 
        2451.59          155709 
        2456.19          159148 
        2460.79          163119 
        2465.39          167068 
        2474.59          175314 
        2475.96          176598 
        2483.79          184119 
        2484.47          184791 
        2492.99          193401 
        2494.85          195354 
         2501.5          202472 
        2510.01          211921 
        2510.94          212938 
        2518.99          221883 
        2527.04          231158 
        2535.09          240842 
        2543.14          250754 
        2551.18          260902 
        2555.21          266062 
        2559.23          271278 
        2563.26          277222 
        2567.28          283271 
         2571.3          289428 
        2575.33          295740 
        2579.35          302200 
         2587.4          315422 
        2595.45          329035 
         2603.5          343150 
        2619.59          372329 
        2627.64          387434 
        2635.69          402956 
        2643.74          418944 
         2645.9          423383 
        2651.78          435607 
        2657.67          448051 
        2663.55          458468 
        2669.44          468971 
        2681.21          490236 
        2704.75          533807 
        2728.28          578889 
        2747.54          617065 
        2751.82          625755 
        2756.11          634489 
        2764.68          653015 
        2781.82          690858 
        2798.96          729751 
         2816.1          769722 
        2833.24          810826 
        2846.21          842695 
        2850.38          853068 
        2854.55          863498 
        2862.88          886325 
        2871.22          909500 
         2887.9          956967 
        2889.52          961654 
        2904.57      1.00593e+6 
        2905.38      1.00834e+6 
        2921.25      1.05649e+6 
        2937.12      1.10636e+6 
        2952.93      1.15737e+6 
        2952.98      1.15753e+6 
        2953.03      1.15768e+6 
        2953.13      1.15799e+6 
        2953.33      1.15861e+6 
        2953.73      1.15984e+6 
        2954.53      1.16231e+6 
        2956.13      1.16727e+6 
        2956.82       1.1694e+6 
        2959.33       1.1772e+6 
        2965.73       1.1972e+6 
        2978.53      1.23774e+6 
        2980.47      1.24396e+6 
        3004.12      1.32098e+6 
        3027.77      1.40046e+6 
         3039.6      1.44113e+6 
        3051.42      1.48237e+6 
        3063.25      1.52958e+6 
        3075.07      1.57765e+6 
         3086.9       1.6266e+6 
        3094.89      1.66016e+6 
        3098.72      1.67641e+6 
        3122.37      1.77915e+6 
        3136.11      1.84034e+6 
        3149.86      1.90258e+6 
        3161.36      1.96064e+6 
         3163.6      1.97203e+6 
        3177.34      2.04277e+6 
         3183.1      2.07277e+6 
        3204.83      2.18806e+6 
        3226.56       2.3064e+6 
        3237.43       2.3667e+6 
        3242.86      2.39713e+6 
        3248.29      2.42772e+6 
        3253.73      2.45009e+6 
        3259.16      2.47253e+6 
        3264.59      2.49503e+6 
        3270.03       2.5176e+6 
        3275.46      2.54023e+6 
        3280.89      2.56291e+6 
        3286.33      2.58566e+6 
        3291.76      2.60847e+6 
        3301.99      2.65156e+6 
        3302.62      2.65426e+6 
        3324.36      2.74649e+6 
        3337.78      2.80387e+6 
        3346.73      2.84229e+6 
        3391.47      3.03894e+6 
        3445.17      3.27838e+6 
        3454.12      3.31787e+6 
        3495.92       3.5031e+6 
        3498.86      3.51613e+6 
         3543.6      3.71534e+6 
        3591.28      3.92605e+6 
        3635.88       4.1219e+6 
        3638.96       4.1354e+6 
        3642.04      4.14913e+6 
        3643.12      4.15391e+6 
        3645.12      4.16277e+6 
        3645.28      4.16349e+6 
        3647.12      4.17166e+6 
        3648.96      4.17983e+6 
        3651.32      4.19026e+6 
        3652.64       4.1961e+6 
        3653.96      4.20194e+6 
        3654.24      4.20317e+6 
         3656.6       4.2136e+6 
        3658.96        4.224e+6 
         3663.4      4.24354e+6 
        3663.68      4.24476e+6 
        3663.96      4.24599e+6 
        3664.52      4.24847e+6 
        3665.64      4.25337e+6 
         3666.8      4.25846e+6 
        3667.88       4.2632e+6 
        3668.28      4.26496e+6 
        3668.95      4.26795e+6 
        3671.11      4.27737e+6 
        3673.95      4.28981e+6 
         3675.2      4.29525e+6 
        3678.95      4.31162e+6 
        3682.58      4.32739e+6 
         3682.7      4.32792e+6 
        3682.82      4.32842e+6 
        3683.06      4.32949e+6 
        3683.18      4.32999e+6 
        3683.54      4.33157e+6 
         3684.5      4.33571e+6 
        3684.82      4.33709e+6 
        3685.83      4.34146e+6 
        3686.83      4.34583e+6 
        3688.74      4.35409e+6 
        3688.85      4.35456e+6 
        3688.94      4.35497e+6 
        3688.95        4.355e+6 
        3689.16      4.35591e+6 
        3689.38      4.35685e+6 
        3689.73      4.35839e+6 
        3689.82      4.35874e+6 
         3689.9      4.35912e+6 
        3690.07      4.35984e+6 
        3690.41      4.36132e+6 
        3690.62      4.36226e+6 
        3691.09      4.36427e+6 
        3691.47       4.3659e+6 
        3691.55      4.36625e+6 
         3691.7      4.36691e+6 
        3692.48      4.37027e+6 
         3693.5      4.37467e+6 
         3694.4      4.37853e+6 
         3695.3      4.38243e+6 
        3695.81      4.38463e+6 
         3696.2      4.38629e+6 
        3696.53      4.38771e+6 
        3696.59      4.38796e+6 
        3696.65      4.38824e+6 
        3696.67       4.3883e+6 
        3696.76      4.38871e+6 
        3696.77      4.38874e+6 
        3696.87      4.38918e+6 
        3696.93      4.38943e+6 
        3696.99      4.38968e+6 
        3697.04      4.38994e+6 
         3697.1      4.39016e+6 
        3697.15      4.39041e+6 
        3697.21      4.39063e+6 
        3697.26      4.39088e+6 
        3697.32      4.39113e+6 
        3697.35      4.39122e+6 
        3697.41      4.39148e+6 
        3697.43       4.3916e+6 
        3697.46      4.39173e+6 
         3697.5      4.39188e+6 
        3697.53      4.39201e+6 
        3697.58      4.39223e+6 
        3697.66      4.39257e+6 
        3697.82      4.39327e+6 
        3698.11      4.39452e+6 
        3698.43       4.3959e+6 
        3698.69        4.397e+6 
        3698.89      4.39785e+6 
        3698.95      4.39814e+6 
        3699.01      4.39839e+6 
        3699.13      4.39892e+6 
        3699.37      4.39996e+6 
        3699.53      4.40065e+6 
        3699.86      4.40206e+6 
        3699.88      4.40213e+6 
        3700.19      4.40348e+6 
         3700.2      4.40351e+6 
         3700.5       4.4048e+6 
        3700.81      4.40612e+6 
        3700.84      4.40627e+6 
        3701.09      4.40734e+6 
        3701.42      4.40872e+6 
        3701.99       4.4112e+6 
        3702.44      4.41315e+6 
        3702.89      4.41507e+6 
        3703.12      4.41604e+6 
        3703.35      4.41702e+6 
        3703.46      4.41749e+6 
        3703.57      4.41796e+6 
        3703.63      4.41821e+6 
        3703.68      4.41846e+6 
        3703.74      4.41868e+6 
         3703.8      4.41893e+6 
        3703.85      4.41918e+6 
        3703.91       4.4194e+6 
        3703.97      4.41966e+6 
        3704.02      4.41991e+6 
        3704.09      4.42016e+6 
        3704.13      4.42038e+6 
        3704.18       4.4206e+6 
        3704.21      4.42069e+6 
        3704.22      4.42075e+6 
        3704.28      4.42104e+6 
        3704.31      4.42116e+6 
        3704.36      4.42135e+6 
        3704.41      4.42154e+6 
        3704.49      4.42192e+6 
        3704.57      4.42223e+6 
        3704.59      4.42233e+6 
        3704.69      4.42277e+6 
        3704.81      4.42327e+6 
        3705.05      4.42434e+6 
        3705.37      4.42569e+6 
        3705.54      4.42641e+6 
        3705.71      4.42713e+6 
        3706.05      4.42861e+6 
        3706.07      4.42867e+6 
        3706.73      4.43153e+6 
        3707.27      4.43382e+6 
        3707.39      4.43436e+6 
        3707.51      4.43489e+6 
        3707.61       4.4353e+6 
        3707.76      4.43596e+6 
        3707.91      4.43659e+6 
        3708.12      4.43747e+6 
        3708.21      4.43788e+6 
         3708.3      4.43829e+6 
        3708.49      4.43907e+6 
        3708.76      4.44026e+6 
        3708.85      4.44064e+6 
        3708.87      4.44074e+6 
        3708.95      4.44105e+6 
        3709.13       4.4418e+6 
        3709.21      4.44215e+6 
        3709.49      4.44337e+6 
        3710.11      4.44604e+6 
         3710.9      4.44944e+6 
        3711.01      4.44991e+6 
        3711.12      4.45038e+6 
        3711.21      4.45079e+6 
        3711.32      4.45126e+6 
        3711.34      4.45132e+6 
        3711.46      4.45186e+6 
        3711.52      4.45208e+6 
        3711.58      4.45233e+6 
         3711.6      4.45245e+6 
        3711.69      4.45283e+6 
        3711.75      4.45305e+6 
         3711.8       4.4533e+6 
        3711.86      4.45352e+6 
        3711.91      4.45377e+6 
        3711.97      4.45402e+6 
        3712.03      4.45424e+6 
        3712.08       4.4545e+6 
        3712.14      4.45475e+6 
         3712.2      4.45503e+6 
        3712.25      4.45525e+6 
         3712.3      4.45547e+6 
        3712.33      4.45556e+6 
        3712.33      4.45556e+6 
         3712.4      4.45588e+6 
        3712.48      4.45622e+6 
        3712.63      4.45685e+6 
        3712.93      4.45814e+6 
        3713.23      4.45943e+6 
        3713.53      4.46072e+6 
        3713.83      4.46204e+6 
        3714.24      4.46376e+6 
        3714.42      4.46455e+6 
        3714.44      4.46461e+6 
        3714.64      4.46546e+6 
        3715.03      4.46716e+6 
        3715.64      4.46976e+6 
        3716.76      4.47457e+6 
        3716.79      4.47466e+6 
        3716.86      4.47498e+6 
        3716.95      4.47539e+6 
        3717.14      4.47617e+6 
        3717.52      4.47781e+6 
        3718.19      4.48067e+6 
        3718.26      4.48095e+6 
        3718.33      4.48126e+6 
        3718.47      4.48186e+6 
        3718.56       4.4822e+6 
        3718.63      4.48255e+6 
        3718.73      4.48299e+6 
        3718.75      4.48305e+6 
        3718.94      4.48387e+6 
        3719.25      4.48519e+6 
        3719.47      4.48613e+6 
        3719.77      4.48742e+6 
        3720.07      4.48868e+6 
        3720.36      4.48978e+6 
        3720.52       4.4904e+6 
        3720.67      4.49097e+6 
        3720.98      4.49213e+6 
         3721.2      4.49295e+6 
        3721.43      4.49377e+6 
        3721.54      4.49417e+6 
        3721.66      4.49458e+6 
        3721.71      4.49477e+6 
        3721.77      4.49499e+6 
        3721.82      4.49518e+6 
        3721.88      4.49537e+6 
        3721.94      4.49556e+6 
        3721.99      4.49578e+6 
        3722.05        4.496e+6 
        3722.11      4.49622e+6 
        3722.22      4.49662e+6 
         3722.4      4.49725e+6 
        3722.45      4.49744e+6 
         3722.5      4.49763e+6 
         3722.6      4.49798e+6 
         3722.7      4.49835e+6 
         3722.8       4.4987e+6 
         3722.9      4.49907e+6 
        3723.11      4.49983e+6 
        3723.23      4.50027e+6 
        3723.52      4.50131e+6 
        3723.81      4.50234e+6 
        3724.38      4.50442e+6 
        3725.45      4.50825e+6 
        3725.53      4.50856e+6 
        3725.62      4.50885e+6 
        3725.75      4.50935e+6 
        3725.78      4.50944e+6 
        3725.92      4.50994e+6 
        3725.93      4.50998e+6 
        3726.11      4.51064e+6 
        3726.48      4.51196e+6 
        3727.04      4.51397e+6 
        3727.37      4.51513e+6 
        3728.15      4.51796e+6 
        3728.64      4.51972e+6 
        3728.94      4.52078e+6 
        3729.01      4.52103e+6 
        3729.24      4.52188e+6 
        3729.84      4.52402e+6 
        3730.68        4.527e+6 
        3732.19      4.53244e+6 
        3732.34      4.53297e+6 
        3732.49      4.53354e+6 
        3732.79      4.53461e+6 
        3733.35      4.53659e+6 
        3733.38      4.53671e+6 
        3733.39      4.53674e+6 
         3733.4      4.53677e+6 
        3733.45      4.53696e+6 
        3733.55      4.53731e+6 
        3733.65      4.53765e+6 
        3733.75      4.53803e+6 
        3733.86      4.53838e+6 
           3734      4.53891e+6 
        3734.04      4.53907e+6 
        3734.06      4.53913e+6 
        3734.08      4.53919e+6 
        3734.13      4.53935e+6 
        3734.14      4.53938e+6 
        3734.16      4.53948e+6 
         3734.2      4.53957e+6 
        3734.25      4.53976e+6 
        3734.31      4.53995e+6 
        3734.37      4.54017e+6 
        3734.43      4.54036e+6 
        3734.48      4.54058e+6 
        3734.54       4.5408e+6 
        3734.65      4.54124e+6 
        3734.83      4.54186e+6 
        3734.88      4.54205e+6 
        3734.93      4.54224e+6 
        3735.03      4.54259e+6 
        3735.12      4.54293e+6 
        3735.17      4.54309e+6 
        3735.23      4.54331e+6 
        3735.33      4.54369e+6 
        3735.39      4.54387e+6 
        3735.49      4.54425e+6 
        3735.82      4.54541e+6 
           3736      4.54604e+6 
        3736.24      4.54692e+6 
        3736.49       4.5478e+6 
        3736.97      4.54953e+6 
        3737.83      4.55258e+6 
        3737.94      4.55298e+6 
        3738.06      4.55342e+6 
        3738.29      4.55424e+6 
        3738.59      4.55528e+6 
        3738.76      4.55591e+6 
        3738.94      4.55653e+6 
        3739.29      4.55779e+6 
         3739.5      4.55855e+6 
        3739.99      4.56027e+6 
        3740.48        4.562e+6 
        3741.21      4.56464e+6 
        3741.45      4.56549e+6 
        3741.69      4.56634e+6 
        3742.09      4.56778e+6 
        3742.18      4.56806e+6 
        3742.26      4.56838e+6 
        3742.43      4.56898e+6 
        3742.67      4.56982e+6 
        3742.73      4.57004e+6 
        3742.76      4.57017e+6 
         3742.8      4.57026e+6 
        3742.86      4.57051e+6 
        3742.92       4.5707e+6 
        3743.17      4.57158e+6 
        3743.66      4.57334e+6 
        3744.62      4.57674e+6 
        3744.65      4.57686e+6 
        3746.45      4.58321e+6 
        3747.61      4.58732e+6 
        3748.27      4.58968e+6 
        3748.84      4.59172e+6 
         3748.9      4.59194e+6 
        3748.93      4.59203e+6 
        3748.96      4.59213e+6 
        3748.99      4.59222e+6 
        3749.08      4.59257e+6 
        3749.12      4.59269e+6 
        3749.18      4.59291e+6 
        3749.38      4.59361e+6 
        3749.41       4.5937e+6 
        3749.64      4.59452e+6 
        3749.75      4.59489e+6 
        3749.87       4.5953e+6 
        3749.92      4.59549e+6 
        3749.98      4.59568e+6 
        3750.04      4.59584e+6 
        3750.09      4.59602e+6 
        3750.15      4.59621e+6 
        3750.21       4.5964e+6 
        3750.27      4.59665e+6 
        3750.32      4.59687e+6 
        3750.44      4.59731e+6 
        3750.62      4.59797e+6 
        3750.66      4.59813e+6 
        3750.72      4.59832e+6 
        3750.82      4.59866e+6 
        3750.91      4.59901e+6 
        3751.02      4.59939e+6 
        3751.12      4.59976e+6 
        3751.33      4.60052e+6 
        3751.48      4.60105e+6 
        3751.76      4.60202e+6 
        3752.03        4.603e+6 
        3752.59      4.60495e+6 
        3753.53      4.60828e+6 
         3753.7      4.60887e+6 
        3753.78      4.60916e+6 
        3753.86      4.60944e+6 
        3754.18       4.6106e+6 
        3754.27      4.61092e+6 
        3754.84      4.61289e+6 
        3755.89       4.6166e+6 
        3756.09      4.61729e+6 
        3757.47      4.62216e+6 
        3757.51      4.62229e+6 
        3757.55      4.62245e+6 
        3758.93      4.62728e+6 
        3760.39      4.63244e+6 
        3761.66      4.63687e+6 
        3762.72      4.64057e+6 
        3763.23      4.64239e+6 
        3764.81      4.64792e+6 
        3765.07       4.6488e+6 
         3766.9      4.65521e+6 
        3768.55      4.66096e+6 
        3768.74      4.66162e+6 
        3768.93      4.66228e+6 
        3768.97      4.66244e+6 
         3769.2      4.66322e+6 
        3769.31      4.66363e+6 
        3769.66      4.66483e+6 
        3769.89      4.66561e+6 
        3770.11      4.66636e+6 
        3770.23      4.66677e+6 
        3770.34      4.66712e+6 
         3770.4      4.66731e+6 
        3770.46      4.66746e+6 
        3770.51      4.66762e+6 
        3770.57      4.66778e+6 
        3770.63      4.66794e+6 
        3770.69      4.66819e+6 
        3770.74      4.66844e+6 
         3770.8      4.66866e+6 
        3770.87      4.66894e+6 
        3770.92      4.66913e+6 
        3770.97      4.66932e+6 
        3770.99      4.66941e+6 
           3771      4.66944e+6 
        3771.07      4.66969e+6 
        3771.15      4.66998e+6 
         3771.3      4.67054e+6 
         3771.6      4.67161e+6 
        3771.89      4.67262e+6 
        3771.95       4.6728e+6 
        3772.21      4.67372e+6 
        3772.52      4.67482e+6 
        3773.15      4.67701e+6 
        3774.36      4.68119e+6 
         3775.5      4.68515e+6 
        3776.76      4.68955e+6 
        3777.13      4.69081e+6 
        3778.03      4.69395e+6 
         3778.4      4.69524e+6 
        3778.93      4.69706e+6 
        3780.73      4.70328e+6 
        3781.84      4.70714e+6 
        3783.05      4.71132e+6 
        3783.16       4.7117e+6 
        3784.26       4.7155e+6 
        3785.37       4.7193e+6 
        3786.22      4.72225e+6 
         3787.4      4.72631e+6 
        3787.57       4.7269e+6 
        3788.92      4.73155e+6 
        3790.45      4.73677e+6 
        3792.84      4.74497e+6 
        3793.49       4.7472e+6 
        3794.14      4.74943e+6 
         3794.9        4.752e+6 
        3795.07      4.75257e+6 
        3795.44      4.75386e+6 
        3795.99      4.75571e+6 
        3796.45      4.75728e+6 
        3796.92      4.75885e+6 
        3797.15      4.75961e+6 
        3797.38      4.76036e+6 
        3797.49      4.76071e+6 
        3797.61      4.76105e+6 
        3797.67      4.76121e+6 
        3797.72      4.76133e+6 
        3797.78      4.76143e+6 
        3797.84      4.76155e+6 
         3797.9      4.76171e+6 
        3797.96      4.76196e+6 
        3798.01      4.76225e+6 
        3798.07      4.76253e+6 
        3798.19      4.76303e+6 
        3798.37      4.76372e+6 
        3798.42      4.76388e+6 
        3798.47      4.76407e+6 
        3798.57      4.76445e+6 
        3798.66      4.76476e+6 
        3798.75       4.7651e+6 
        3798.77      4.76514e+6 
        3798.84      4.76539e+6 
        3798.88      4.76554e+6 
        3798.92       4.7657e+6 
        3799.05      4.76611e+6 
        3799.09      4.76627e+6 
        3799.43      4.76743e+6 
        3799.47      4.76759e+6 
         3799.8      4.76875e+6 
        3800.56      4.77133e+6 
        3801.65      4.77506e+6 
        3802.32      4.77733e+6 
        3803.83      4.78248e+6 
        3805.35      4.78763e+6 
        3807.84      4.79605e+6 
        3808.38      4.79787e+6 
        3808.92      4.79973e+6 
           3810      4.80337e+6 
        3811.59      4.80871e+6 
        3812.16      4.81069e+6 
        3812.74      4.81264e+6 
         3813.9       4.8165e+6 
        3815.78      4.82285e+6 
        3816.09      4.82392e+6 
        3816.21      4.82429e+6 
        3816.64      4.82574e+6 
        3817.44       4.8285e+6 
         3817.5      4.82872e+6 
        3818.92      4.83359e+6 
        3820.39      4.83874e+6 
        3822.57      4.84632e+6 
        3823.35      4.84902e+6 
        3823.51      4.84961e+6 
        3824.13      4.85175e+6 
        3825.68      4.85715e+6 
         3826.8      4.86102e+6 
        3827.86      4.86469e+6 
        3828.91      4.86834e+6 
        3830.45      4.87365e+6 
        3831.02      4.87559e+6 
        3831.59      4.87757e+6 
           3832      4.87896e+6 
        3832.53      4.88075e+6 
        3832.73      4.88144e+6 
        3833.46      4.88392e+6 
        3833.93      4.88549e+6 
        3834.39      4.88703e+6 
        3834.63      4.88778e+6 
        3834.86      4.88848e+6 
        3834.97      4.88882e+6 
        3835.09       4.8891e+6 
        3835.15      4.88923e+6 
        3835.21      4.88932e+6 
        3835.27      4.88935e+6 
        3835.33      4.88942e+6 
        3835.38      4.88951e+6 
        3835.44      4.88979e+6 
         3835.5      4.89017e+6 
        3835.56      4.89052e+6 
        3835.63      4.89089e+6 
        3835.68      4.89111e+6 
        3835.73      4.89137e+6 
        3835.74      4.89143e+6 
        3835.77      4.89155e+6 
        3835.83      4.89177e+6 
        3835.91      4.89212e+6 
        3836.07      4.89275e+6 
        3836.38      4.89385e+6 
        3836.65      4.89485e+6 
        3836.98      4.89602e+6 
        3837.03       4.8962e+6 
        3837.31      4.89718e+6 
        3837.97       4.8995e+6 
        3838.65      4.90186e+6 
        3838.91      4.90277e+6 
        3839.18      4.90368e+6 
         3839.7       4.9055e+6 
        3840.76      4.90912e+6 
        3842.75      4.91596e+6 
        3842.83      4.91622e+6 
        3842.87      4.91634e+6 
        3842.91       4.9165e+6 
        3843.07      4.91703e+6 
        3843.38       4.9181e+6 
           3844      4.92024e+6 
        3844.59      4.92225e+6 
        3845.25      4.92451e+6 
        3845.55      4.92551e+6 
        3845.91      4.92674e+6 
        3847.23      4.93126e+6 
        3847.44      4.93199e+6 
        3848.91      4.93698e+6 
        3850.38      4.94198e+6 
        3851.98      4.94741e+6 
        3853.31      4.95194e+6 
        3854.64      4.95643e+6 
         3855.7      4.96001e+6 
         3857.3      4.96544e+6 
        3858.91      4.97085e+6 
        3862.01      4.98128e+6 
        3862.11      4.98162e+6 
        3862.22      4.98197e+6 
        3862.43      4.98266e+6 
        3862.85      4.98407e+6 
        3863.68       4.9869e+6 
        3865.17      4.99187e+6 
        3865.36      4.99252e+6 
        3865.56      4.99318e+6 
        3865.95      4.99447e+6 
        3866.73      4.99708e+6 
        3867.68      5.00025e+6 
        3868.29       5.0023e+6 
         3868.9      5.00434e+6 
        3870.13      5.00842e+6 
        3871.32      5.01241e+6 
        3872.59      5.01659e+6 
        3873.85      5.02077e+6 
        3876.32      5.02897e+6 
        3876.37      5.02909e+6 
        3876.37      5.02912e+6 
        3876.37      5.02912e+6 
        3876.42      5.02928e+6 
        3876.52      5.02963e+6 
        3876.72      5.03029e+6 
        3876.95      5.03101e+6 
        3877.12      5.03157e+6 
        3877.92      5.03421e+6 
         3878.9      5.03742e+6 
        3880.29      5.04197e+6 
        3880.85      5.04383e+6 
        3881.42      5.04565e+6 
        3882.55      5.04932e+6 
         3884.4      5.05529e+6 
         3884.8      5.05658e+6 
        3884.92      5.05696e+6 
         3885.2      5.05787e+6 
        3886.01      5.06041e+6 
        3886.15      5.06085e+6 
         3887.1      5.06381e+6 
        3887.57      5.06522e+6 
        3888.04       5.0666e+6 
        3888.28      5.06726e+6 
        3888.52      5.06783e+6 
        3888.63      5.06805e+6 
        3888.75      5.06824e+6 
        3888.84      5.06827e+6 
        3888.87      5.06827e+6 
        3888.87      5.06824e+6 
         3888.9      5.06821e+6 
        3888.93      5.06814e+6 
        3888.99      5.06802e+6 
        3889.05      5.06808e+6 
        3889.11      5.06839e+6 
        3889.17       5.0689e+6 
        3889.22       5.0694e+6 
        3889.29       5.0699e+6 
        3889.34      5.07018e+6 
        3889.39      5.07044e+6 
        3889.41      5.07053e+6 
        3889.45      5.07072e+6 
        3889.49      5.07094e+6 
        3889.58      5.07132e+6 
        3889.75      5.07204e+6 
        3890.05       5.0732e+6 
        3890.32      5.07417e+6 
        3890.47      5.07474e+6 
        3890.66       5.0754e+6 
           3891      5.07659e+6 
        3891.68      5.07895e+6 
        3892.89      5.08307e+6 
        3893.94      5.08658e+6 
        3894.46      5.08831e+6 
        3895.31      5.09114e+6 
        3896.22      5.09412e+6 
        3896.68      5.09566e+6 
        3898.89      5.10295e+6 
         3899.6      5.10525e+6 
        3901.57      5.11169e+6 
        3903.89      5.11923e+6 
        3904.25      5.12036e+6 
        3908.89      5.13537e+6 
        3913.89       5.1514e+6 
        3918.89      5.16858e+6 
        3923.89      5.18586e+6 
        3928.22      5.20069e+6 
        3928.35      5.20116e+6 
        3928.89      5.20301e+6 
        3929.56       5.2053e+6 
         3930.9      5.20989e+6 
        3933.45      5.21856e+6 
        3935.81      5.22654e+6 
        3937.35      5.23176e+6 
        3938.89      5.23694e+6 
        3940.04       5.2408e+6 
        3941.96      5.24725e+6 
        3943.88      5.25369e+6 
        3946.58      5.26264e+6 
        3947.73      5.26644e+6 
        3948.88      5.27024e+6 
        3950.65      5.27605e+6 
        3951.01      5.27725e+6 
        3951.19      5.27778e+6 
        3951.72      5.27954e+6 
        3952.78        5.283e+6 
        3954.55      5.28871e+6 
        3957.31      5.29748e+6 
        3958.09      5.29996e+6 
        3958.62      5.30163e+6 
        3958.88      5.30241e+6 
        3960.45      5.30728e+6 
        3962.28      5.31284e+6 
        3965.74      5.32289e+6 
        3965.94      5.32346e+6 
        3966.15      5.32403e+6 
        3966.56      5.32516e+6 
        3966.68      5.32547e+6 
        3967.28      5.32714e+6 
        3967.38      5.32739e+6 
        3968.08      5.32921e+6 
        3968.71      5.33075e+6 
        3968.88      5.33113e+6 
        3969.05      5.33147e+6 
        3969.23      5.33185e+6 
        3969.29      5.33194e+6 
        3969.38       5.3321e+6 
        3969.53      5.33229e+6 
        3969.65      5.33235e+6 
        3969.77      5.33229e+6 
        3969.83      5.33219e+6 
        3969.89      5.33191e+6 
        3969.95       5.3315e+6 
        3970.01      5.33106e+6 
        3970.07      5.33094e+6 
        3970.13      5.33144e+6 
        3970.19      5.33229e+6 
        3970.25       5.3331e+6 
        3970.32      5.33386e+6 
        3970.37      5.33427e+6 
        3970.42      5.33464e+6 
        3970.43      5.33471e+6 
        3970.49      5.33512e+6 
        3970.52      5.33527e+6 
        3970.61      5.33581e+6 
         3970.8      5.33675e+6 
         3971.1      5.33816e+6 
        3971.33       5.3392e+6 
        3971.59       5.3403e+6 
         3971.7      5.34074e+6 
        3972.06      5.34218e+6 
        3972.79      5.34504e+6 
        3973.99       5.3496e+6 
        3974.94      5.35312e+6 
         3976.4      5.35843e+6 
        3976.84      5.36003e+6 
        3977.86      5.36364e+6 
        3978.87      5.36719e+6 
        3979.58      5.36964e+6 
         3980.9       5.3742e+6 
        3982.23      5.37869e+6 
        3984.18      5.38526e+6 
        3984.88      5.38761e+6 
        3985.12      5.38837e+6 
        3985.59      5.38994e+6 
        3986.99      5.39459e+6 
        3988.87      5.40071e+6 
        3991.38      5.40885e+6 
        3992.62       5.4129e+6 
        3993.85      5.41686e+6 
        3993.87      5.41689e+6 
        3996.36      5.42487e+6 
        3998.87      5.43285e+6 
        4003.87      5.44862e+6 
        4008.87      5.46423e+6 
        4013.86      5.47997e+6 
        4018.86       5.4959e+6 
        4023.86      5.51167e+6 
        4025.34      5.51632e+6 
        4028.86      5.52735e+6 
        4032.38      5.53831e+6 
        4032.95      5.54004e+6 
        4033.86      5.54287e+6 
         4035.9      5.54918e+6 
        4038.86      5.55829e+6 
        4043.86      5.57356e+6 
        4048.86      5.58867e+6 
        4053.86      5.60363e+6 
        4058.85      5.61839e+6 
        4063.85      5.63294e+6 
        4068.85      5.64723e+6 
        4073.85      5.66118e+6 
        4075.42      5.66545e+6 
        4078.85      5.67463e+6 
        4082.28      5.68336e+6 
        4082.56      5.68408e+6 
           4084       5.6876e+6 
         4085.7      5.69159e+6 
        4088.84      5.69838e+6 
         4089.7      5.70007e+6 
        4093.69       5.7067e+6 
        4096.52      5.70984e+6 
        4097.68      5.71072e+6 
        4098.01      5.71094e+6 
        4098.68      5.71129e+6 
        4098.84      5.71138e+6 
        4099.68       5.7117e+6 
        4100.17      5.71176e+6 
        4100.67       5.7117e+6 
        4100.92      5.71148e+6 
        4101.17      5.71104e+6 
         4101.3      5.71063e+6 
        4101.42      5.70994e+6 
        4101.48       5.7094e+6 
        4101.55      5.70856e+6 
        4101.61       5.7073e+6 
        4101.67      5.70604e+6 
        4101.73      5.70548e+6 
         4101.8      5.70642e+6 
        4101.86      5.70799e+6 
        4101.92      5.70959e+6 
        4102.05       5.7117e+6 
         4102.3      5.71418e+6 
        4102.74      5.71726e+6 
        4102.79      5.71757e+6 
        4102.85      5.71789e+6 
        4102.94      5.71848e+6 
        4103.15      5.71961e+6 
         4103.3      5.72046e+6 
        4103.55      5.72181e+6 
        4103.79      5.72313e+6 
        4104.29      5.72574e+6 
        4104.78      5.72825e+6 
        4105.29       5.7308e+6 
        4105.79      5.73328e+6 
        4106.79      5.73815e+6 
        4108.68      5.74682e+6 
        4108.76      5.74717e+6 
         4108.8      5.74736e+6 
        4108.84      5.74751e+6 
        4108.86      5.74761e+6 
           4109      5.74823e+6 
        4109.32      5.74971e+6 
        4109.78      5.75175e+6 
         4110.7      5.75574e+6 
        4111.32      5.75835e+6 
        4112.55      5.76338e+6 
        4113.77      5.76818e+6 
        4114.69      5.77167e+6 
        4116.23      5.77736e+6 
        4116.69      5.77902e+6 
        4117.77      5.78282e+6 
        4118.13      5.78405e+6 
        4118.84      5.78653e+6 
        4120.98      5.79373e+6 
        4123.84      5.80299e+6 
        4126.14      5.81025e+6 
        4128.84      5.81858e+6 
         4129.6       5.8209e+6 
        4131.53      5.82671e+6 
        4133.83      5.83356e+6 
        4134.22      5.83469e+6 
        4138.83      5.84817e+6 
        4143.83      5.86249e+6 
        4148.83      5.87657e+6 
        4153.83      5.89045e+6 
        4158.83      5.90415e+6 
        4163.83      5.91769e+6 
        4168.82      5.93104e+6 
        4173.82      5.94427e+6 
        4178.82      5.95737e+6 
        4183.82      5.97031e+6 
        4188.82      5.98313e+6 
        4193.82      5.99579e+6 
        4198.82      6.00833e+6 
        4203.81      6.02074e+6 
        4208.81      6.03321e+6 
        4213.81      6.04568e+6 
        4216.52      6.05237e+6 
        4217.24      6.05413e+6 
        4218.81        6.058e+6 
         4221.1      6.06359e+6 
        4223.81      6.07015e+6 
        4224.95      6.07295e+6 
        4228.81      6.08222e+6 
        4233.81      6.09412e+6 
        4238.81      6.10587e+6 
        4243.81       6.1175e+6 
         4248.8      6.12896e+6 
         4253.8      6.14027e+6 
         4258.8      6.15143e+6 
         4263.8      6.16242e+6 
         4268.8      6.17326e+6 
         4273.8      6.18391e+6 
         4278.8      6.19434e+6 
        4283.79      6.20455e+6 
        4288.79      6.21448e+6 
        4293.79      6.22409e+6 
        4298.79       6.2333e+6 
        4303.79      6.24184e+6 
        4308.79      6.24932e+6 
        4313.79      6.25557e+6 
        4314.07      6.25585e+6 
        4318.78      6.25978e+6 
        4320.85       6.2606e+6 
         4323.5      6.26057e+6 
        4326.14      6.25881e+6 
        4326.48      6.25843e+6 
        4328.78      6.25469e+6 
        4330.23      6.25114e+6 
        4331.09      6.24853e+6 
        4331.15      6.24835e+6 
        4331.95      6.24549e+6 
        4333.66      6.23804e+6 
        4334.06      6.23603e+6 
        4336.17      6.22381e+6 
        4337.79       6.2131e+6 
        4338.22      6.21011e+6 
        4338.28       6.2097e+6 
        4338.78      6.20622e+6 
        4338.81        6.206e+6 
        4339.34      6.20207e+6 
         4339.6      6.19981e+6 
        4339.87      6.19698e+6 
           4340       6.1951e+6 
        4340.13      6.19255e+6 
         4340.2      6.19073e+6 
        4340.26      6.18815e+6 
        4340.33      6.18445e+6 
         4340.4      6.18064e+6 
        4340.46       6.1787e+6 
        4340.53      6.18086e+6 
        4340.59      6.18492e+6 
        4340.66      6.18884e+6 
        4340.79      6.19374e+6 
        4341.01      6.19827e+6 
        4341.06      6.19908e+6 
         4341.1      6.19987e+6 
         4341.2      6.20132e+6 
        4341.23      6.20163e+6 
        4341.24      6.20179e+6 
         4341.4      6.20392e+6 
        4341.58      6.20606e+6 
        4341.94      6.21002e+6 
        4342.64      6.21746e+6 
        4343.33      6.22466e+6 
        4343.57      6.22714e+6 
        4344.04      6.23198e+6 
        4344.75      6.23917e+6 
        4346.17      6.25281e+6 
        4348.58       6.2731e+6 
        4348.78      6.27461e+6 
        4348.98      6.27609e+6 
        4349.37      6.27901e+6 
        4350.17      6.28454e+6 
        4350.32      6.28554e+6 
        4351.76      6.29456e+6 
         4353.2       6.3026e+6 
        4354.73      6.31023e+6 
        4356.08      6.31627e+6 
        4356.08      6.31627e+6 
        4357.43       6.3218e+6 
        4358.77      6.32692e+6 
        4359.17      6.32833e+6 
        4361.47      6.33587e+6 
        4363.77      6.34281e+6 
        4367.98      6.35403e+6 
        4368.38        6.355e+6 
        4368.52      6.35538e+6 
        4368.77      6.35598e+6 
        4369.56      6.35789e+6 
        4371.15       6.3616e+6 
        4373.77      6.36744e+6 
        4378.77      6.37784e+6 
        4383.77      6.38755e+6 
        4388.77      6.39679e+6 
        4393.77      6.40561e+6 
        4398.76      6.41419e+6 
        4403.76      6.42113e+6 
        4408.76      6.42735e+6 
        4413.76      6.43345e+6 
        4418.76      6.43942e+6 
        4423.76      6.44529e+6 
        4428.76      6.45107e+6 
        4433.75      6.45679e+6 
        4438.75      6.46241e+6 
        4443.75      6.46797e+6 
        4448.75      6.47344e+6 
        4453.75      6.47888e+6 
        4458.75      6.48422e+6 
        4463.75      6.48949e+6 
        4468.74      6.49471e+6 
        4473.74      6.49989e+6 
        4478.74      6.50498e+6 
        4483.74      6.51004e+6 
        4488.74        6.515e+6 
        4493.74      6.51994e+6 
        4498.74      6.52578e+6 
        4503.74       6.5337e+6 
        4508.73      6.54146e+6 
        4513.73      6.54906e+6 
        4514.12      6.54966e+6 
        4518.73      6.55654e+6 
        4523.35      6.56335e+6 
        4527.19      6.56891e+6 
        4527.96      6.57001e+6 
        4528.73      6.57111e+6 
        4530.27      6.57331e+6 
        4532.97      6.57714e+6 
        4533.29      6.57758e+6 
        4533.35      6.57768e+6 
        4533.73      6.57821e+6 
        4534.49      6.57928e+6 
        4536.01      6.58139e+6 
        4538.73      6.58519e+6 
        4543.73      6.59204e+6 
        4548.72      6.59873e+6 
        4553.72      6.60532e+6 
        4558.72       6.6118e+6 
        4563.72      6.61814e+6 
        4568.72      6.62436e+6 
        4573.72      6.63049e+6 
        4578.72      6.63649e+6 
        4583.72      6.64236e+6 
        4588.71      6.64811e+6 
        4593.71      6.65377e+6 
        4596.53       6.6565e+6 
        4596.98      6.65694e+6 
        4598.71      6.65861e+6 
        4600.89      6.66062e+6 
        4603.71      6.66322e+6 
         4604.8       6.6642e+6 
        4608.71      6.66775e+6 
        4613.71      6.67221e+6 
         4618.7      6.67658e+6 
         4623.7      6.68088e+6 
         4628.7      6.68512e+6 
         4633.7      6.68927e+6 
         4638.7      6.69335e+6 
         4643.7      6.69734e+6 
         4648.7      6.70127e+6 
         4653.7      6.70513e+6 
        4658.69      6.70893e+6 
        4663.69      6.71264e+6 
        4668.69      6.71629e+6 
        4673.69      6.71984e+6 
        4678.69      6.72332e+6 
        4683.69      6.72675e+6 
        4688.69      6.73011e+6 
        4693.69      6.73325e+6 
        4698.68      6.73617e+6 
        4703.68        6.739e+6 
        4708.68      6.74179e+6 
        4713.68       6.7445e+6 
         4715.6      6.74553e+6 
        4718.68      6.74714e+6 
        4720.98      6.74833e+6 
        4721.76      6.74874e+6 
        4723.68      6.74971e+6 
        4724.83      6.75028e+6 
        4728.68      6.75219e+6 
        4733.68      6.75461e+6 
        4738.67      6.75697e+6 
        4743.67      6.75923e+6 
        4748.67      6.76137e+6 
        4753.67      6.76344e+6 
        4758.67      6.76542e+6 
        4763.67      6.76727e+6 
        4768.67      6.76897e+6 
        4773.66      6.77057e+6 
        4778.66      6.77199e+6 
        4783.66      6.77318e+6 
        4788.66      6.77418e+6 
        4793.66      6.77481e+6 
        4798.66       6.7751e+6 
        4803.66      6.77491e+6 
        4808.65      6.77412e+6 
        4813.65      6.77255e+6 
        4818.65      6.76985e+6 
        4823.65      6.76548e+6 
        4828.65       6.7587e+6 
        4833.65      6.74805e+6 
        4834.97      6.74434e+6 
        4838.65      6.73118e+6 
        4839.16      6.72895e+6 
        4842.32      6.71245e+6 
        4845.48      6.68961e+6 
         4845.5      6.68946e+6 
        4847.05      6.67513e+6 
        4848.64      6.65779e+6 
        4849.42      6.64818e+6 
        4851.78      6.61362e+6 
        4854.15      6.56979e+6 
        4854.39      6.56477e+6 
        4856.52      6.51613e+6 
         4858.4      6.46816e+6 
        4858.64      6.46188e+6 
        4858.66      6.46128e+6 
        4858.88      6.45553e+6 
        4859.36      6.44278e+6 
        4859.47      6.43986e+6 
        4860.06       6.4233e+6 
        4860.36      6.41403e+6 
        4860.66      6.40282e+6 
        4860.81      6.39556e+6 
        4860.95      6.38573e+6 
        4861.03      6.37878e+6 
         4861.1      6.36845e+6 
        4861.18      6.35459e+6 
        4861.25      6.34363e+6 
        4861.32      6.33819e+6 
         4861.4      6.34369e+6 
        4861.47      6.35488e+6 
        4861.54      6.36861e+6 
        4861.64      6.38145e+6 
        4861.69      6.38566e+6 
        4861.69      6.38582e+6 
        4861.69      6.38601e+6 
        4861.69      6.38632e+6 
        4861.74      6.38981e+6 
        4861.84      6.39606e+6 
        4861.98      6.40294e+6 
        4861.99      6.40329e+6 
        4862.28      6.41457e+6 
        4862.58      6.42418e+6 
         4862.6      6.42471e+6 
        4863.18      6.44136e+6 
        4863.73      6.45632e+6 
        4863.76      6.45723e+6 
        4864.93      6.48836e+6 
        4866.13      6.51937e+6 
        4868.41      6.57281e+6 
        4868.53       6.5752e+6 
        4868.64      6.57758e+6 
        4868.86      6.58226e+6 
        4869.32      6.59138e+6 
        4869.58      6.59656e+6 
        4870.22      6.60847e+6 
        4870.86      6.61968e+6 
        4872.13      6.64007e+6 
        4874.62      6.67303e+6 
        4874.69      6.67375e+6 
        4874.75      6.67447e+6 
        4874.87      6.67588e+6 
        4875.12      6.67865e+6 
        4875.61      6.68399e+6 
        4876.61      6.69392e+6 
        4878.45      6.70994e+6 
        4878.54      6.71066e+6 
        4878.59      6.71104e+6 
        4878.64      6.71138e+6 
        4878.82       6.7128e+6 
        4879.19      6.71556e+6 
        4879.53      6.71801e+6 
        4879.92      6.72081e+6 
        4880.32      6.72351e+6 
        4880.94      6.72747e+6 
        4881.12      6.72857e+6 
        4882.71      6.73768e+6 
        4884.48      6.74638e+6 
         4887.4      6.75819e+6 
        4888.02      6.76033e+6 
        4888.63       6.7624e+6 
        4889.87      6.76621e+6 
        4891.06      6.76957e+6 
        4892.35       6.7729e+6 
        4893.63      6.77591e+6 
        4893.78      6.77623e+6 
         4896.2      6.78122e+6 
        4898.63      6.78549e+6 
        4903.34      6.79219e+6 
        4903.48      6.79234e+6 
        4903.63      6.79253e+6 
        4903.92      6.79288e+6 
         4904.5      6.79357e+6 
        4905.66      6.79489e+6 
        4907.33      6.79665e+6 
        4907.98      6.79731e+6 
        4908.63      6.79794e+6 
        4909.93      6.79913e+6 
        4911.43      6.80042e+6 
        4912.53       6.8013e+6 
        4913.01      6.80167e+6 
        4913.63      6.80214e+6 
        4915.55      6.80356e+6 
        4915.82      6.80375e+6 
        4918.24      6.80535e+6 
        4918.63      6.80557e+6 
         4921.7      6.80736e+6 
        4923.62       6.8084e+6 
        4925.16      6.80918e+6 
        4928.62      6.81078e+6 
        4933.62      6.81279e+6 
        4938.62      6.81455e+6 
        4943.62      6.81606e+6 
        4948.62      6.81741e+6 
        4953.62      6.81861e+6 
        4958.61      6.81964e+6 
        4963.61      6.82059e+6 
        4968.61      6.82143e+6 
        4973.61      6.82219e+6 
        4978.61      6.82285e+6 
        4983.61      6.82344e+6 
        4988.61      6.82388e+6 
        4993.61      6.82429e+6 
         4998.6      6.82461e+6 
         5003.6      6.82489e+6 
         5008.6      6.82511e+6 
         5013.6      6.82527e+6 
         5018.6      6.82539e+6 
         5023.6      6.82549e+6 
         5028.6      6.82552e+6 
         5033.6      6.82549e+6 
        5038.59      6.82546e+6 
        5043.59      6.82536e+6 
        5048.59      6.82524e+6 
        5053.59      6.82505e+6 
        5058.59      6.82486e+6 
        5063.59      6.82461e+6 
        5068.59      6.82432e+6 
        5073.58      6.82398e+6 
        5078.58      6.82363e+6 
        5083.58      6.82313e+6 
        5088.58      6.82253e+6 
        5093.58      6.82191e+6 
        5098.58      6.82128e+6 
        5103.58      6.82059e+6 
        5108.57      6.81986e+6 
        5113.57      6.81914e+6 
        5118.57      6.81836e+6 
        5123.57      6.81757e+6 
        5128.57      6.81672e+6 
        5133.57      6.81587e+6 
        5138.57      6.81499e+6 
        5143.57      6.81405e+6 
        5148.56      6.81311e+6 
        5153.56      6.81214e+6 
        5158.56      6.81113e+6 
        5163.56      6.81009e+6 
        5168.56      6.80906e+6 
        5173.56      6.80796e+6 
        5178.56      6.80683e+6 
        5183.56      6.80557e+6 
        5188.55      6.80431e+6 
        5193.55      6.80299e+6 
        5198.55      6.80167e+6 
        5203.55      6.80032e+6 
        5208.55      6.79897e+6 
        5213.55      6.79756e+6 
        5218.55      6.79614e+6 
        5223.54       6.7947e+6 
        5228.54      6.79322e+6 
        5233.54      6.79171e+6 
        5238.54      6.79021e+6 
        5243.54      6.78867e+6 
        5248.54       6.7871e+6 
        5253.54      6.78549e+6 
        5258.53      6.78389e+6 
        5263.53      6.78223e+6 
        5268.53      6.78056e+6 
        5273.53       6.7789e+6 
        5278.53      6.77761e+6 
        5283.53      6.77635e+6 
        5288.53      6.77506e+6 
        5293.52      6.77374e+6 
        5298.52      6.77236e+6 
        5303.52      6.77098e+6 
        5308.52      6.76957e+6 
        5313.52      6.76812e+6 
        5318.52      6.76661e+6 
        5323.52      6.76511e+6 
        5328.52      6.76353e+6 
        5333.52      6.76196e+6 
        5338.51      6.76036e+6 
        5343.51       6.7587e+6 
        5348.51      6.75703e+6 
        5353.51       6.7553e+6 
        5358.51      6.75358e+6 
        5363.51      6.75197e+6 
        5368.51      6.75018e+6 
         5373.5      6.74814e+6 
         5378.5      6.74585e+6 
         5383.5      6.74349e+6 
         5388.5      6.74117e+6 
         5393.5      6.73878e+6 
         5398.5      6.73639e+6 
         5403.5      6.73397e+6 
        5408.49      6.73155e+6 
        5413.49       6.7291e+6 
        5418.49      6.72662e+6 
        5423.49      6.72414e+6 
        5428.49      6.72163e+6 
        5433.49      6.71911e+6 
        5438.49      6.71657e+6 
        5443.48      6.71399e+6 
        5448.48      6.71142e+6 
        5453.48      6.70881e+6 
        5458.48      6.70617e+6 
        5463.48      6.70353e+6 
        5468.48      6.70086e+6 
        5473.48       6.6985e+6 
        5478.48      6.69608e+6 
        5483.48      6.69367e+6 
        5488.47      6.69122e+6 
        5493.47      6.68873e+6 
        5498.47      6.68625e+6 
        5503.47      6.68374e+6 
        5508.47      6.68123e+6 
        5513.47      6.67868e+6 
        5518.47       6.6761e+6 
        5523.46       6.6735e+6 
        5528.46      6.67089e+6 
        5533.46      6.66825e+6 
        5538.46      6.66561e+6 
        5543.46      6.66294e+6 
        5548.46      6.66024e+6 
        5553.46      6.65754e+6 
        5558.45       6.6548e+6 
        5563.45      6.65207e+6 
        5568.45      6.64928e+6 
        5573.45      6.64648e+6 
        5578.45      6.64368e+6 
        5583.45      6.64082e+6 
        5588.45        6.638e+6 
        5593.44      6.63511e+6 
        5598.44      6.63222e+6 
        5603.44      6.62933e+6 
        5608.44      6.62637e+6 
        5613.44      6.62345e+6 
        5618.44       6.6205e+6 
        5623.44      6.61751e+6 
        5628.44       6.6145e+6 
        5633.43      6.61148e+6 
        5638.43      6.60847e+6 
        5643.43      6.60542e+6 
        5648.43      6.60234e+6 
        5653.43      6.59926e+6 
        5658.43      6.59615e+6 
        5663.43      6.59304e+6 
        5668.43      6.59012e+6 
        5673.42      6.58698e+6 
        5673.98       6.5866e+6 
        5678.42       6.5838e+6 
        5682.86      6.58095e+6 
         5686.2      6.57881e+6 
        5687.31      6.57812e+6 
        5687.86      6.57774e+6 
        5688.42       6.5774e+6 
        5690.64      6.57595e+6 
        5693.42      6.57416e+6 
        5698.42      6.57092e+6 
        5703.41      6.56769e+6 
        5704.77      6.56681e+6 
        5708.41      6.56442e+6 
        5708.88      6.56411e+6 
        5712.06      6.56203e+6 
        5713.41      6.56112e+6 
        5715.23      6.55993e+6 
        5718.41      6.55782e+6 
        5723.41      6.55452e+6 
        5728.41      6.55119e+6 
        5733.41      6.54783e+6 
        5738.41      6.54447e+6 
         5743.4      6.54111e+6 
         5748.4      6.53772e+6 
         5753.4      6.53429e+6 
         5758.4       6.5309e+6 
         5763.4      6.52666e+6 
         5768.4       6.5232e+6 
         5773.4      6.51972e+6 
         5778.4      6.51623e+6 
        5783.39      6.51274e+6 
        5788.39      6.50922e+6 
        5793.39       6.5057e+6 
        5798.39      6.50215e+6 
        5803.39       6.4986e+6 
        5808.39      6.49502e+6 
        5813.39      6.49144e+6 
        5818.39      6.48783e+6 
        5823.38      6.48422e+6 
        5828.38       6.4806e+6 
        5833.38      6.47696e+6 
        5838.38      6.47331e+6 
        5843.38      6.46964e+6 
        5848.38      6.46596e+6 
        5853.38      6.46229e+6 
        5858.37      6.45858e+6 
        5863.37      6.45487e+6 
        5868.37      6.45113e+6 
        5873.37       6.4474e+6 
        5878.37      6.44366e+6 
        5883.37      6.43989e+6 
        5888.37      6.43612e+6 
        5893.36      6.43235e+6 
        5898.36      6.42855e+6 
        5903.36      6.42471e+6 
        5908.36      6.42091e+6 
        5913.36      6.41708e+6 
        5918.36      6.41322e+6 
        5923.36      6.40935e+6 
        5928.35      6.40549e+6 
        5933.35      6.40159e+6 
        5938.35       6.3977e+6 
        5943.35       6.3938e+6 
        5948.35      6.38987e+6 
        5953.35      6.38595e+6 
        5958.35      6.38199e+6 
        5963.35      6.37803e+6 
        5968.34      6.37404e+6 
        5973.34      6.37005e+6 
        5978.34      6.36606e+6 
        5983.34      6.36204e+6 
        5988.34      6.35802e+6 
        5993.34        6.354e+6 
        5998.34      6.34994e+6 
        6003.34      6.34589e+6 
        6008.33      6.34181e+6 
        6013.33      6.33772e+6 
        6018.33      6.33364e+6 
        6023.33      6.32956e+6 
        6028.33      6.32544e+6 
        6033.33      6.32132e+6 
        6038.32      6.31718e+6 
        6043.32      6.31303e+6 
        6048.32      6.30888e+6 
        6053.32      6.30474e+6 
        6058.32      6.30056e+6 
        6063.32      6.29638e+6 
        6068.32      6.29217e+6 
        6073.32      6.28796e+6 
        6078.31      6.28375e+6 
        6083.31      6.27954e+6 
        6088.31       6.2753e+6 
        6093.31      6.27106e+6 
        6098.31      6.26682e+6 
        6103.31      6.26255e+6 
        6108.31      6.25827e+6 
        6113.31        6.254e+6 
         6118.3       6.2497e+6 
         6123.3      6.24539e+6 
         6128.3      6.24109e+6 
         6133.3      6.23675e+6 
         6138.3      6.23242e+6 
         6143.3      6.22808e+6 
         6148.3      6.22375e+6 
        6153.29      6.21938e+6 
        6158.29      6.21498e+6 
        6163.29      6.21061e+6 
        6168.29      6.20622e+6 
        6173.29      6.20182e+6 
        6178.29      6.19739e+6 
        6183.29      6.19296e+6 
        6188.28      6.18853e+6 
        6193.28       6.1841e+6 
        6198.28      6.17964e+6 
        6203.28      6.17518e+6 
        6208.28      6.17068e+6 
        6213.28      6.16619e+6 
        6218.28       6.1617e+6 
        6223.28      6.15718e+6 
        6228.27      6.15268e+6 
        6233.27      6.14813e+6 
        6238.27       6.1436e+6 
        6243.27      6.13905e+6 
        6244.38      6.13804e+6 
        6248.27      6.13446e+6 
        6252.16      6.13091e+6 
        6253.82       6.1294e+6 
        6256.04      6.12736e+6 
        6258.27      6.12532e+6 
        6262.16      6.12174e+6 
        6262.71       6.1212e+6 
        6263.27       6.1207e+6 
        6264.37       6.1197e+6 
        6264.91      6.11919e+6 
        6266.59      6.11762e+6 
        6268.26      6.11608e+6 
        6269.97      6.11451e+6 
        6271.61      6.11297e+6 
        6273.26      6.11147e+6 
        6274.85      6.10999e+6 
        6276.56      6.10839e+6 
        6278.26      6.10682e+6 
        6280.08      6.10512e+6 
        6281.67      6.10364e+6 
        6283.26      6.10217e+6 
        6284.63      6.10088e+6 
        6286.44      6.09918e+6 
        6288.26      6.09749e+6 
        6290.52      6.09535e+6 
        6291.89      6.09409e+6 
        6293.26       6.0928e+6 
        6293.73      6.09236e+6 
        6295.99      6.09023e+6 
        6298.26      6.08809e+6 
        6302.31      6.08426e+6 
        6302.78      6.08382e+6 
        6303.25      6.08338e+6 
        6303.92      6.08275e+6 
         6304.2      6.08247e+6 
        6306.09      6.08068e+6 
        6308.25      6.07864e+6 
        6311.92      6.07515e+6 
        6312.59      6.07449e+6 
        6313.25      6.07386e+6 
        6314.58       6.0726e+6 
        6316.22      6.07103e+6 
        6317.23      6.07006e+6 
        6317.31         6.07e+6 
        6318.25      6.06909e+6 
        6320.28      6.06714e+6 
        6323.25      6.06431e+6 
        6328.25      6.05947e+6 
        6333.25      6.05463e+6 
        6338.24      6.04976e+6 
        6343.24      6.04486e+6 
        6348.24      6.03996e+6 
        6353.24        6.035e+6 
        6358.24      6.03004e+6 
        6363.24      6.02501e+6 
        6368.24      6.01995e+6 
        6373.23      6.01486e+6 
        6378.23      6.00971e+6 
        6383.23      6.00453e+6 
        6388.23      5.99928e+6 
        6393.23        5.994e+6 
        6398.23      5.98863e+6 
        6403.23      5.98319e+6 
        6408.23      5.97767e+6 
        6413.22      5.97207e+6 
        6418.22      5.96636e+6 
        6423.22      5.96054e+6 
        6428.22      5.95461e+6 
        6433.22      5.94851e+6 
        6438.22      5.94226e+6 
        6443.22      5.93579e+6 
        6448.22      5.92913e+6 
        6453.21      5.92218e+6 
        6458.21      5.91493e+6 
        6463.21      5.90733e+6 
        6468.21      5.89931e+6 
        6473.21      5.89077e+6 
        6478.21       5.8816e+6 
         6483.2       5.8717e+6 
         6488.2      5.86086e+6 
         6493.2      5.84889e+6 
         6498.2      5.83548e+6 
         6503.2       5.8203e+6 
         6508.2       5.8028e+6 
         6513.2      5.78232e+6 
         6518.2      5.75791e+6 
        6523.19      5.72816e+6 
        6523.72      5.72467e+6 
        6528.19      5.69131e+6 
        6532.67      5.65009e+6 
         6536.1      5.61161e+6 
        6537.14      5.59838e+6 
        6537.38      5.59524e+6 
        6538.19      5.58437e+6 
        6540.29      5.55374e+6 
        6543.19       5.5047e+6 
        6546.46      5.43863e+6 
        6546.72      5.43263e+6 
        6548.19      5.39795e+6 
        6549.92      5.35268e+6 
        6553.11      5.25614e+6 
        6554.43       5.2109e+6 
        6556.31      5.14015e+6 
        6556.87      5.11753e+6 
         6557.9      5.07716e+6 
        6558.19       5.0661e+6 
         6559.5      5.01367e+6 
         6560.3      4.98018e+6 
         6561.1      4.94308e+6 
         6561.5      4.92124e+6 
         6561.9      4.89413e+6 
        6562.09      4.87647e+6 
        6562.29       4.8525e+6 
        6562.39       4.8357e+6 
        6562.49      4.81085e+6 
        6562.59      4.77371e+6 
        6562.69      4.74242e+6 
        6562.79      4.72577e+6 
        6562.89      4.74198e+6 
        6562.99      4.77349e+6 
        6563.09       4.8105e+6 
        6563.29      4.85175e+6 
        6563.49      4.87541e+6 
        6563.64      4.88901e+6 
        6563.69      4.89268e+6 
        6563.69      4.89284e+6 
        6563.69        4.893e+6 
        6563.74       4.8968e+6 
        6563.84      4.90393e+6 
        6564.04      4.91669e+6 
        6564.29      4.93089e+6 
        6564.39      4.93598e+6 
        6564.44      4.93846e+6 
        6564.49      4.94091e+6 
        6564.69       4.9503e+6 
        6565.08      4.96789e+6 
        6565.64       4.9913e+6 
        6565.86      5.00038e+6 
        6566.09       5.0093e+6 
        6566.54       5.0268e+6 
        6566.69      5.03267e+6 
        6567.09      5.04785e+6 
        6567.44      5.06117e+6 
        6568.18      5.08935e+6 
        6569.28      5.13107e+6 
        6570.48      5.17511e+6 
        6571.48      5.20955e+6 
        6572.47      5.24194e+6 
        6573.27      5.26641e+6 
        6574.47      5.30103e+6 
        6575.67      5.33304e+6 
        6577.95      5.38767e+6 
        6578.06      5.39022e+6 
        6578.18      5.39273e+6 
        6578.41       5.3977e+6 
        6578.87      5.40743e+6 
        6579.79      5.42603e+6 
        6580.08      5.43166e+6 
        6581.63      5.45987e+6 
        6583.18      5.48541e+6 
        6584.38      5.50347e+6 
        6586.28       5.5293e+6 
        6587.91      5.54909e+6 
        6588.18      5.55211e+6 
        6588.44      5.55509e+6 
        6588.98      5.56087e+6 
        6590.04      5.57187e+6 
        6591.02      5.58142e+6 
        6592.17      5.59175e+6 
        6593.01      5.59898e+6 
        6593.31       5.6014e+6 
        6595.59      5.61871e+6 
        6598.17      5.63551e+6 
        6603.34      5.66206e+6 
         6608.5      5.68144e+6 
        6613.66      5.69552e+6 
        6623.98      5.71292e+6 
         6634.3      5.72112e+6 
        6644.62      5.72376e+6 
        6665.26      5.71946e+6 
         6685.9       5.7084e+6 
        6701.62      5.69756e+6 
        6706.55      5.69389e+6 
        6711.48      5.69008e+6 
        6721.34      5.68229e+6 
         6736.2      5.66998e+6 
        6741.06      5.66583e+6 
        6780.49       5.6309e+6 
        6824.78      5.58977e+6 
        6913.35      5.50542e+6 
        7001.93       5.4194e+6 
        7071.86      5.35092e+6 
         7090.5       5.3326e+6 
        7109.15      5.31429e+6 
        7146.44      5.27794e+6 
        7221.02      5.20515e+6 
         7295.6      5.13229e+6 
        7346.84      5.08228e+6 
        7370.18      5.05988e+6 
        7393.51       5.0371e+6 
        7440.19      4.99202e+6 
        7533.55      4.90214e+6 
        7575.92      4.86149e+6 
         7626.9       4.8127e+6 
        7677.88       4.7641e+6 
        7728.86      4.71613e+6 
        7779.84      4.66834e+6 
        7830.82      4.62078e+6 
         7881.8       4.5734e+6 
        7903.32      4.55349e+6 
        7932.78      4.52628e+6 
        7962.25      4.49917e+6 
        8021.18      4.44551e+6 
        8077.68       4.3944e+6 
        8080.11       4.3922e+6 
        8082.55      4.39003e+6 
        8087.42      4.38563e+6 
        8097.18       4.3769e+6 
        8108.49      4.36675e+6 
        8116.67      4.35943e+6 
        8155.67      4.32465e+6 
        8200.85      4.28454e+6 
        8202.85      4.28278e+6 
        8204.85      4.28102e+6 
        8208.85       4.2775e+6 
        8216.85      4.27046e+6 
        8232.84      4.25642e+6 
        8264.83       4.2284e+6 
        8289.72      4.20669e+6 
        8328.82      4.17269e+6 
        8343.44      4.16003e+6 
        8367.92      4.13892e+6 
        8371.47      4.13588e+6 
        8388.68      4.12111e+6 
        8392.39      4.11797e+6 
        8408.65      4.10408e+6 
        8413.32      4.10009e+6 
        8432.02      4.08416e+6 
        8437.95      4.07914e+6 
        8467.25      4.05429e+6 
        8473.98       4.0486e+6 
        8502.48      4.02457e+6 
        8516.58      4.01272e+6 
        8530.98      4.00066e+6 
        8545.38      3.98869e+6 
        8549.97      3.98486e+6 
        8574.18      3.96482e+6 
        8598.39      3.94484e+6 
         8628.6      3.92002e+6 
        8646.81      3.90509e+6 
        8652.39      3.90054e+6 
        8665.01      3.89023e+6 
        8685.59      3.87349e+6 
        8701.43      3.86061e+6 
        8750.47      3.82099e+6 
        8767.92      3.80698e+6 
        8815.35      3.76906e+6 
        8862.78      3.73177e+6 
        8900.38      3.70243e+6 
        8957.65      3.65807e+6 
        9014.91      3.61412e+6 
        9044.62       3.5915e+6 
        9072.17      3.57064e+6 
        9099.72      3.54987e+6 
        9154.81      3.50897e+6 
         9190.8      3.48249e+6 
         9209.9      3.46851e+6 
        9229.01      3.45453e+6 
        9267.22      3.42679e+6 
         9303.2      3.40084e+6 
        9343.64      3.37184e+6 
        9384.08      3.34309e+6 
        9464.96       3.2867e+6 
        9545.72      3.23116e+6 
        9545.84       3.2311e+6 
        9545.97        3.231e+6 
        9546.21      3.23085e+6 
        9546.69      3.23053e+6 
        9546.87      3.23041e+6 
        9547.66      3.22987e+6 
        9549.59      3.22855e+6 
        9553.47      3.22594e+6 
        9561.21      3.22067e+6 
        9576.69      3.21017e+6 
        9607.66      3.18925e+6 
        9668.45      3.14854e+6 
        9729.24      3.10864e+6 
        9790.04      3.06921e+6 
        9850.83      3.03024e+6 
        9870.42      3.01777e+6 
        9911.62      2.99172e+6 
        9952.82      2.96587e+6 
        10021.1      2.92384e+6 
        10035.2      2.91518e+6 
        10049.4      2.90647e+6 
        10077.7      2.88946e+6 
        10134.2      2.85552e+6 
        10144.5      2.84942e+6 
        10190.8      2.82192e+6 
        10237.2      2.79467e+6 
        10329.9      2.74212e+6 
        10422.6      2.69049e+6 
        10515.3       2.6398e+6 
          10608      2.59003e+6 
        10700.7      2.54117e+6 
        10793.4      2.49321e+6 
        10834.1       2.4724e+6 
        10886.1      2.44599e+6 
        10938.1      2.41949e+6 
        10990.1      2.39432e+6 
          11042      2.36905e+6 
          11094      2.34395e+6 
          11146       2.3191e+6 
          11198      2.29452e+6 
          11239       2.2753e+6 
          11250       2.2702e+6 
        11260.9      2.26511e+6 
        11282.8      2.25534e+6 
        11326.6      2.23593e+6 
        11414.2      2.19762e+6 
        11501.8      2.15997e+6 
        11589.4      2.12297e+6 
          11677      2.08662e+6 
        11764.6      2.05091e+6 
        11852.2      2.01583e+6 
        11939.8      1.98138e+6 
        12027.4      1.94754e+6 
          12115      1.91431e+6 
        12120.6      1.91221e+6 
        12202.6      1.88168e+6 
        12284.6      1.85167e+6 
        12366.6      1.82347e+6 
        12448.7       1.7957e+6 
        12530.7      1.76834e+6 
        12612.7      1.74137e+6 
        12694.7      1.71466e+6 
        12735.4      1.70135e+6 
        12776.7       1.6875e+6 
        12818.1      1.67301e+6 
        12900.8      1.64968e+6 
        12983.5      1.62498e+6 
        13066.2      1.60033e+6 
        13148.9      1.57599e+6 
        13154.8      1.57427e+6 
        13231.6      1.55203e+6 
        13308.4      1.53011e+6 
        13385.1      1.50971e+6 
        13461.9      1.48957e+6 
        13538.7      1.46971e+6 
        13615.5      1.45012e+6 
        13692.3      1.43081e+6 
        13769.1      1.41175e+6 
        13845.9      1.39296e+6 
        13922.7      1.37443e+6 
        13999.5      1.35616e+6 
        14076.2      1.33814e+6 
          14153      1.32038e+6 
        14229.8      1.30288e+6 
        14281.2      1.29131e+6 
        14306.6      1.28562e+6 
        14332.1      1.27995e+6 
          14383      1.26907e+6 
        14410.1      1.26331e+6 
        14427.1      1.25973e+6 
        14433.9       1.2583e+6 
        14457.6      1.25329e+6 
        14505.2      1.24343e+6 
        14581.2      1.22781e+6 
        14583.2       1.2274e+6 
        14585.2        1.227e+6 
        14589.2      1.22621e+6 
        14597.2      1.22462e+6 
        14613.2      1.22146e+6 
        14645.2      1.21517e+6 
        14709.2      1.20267e+6 
        14773.2       1.1903e+6 
        14837.1      1.17805e+6 
        14901.1      1.16592e+6 
        14965.1      1.15392e+6 
        15029.1      1.14203e+6 
        15093.1      1.13028e+6 
        15157.1      1.11864e+6 
          15221      1.10713e+6 
          15285      1.09573e+6 
          15349      1.08446e+6 
          15413      1.07329e+6 
        15471.6      1.06318e+6 
          15477      1.06225e+6 
        15482.4      1.06133e+6 
        15493.1      1.05942e+6 
        15514.7      1.05563e+6 
        15557.9      1.04807e+6 
        15644.2      1.03313e+6 
        15730.5      1.01841e+6 
        15816.8      1.00391e+6 
        15903.1          989624 
        15989.4          975559 
        16075.8          961714 
        16162.1          948076 
        16248.4          934646 
        16289.9          928265 
        16334.7          921426 
        16379.5          914640 
        16469.1          898863 
        16558.8          883419 
        16648.4          868295 
          16738          853486 
        16827.7          838984 
        16917.3          824784 
        17006.9          810876 
        17096.6          797251 
        17186.2          783906 
        17275.8          770834 
        17327.7          763391 
        17365.5          758025 
        17403.2          752707 
        17478.8          742195 
        17554.3          731862 
        17629.9          721706 
        17705.4          711722 
          17781          701904 
        17856.5          692253 
        17932.1          682765 
        18007.6          673061 
        18083.2          663812 
        18158.7          654692 
        18234.3          645676 
        18309.8          636741 
        18343.7          632739 
        18385.3          627828 
          18427          622899 
        18510.2          612830 
        18593.4          601983 
        18602.1          600757 
        18676.6          588895 
        18713.8          581842 
        18732.5          578336 
        18741.8          576765 
        18751.1          574959 
        18760.4          574896 
        18769.7          574591 
        18779.1          574425 
        18788.4          574324 
        18797.7          574236 
          18807          574120 
        18816.3          573960 
        18825.6          573743 
        18844.3          573136 
        18881.5          571299 
        18956.1          565999 
        19030.6          559681 
        19105.1          552989 
        19179.6          546182 
        19254.2          539367 
        19328.7          532594 
        19355.8          530150 
        19403.2          525890 
        19450.7          521661 
        19545.6          513314 
        19640.5          505269 
        19735.4          497188 
        19830.3          489262 
        19925.2          481493 
          20020          473875 
        20114.9          466404 
        20209.8          459078 
        20304.7          451893 
        20324.9          450385 
        20399.6          444846 
        20474.4          439389 
        20549.2          434014 
        20623.9          428724 
        20698.7          423509 
        20773.4          418372 
        20848.2          413314 
          20923          408332 
        20997.7          403421 
        21072.5          398583 
        21147.2          393817 
          21222          389121 
        21296.7          384493 
        21371.5          379935 
        21446.3          375442 
          21521          371013 
          21561          368675 
        21595.8          366649 
        21630.6          364638 
        21700.3          360658 
        21769.9          356731 
        21839.6          352854 
        21909.3          349031 
        21978.9          345261 
        22048.6          341538 
        22118.3          337866 
        22187.9          334240 
        22257.6          330665 
        22327.2          327134 
        22396.9          323653 
        22466.6          320216 
        22536.2          316823 
        22605.9          313476 
        22675.6          310171 
        22703.6          308854 
        22745.2          306910 
        22784.8          305074 
        22786.8          304981 
        22788.8          304889 
        22792.8          304705 
        22800.8          304337 
        22816.8          303602 
        22848.8          302138 
        22912.8          299238 
        22976.8          296372 
        23040.8          293539 
        23104.8          290740 
        23168.7          287974 
        23232.7          285240 
        23296.7          282539 
        23360.7          279868 
        23424.7          277229 
        23488.6          274621 
        23552.6          272042 
        23616.6          269494 
        23680.6          266975 
        23744.6          264486 
        23808.6          262025 
        23872.5          259592 
        23936.5          257186 
        24000.5          254809 
        24064.5          252458 
        24128.5          250135 
        24192.5          247837 
        24256.4          245566 
        24320.4          243321 
        24384.4          241100 
        24448.4          238905 
        24512.4          236735 
        24576.3          234588 
        24640.3          232466 
        24704.3          230368 
        24768.3          228293 
        24832.3          226241 
        24896.3          224211 
        24960.2          222204 
        25004.4          220831 
        25024.2          220220 
          25044          219610 
        25083.6          218398 
        25162.8          215999 
        25241.9          213632 
        25321.1          211298 
        25400.2          208994 
        25479.4          206722 
        25558.5          204481 
        25637.7          202269 
        25716.9          200087 
          25796          197934 
        25875.2          195810 
        25954.3          193713 
        26033.5          191645 
        26112.7          189603 
        26191.8          187589 
          26271          185601 
        26350.1          183639 
        26429.3          181703 
        26508.4          179792 
        26587.6          177905 
        26666.8          176044 
        26745.9          174206 
        26825.1          172392 
        26904.2          170601 
        26983.4          168833 
        27062.6          167088 
        27141.7          165366 
        27142.5          165347 
        27220.9          163665 
        27299.2          162003 
        27377.5          160363 
        27455.8          158743 
        27534.2          157144 
        27612.5          155564 
        27690.8          154005 
        27769.1          152464 
        27847.5          150943 
        27925.8          149440 
        28004.1          147956 
        28082.4          146490 
        28160.8          145042 
        28239.1          143611 
        28317.4          142199 
        28395.7          140803 
          28474          139424 
        28552.4          138062 
        28630.7          136716 
          28709          135387 
        28787.3          134074 
        28865.7          132776 
          28944          131494 
        29022.3          130227 
        29100.6          128976 
          29179          127739 
        29257.3          126517 
        29335.6          125309 
        29413.9          124116 
        29492.3          122937 
        29570.6          121771 
        29648.9          120620 
        29727.2          119481 
        29805.5          118357 
        29883.9          117245 
        29932.6          116560 
        29962.2          116146 
        29991.8          115734 
