# Koester WD models
# teff = 5000 K (value for the effective temperature for the model. Temperatures are given in K)
# logg = 9 log(cm/s2) (value for Log(G) for the model.)
#
# column 1: WAVELENGTH (ANGSTROM), Wavelength in Angstrom
# column 2: FLUX (ERG/CM2/S/A), Flux in erg/cm2/s/A
         899.23      9.87619e-5 
        900.318      0.00010286 
        901.407     0.000107118 
        902.495     0.000111539 
        902.932     0.000113362 
        903.583     0.000116131 
        904.235     0.000118964 
        905.539     0.000124825 
        906.841     0.000130954 
        907.048     0.000131952 
        908.145     0.000137365 
         908.45      0.00013891 
        909.241     0.000142985 
        910.032     0.000147172 
        911.193     0.000153527 
        911.613     0.000155891 
        912.034     0.000158289 
        912.465     0.000160785 
        912.875     0.000163188 
        913.037     0.000164149 
        913.241     0.000165367 
        913.284     0.000165625 
        913.478     0.000166793 
        913.531     0.000167113 
        913.755     0.000168467 
        913.822     0.000168876 
         914.08     0.000170459 
        914.165     0.000170983 
        914.499     0.000173059 
        914.575     0.000173535 
        915.071     0.000176663 
         915.54     0.000179675 
        915.609     0.000180116 
        915.643     0.000180336 
        915.677     0.000180557 
        915.741     0.000180974 
        915.813     0.000181444 
        916.085     0.000183229 
        916.429      0.00018551 
        916.858     0.000188385 
        917.118     0.000190152 
        917.196     0.000190685 
        917.378     0.000191934 
        917.899     0.000195546 
        917.952     0.000195918 
        918.287     0.000198282 
        918.602     0.000200523 
        919.251     0.000205229 
        920.215     0.000212402 
        921.882      0.00022536 
        921.999     0.000226298 
        922.143     0.000227457 
        922.405     0.000229573 
         922.81     0.000232891 
        923.621     0.000239663 
        925.001     0.000251617 
        925.242     0.000253763 
        925.484     0.000255925 
        925.564     0.000256647 
        925.966     0.000260302 
        926.164      0.00026212 
        926.369     0.000264006 
        927.173     0.000271562 
        927.276     0.000272535 
        928.182      0.00028132 
        928.917      0.00028863 
         928.98     0.000289266 
        929.089     0.000290369 
        929.261     0.000292118 
        929.317     0.000292679 
        929.543     0.000294995 
        929.655     0.000296149 
        929.769     0.000297328 
        929.827      0.00029793 
        929.883     0.000298512 
         929.91     0.000298793 
        929.939     0.000299095 
        929.954     0.000299251 
        929.968     0.000299397 
        929.982     0.000299543 
        929.996     0.000299689 
         930.01     0.000299835 
        930.024     0.000299982 
        930.038     0.000300128 
        930.052     0.000300275 
        930.081     0.000300578 
        930.137     0.000301165 
        930.201     0.000301837 
        930.247      0.00030232 
        930.249     0.000302342 
        930.251     0.000302363 
        930.301     0.000302889 
        930.326     0.000303143 
        930.329     0.000303174 
        930.402     0.000303945 
        930.478     0.000304751 
         930.63     0.000306366 
        930.931      0.00030959 
        931.229     0.000312812 
         931.49     0.000315648 
        931.534     0.000316132 
        931.838     0.000319484 
        932.447     0.000326286 
        933.265     0.000335651 
        933.403     0.000337256 
        933.432     0.000337583 
        933.542     0.000338868 
        933.652     0.000340159 
        933.872     0.000342751 
        933.973     0.000343948 
        934.073     0.000345139 
        934.312     0.000347994 
        934.316     0.000348044 
        934.652     0.000352085 
         935.23     0.000359166 
        935.688     0.000364861 
        936.144     0.000370626 
        936.372     0.000373539 
        936.601     0.000376473 
        936.714     0.000377937 
        936.829     0.000379429 
        936.887     0.000380183 
        936.944     0.000380928 
        936.973     0.000381308 
        937.001     0.000381672 
        937.015     0.000381857 
        937.029      0.00038204 
        937.043     0.000382222 
        937.058      0.00038242 
        937.072     0.000382602 
        937.086     0.000382787 
        937.101     0.000382982 
        937.115     0.000383167 
        937.143     0.000383535 
          937.2     0.000384286 
        937.314     0.000385788 
        937.493     0.000388159 
        937.542     0.000388813 
        937.593     0.000389492 
        937.694     0.000390827 
        937.788     0.000392086 
        937.894      0.00039351 
            938     0.000394939 
        938.212      0.00039781 
        938.359     0.000399812 
        938.556     0.000402501 
        938.636       0.0004036 
        938.914     0.000407417 
        939.231     0.000411822 
        939.271     0.000412381 
        939.986     0.000422469 
         940.74     0.000433361 
        941.452     0.000443863 
         942.25      0.00045592 
        943.048     0.000468298 
        943.978     0.000482954 
        944.643     0.000493805 
        945.308     0.000505008 
        946.115     0.000519123 
        946.233     0.000521228 
        946.637     0.000528532 
        947.158     0.000538105 
        947.621     0.000546647 
        948.083     0.000555189 
        948.314     0.000559493 
        948.546     0.000563825 
        948.661     0.000565992 
        948.777     0.000568188 
        948.835     0.000569288 
        948.893     0.000570391 
        948.922     0.000570944 
        948.951     0.000571497 
        948.966     0.000571782 
         948.98     0.000572049 
        948.994     0.000572316 
        949.009     0.000572602 
        949.023     0.000572869 
        949.037      0.00057314 
        949.052     0.000573425 
        949.066     0.000573693 
        949.095     0.000574249 
        949.153     0.000575361 
         949.23     0.000576837 
        949.258     0.000577378 
        949.269     0.000577588 
         949.28     0.000577799 
         949.33     0.000578763 
         949.36     0.000579344 
         949.43     0.000580695 
          949.5     0.000582052 
         949.64     0.000584773 
        949.795     0.000587779 
        949.879     0.000589422 
        949.921     0.000590249 
        949.963     0.000591072 
        950.047     0.000592727 
        950.131     0.000594383 
        950.467     0.000601015 
        950.718     0.000605957 
        950.888      0.00060928 
        951.728       0.0006259 
        952.738     0.000646722 
        953.502      0.00066331 
        953.748     0.000668735 
        954.758     0.000691615 
        956.014     0.000721266 
         957.27     0.000751965 
        957.764      0.00076428 
        958.148      0.00077406 
        958.526     0.000783733 
        959.289     0.000803491 
         960.43     0.000833565 
        961.192     0.000853348 
        962.712     0.000894735 
        964.231     0.000938014 
         965.75      0.00098345 
        966.507      0.00100682 
        966.767        0.001015 
        967.269      0.00103095 
        968.032      0.00105565 
        968.668      0.00107656 
        968.979      0.00108694 
        969.297      0.00109766 
        969.927      0.00111917 
        970.401      0.00113578 
        970.874      0.00115341 
         971.11      0.00116348 
        971.348      0.00117661 
        971.467      0.00118466 
        971.585      0.00119076 
        971.644       0.0011926 
        971.703      0.00119518 
        971.732      0.00119722 
        971.762      0.00119897 
        971.778      0.00119963 
        971.792      0.00120017 
        971.806       0.0012007 
        971.821      0.00120127 
        971.827       0.0012015 
        971.833      0.00120173 
        971.836      0.00120184 
        971.839      0.00120196 
        971.851      0.00120242 
        971.866      0.00120299 
         971.88      0.00120352 
         971.91      0.00120464 
        971.969      0.00120552 
        972.037      0.00120756 
        972.087      0.00120977 
        972.137      0.00121141 
         972.15      0.00121174 
        972.199      0.00121254 
        972.237      0.00121273 
        972.324        0.001213 
        972.499      0.00121407 
        972.798       0.0012202 
        973.047      0.00122789 
        973.097      0.00122955 
        973.248      0.00123469 
        973.396      0.00123987 
        973.746      0.00125248 
        974.444       0.0012781 
         975.64      0.00132459 
        976.759      0.00136981 
        976.836      0.00137297 
        978.032      0.00142302 
        979.305      0.00147821 
        979.778      0.00149919 
        980.578      0.00153529 
        981.851      0.00159451 
        983.923      0.00169567 
        985.373      0.00176944 
        985.996      0.00180208 
        986.414      0.00182436 
        986.618      0.00183534 
        987.863       0.0019015 
        989.312      0.00198409 
        990.541      0.00205753 
        990.761        0.002071 
         992.21      0.00216192 
         993.88      0.00227154 
        995.549      0.00238661 
        995.989      0.00241789 
        997.218      0.00250731 
        997.574      0.00253382 
        997.806      0.00255124 
        998.447      0.00259988 
        999.319      0.00266759 
        999.435      0.00267671 
        1001.06      0.00280782 
        1002.69      0.00294508 
        1004.32      0.00308877 
        1005.84      0.00322821 
        1005.95      0.00323914 
        1007.58      0.00339647 
        1009.33      0.00357309 
        1011.07      0.00375926 
         1011.3      0.00378471 
        1012.82      0.00395467 
        1014.33      0.00413192 
        1015.38      0.00425912 
        1015.84      0.00431655 
        1017.36        0.004509 
        1017.62       0.0045429 
        1019.33      0.00477164 
        1021.04      0.00501282 
        1022.47      0.00522915 
        1022.76      0.00527605 
        1023.04      0.00532566 
        1023.19      0.00535208 
        1023.62      0.00543935 
        1023.83      0.00549056 
        1024.04      0.00555352 
        1024.25      0.00562835 
        1024.39      0.00568594 
        1024.47      0.00571914 
        1024.54      0.00575468 
        1024.58      0.00577453 
        1024.69      0.00581958 
        1024.79      0.00584603 
        1024.85      0.00585445 
        1024.88      0.00585778 
        1024.89      0.00586215 
        1024.91      0.00586721 
        1024.95      0.00587679 
        1024.98      0.00588445 
        1024.99      0.00588722 
        1025.01      0.00588992 
        1025.03      0.00589259 
        1025.04      0.00589507 
        1025.06      0.00589774 
        1025.07      0.00590041 
        1025.09       0.0059029 
         1025.1      0.00590557 
        1025.13      0.00591072 
         1025.2      0.00591675 
        1025.27      0.00592366 
        1025.32      0.00593368 
        1025.37      0.00594235 
        1025.47      0.00594427 
        1025.52       0.0059384 
        1025.57      0.00593064 
        1025.62      0.00592259 
        1025.72      0.00590676 
        1025.77      0.00590139 
        1025.92      0.00588926 
        1026.07      0.00588474 
        1026.37      0.00589287 
        1026.67      0.00591945 
        1026.86      0.00594113 
        1026.96       0.0059547 
        1027.07      0.00596877 
        1027.28      0.00599802 
        1027.69       0.0060607 
        1027.98      0.00610685 
        1028.53      0.00619604 
         1028.8      0.00624175 
        1029.07      0.00628827 
        1029.34      0.00633527 
        1029.88      0.00643093 
        1030.96      0.00662719 
        1033.08        0.007029 
        1033.13      0.00703918 
        1033.19      0.00704936 
        1033.23      0.00705778 
        1033.29      0.00706978 
         1033.5      0.00711078 
        1033.91      0.00719349 
        1034.75      0.00736163 
        1036.27      0.00767761 
        1037.78      0.00800638 
        1039.17      0.00831872 
        1039.26      0.00833845 
         1039.3      0.00834834 
        1039.34      0.00835824 
         1039.5      0.00839537 
        1039.52      0.00839814 
        1039.86      0.00847853 
        1040.55      0.00864145 
        1041.92      0.00897613 
        1044.35      0.00959424 
        1046.77       0.0102516 
        1049.03       0.0109032 
        1049.19       0.0109508 
        1049.35       0.0109985 
        1049.67       0.0110941 
        1050.31       0.0112874 
        1051.59       0.0116835 
        1053.95       0.0124479 
        1054.15       0.0125148 
        1054.35        0.012582 
        1054.75       0.0127174 
        1054.95       0.0127856 
        1055.55       0.0129922 
        1057.15       0.0135586 
        1059.36       0.0143747 
        1061.56       0.0152415 
        1063.16       0.0159018 
        1063.76       0.0161561 
        1064.36       0.0164142 
        1065.56       0.0169419 
        1066.56       0.0173936 
        1067.96       0.0180446 
        1069.36        0.018718 
        1069.96       0.0190112 
        1072.16       0.0201228 
        1074.36       0.0212942 
        1076.56       0.0225281 
        1078.16       0.0234665 
        1078.69       0.0237814 
        1078.76       0.0238277 
        1078.98        0.023959 
        1079.36        0.024194 
        1080.57       0.0249484 
        1080.71       0.0250419 
        1082.44       0.0261718 
        1084.17       0.0273484 
         1085.9       0.0285736 
        1087.64       0.0298493 
        1089.32       0.0311389 
        1089.37       0.0311772 
        1089.42       0.0312168 
        1089.52       0.0312948 
        1089.72       0.0314511 
        1090.12       0.0317659 
        1090.67       0.0322035 
        1090.92       0.0324043 
        1092.52       0.0337165 
        1094.37       0.0352949 
        1096.22       0.0369407 
        1096.77       0.0374434 
        1098.07        0.038657 
        1099.37       0.0399064 
        1099.57       0.0401031 
        1101.97       0.0425356 
        1104.37       0.0451026 
        1106.78       0.0478106 
        1108.98       0.0504235 
        1109.18       0.0506673 
        1109.38       0.0509123 
        1109.78       0.0513983 
        1109.98       0.0516431 
        1110.58       0.0523832 
        1112.18       0.0544048 
        1114.38       0.0573017 
        1116.58       0.0603393 
        1118.18       0.0626402 
        1118.68       0.0633816 
        1118.78       0.0635236 
        1119.38       0.0644187 
        1120.08       0.0654711 
        1121.47       0.0676234 
        1123.78       0.0713355 
        1124.25       0.0721291 
        1124.73       0.0729358 
        1125.68       0.0745742 
        1125.79       0.0747621 
        1127.08         0.07703 
        1127.59        0.077952 
        1129.38       0.0812655 
        1131.69       0.0857111 
        1132.46        0.087243 
           1134       0.0903795 
        1135.54       0.0936195 
        1137.85       0.0986825 
        1138.62        0.100429 
        1139.39        0.102207 
        1140.93        0.105854 
        1143.63        0.112557 
        1143.95         0.11338 
        1144.01        0.113535 
        1144.39         0.11452 
        1145.15        0.116512 
        1146.67         0.12061 
        1149.39         0.12831 
        1149.83        0.129609 
        1152.11        0.136532 
        1154.39        0.143837 
        1156.67        0.151507 
        1158.51        0.157984 
        1158.95        0.159577 
        1159.39        0.161183 
        1159.67        0.162214 
        1160.27         0.16444 
        1162.03        0.171084 
        1164.39        0.180296 
        1166.76        0.189889 
        1168.84        0.198567 
        1169.12        0.199757 
        1169.39        0.200953 
        1169.96        0.203352 
        1171.08        0.208218 
        1172.24        0.213319 
        1173.32        0.218179 
        1173.72        0.219998 
         1174.4        0.223144 
        1176.56        0.233436 
        1177.86         0.23991 
         1179.4        0.247771 
        1180.94        0.255882 
        1182.86        0.266323 
        1184.01        0.272773 
        1185.17        0.279359 
        1185.56        0.281607 
        1187.48        0.292943 
         1189.4        0.304685 
        1191.32        0.316848 
        1192.09        0.321803 
        1193.24        0.329456 
        1194.03        0.334771 
         1194.4        0.337272 
        1196.72         0.35341 
         1199.4        0.372976 
        1199.77        0.375734 
        1202.09        0.393528 
         1204.4        0.412086 
        1206.72        0.431422 
        1208.67        0.448318 
        1209.04        0.451576 
         1209.4        0.454855 
        1209.96        0.459816 
        1210.14        0.461481 
        1210.17        0.461717 
        1210.33        0.463149 
        1210.69        0.466505 
        1211.43        0.473284 
        1211.51        0.474016 
        1212.69        0.485112 
        1213.28        0.490745 
        1213.88        0.496444 
        1214.17        0.499315 
        1214.47        0.502206 
        1214.62        0.503654 
        1214.76        0.505108 
        1214.84        0.505834 
        1214.91        0.506563 
        1214.95        0.506931 
        1214.98        0.507295 
           1215        0.507483 
        1215.02        0.507659 
        1215.04        0.507838 
        1215.06        0.508027 
        1215.08        0.508203 
         1215.1        0.508382 
        1215.11         0.50857 
        1215.13        0.508746 
        1215.17        0.509114 
        1215.24        0.509846 
        1215.39        0.511316 
        1215.64        0.513767 
        1215.69        0.514266 
        1215.74        0.514766 
         1215.8        0.515347 
        1215.84        0.515768 
        1216.04        0.517775 
        1216.06        0.518049 
        1216.28        0.520213 
        1216.76        0.525123 
        1217.46        0.532286 
        1218.32        0.541136 
        1218.86        0.546879 
        1218.98        0.548192 
        1219.41        0.552675 
        1219.83        0.557196 
         1220.1        0.560159 
        1220.67        0.566332 
        1222.36        0.585012 
        1224.62         0.61082 
        1226.88        0.637583 
        1228.86        0.661921 
        1229.13        0.665367 
        1229.41        0.668826 
        1229.74        0.673017 
        1229.96        0.675804 
        1230.18        0.678603 
        1230.62        0.684236 
        1231.49        0.695618 
        1231.69        0.698269 
        1233.24        0.718906 
        1234.79        0.740118 
        1236.38        0.762399 
        1237.89        0.784245 
        1239.41        0.806654 
        1240.47        0.822673 
        1242.44         0.85325 
        1244.41        0.884867 
        1247.29        0.933022 
        1248.35        0.951328 
        1248.65        0.956568 
        1249.41        0.969964 
        1251.53         1.00824 
        1254.41          1.0624 
        1255.17         1.07712 
        1257.29         1.11915 
        1259.41         1.16265 
        1261.53         1.20766 
        1262.89         1.23733 
        1263.65         1.25416 
        1264.41         1.27125 
        1265.93         1.30609 
        1268.53         1.36779 
        1268.97         1.37849 
        1269.41         1.38926 
        1269.69         1.39615 
         1270.3         1.41102 
        1272.06         1.45546 
        1274.41          1.5172 
        1276.78         1.58117 
        1278.86         1.63966 
        1279.14         1.64767 
        1279.42         1.65573 
        1279.98         1.67194 
         1281.1         1.70477 
        1282.26         1.73937 
        1283.34         1.77215 
        1283.74         1.78442 
        1284.42         1.80547 
        1286.58         1.87365 
        1286.92         1.88458 
        1289.42          1.9669 
        1291.92         2.05243 
        1294.42         2.14125 
        1296.92         2.23346 
        1299.42         2.32921 
        1301.92         2.42861 
        1304.42         2.53174 
        1306.92         2.63878 
        1309.42         2.74999 
        1311.92         2.86537 
        1314.42         2.98509 
        1316.92         3.10927 
        1319.42         3.23801 
        1321.92          3.3714 
        1324.42         3.50963 
        1326.92         3.65286 
        1329.42         3.80126 
        1331.92         3.95511 
        1334.42         4.11454 
        1336.92         4.27976 
        1339.42          4.4511 
        1341.92         4.62854 
        1344.42         4.81223 
        1346.92         5.00208 
        1349.42         5.19858 
        1351.92         5.40169 
        1354.42         5.61167 
        1356.92         5.82888 
        1359.42         6.05284 
        1361.92         6.28611 
        1364.42         6.52873 
        1365.19         6.60473 
        1369.42         7.03707 
        1373.65         7.49396 
        1376.35         7.79784 
        1377.88         7.97622 
        1379.42         8.15777 
        1380.57         8.29616 
         1382.5         8.53187 
        1384.42         8.77353 
        1387.12         9.12287 
        1388.27         9.27584 
        1389.03         9.37803 
        1389.42         9.43109 
        1391.73         9.74852 
        1394.42         10.1327 
        1399.42         10.8838 
        1404.42         11.6833 
        1409.42         12.5337 
        1414.42         13.4359 
        1419.42         14.3915 
        1424.42         15.4085 
        1429.42         16.4903 
        1434.42         17.6438 
        1439.42         18.8708 
        1444.42         20.1739 
        1449.42         21.5511 
        1454.42         23.0041 
        1459.42         24.5414 
        1464.42          26.164 
        1465.96         26.6806 
        1469.42         27.8771 
        1472.88         29.1243 
        1473.27         29.2664 
        1474.42          29.697 
        1476.35         30.4271 
        1479.42         31.6324 
        1484.42          33.681 
        1489.42         35.8462 
        1494.42         38.1311 
        1499.42         40.5366 
        1504.42         43.0678 
        1509.42         45.7331 
        1514.42         48.5404 
        1519.42         51.4935 
        1524.42         54.5937 
        1529.42         57.8433 
        1534.42         61.2683 
        1539.42         64.8921 
        1544.42         68.7091 
        1549.42         72.7257 
        1554.42         76.9558 
        1559.42         81.3955 
        1564.42         86.0394 
        1566.72         88.2539 
        1569.42          90.897 
        1570.19          91.667 
        1572.11         93.6116 
        1574.41         95.9895 
         1574.8         96.3913 
        1579.41         101.321 
        1584.41         106.905 
        1589.41         112.756 
        1594.41         118.884 
        1599.41         125.299 
        1604.41         132.011 
        1609.41         139.046 
        1614.41         146.401 
        1619.41         154.106 
        1624.41          162.14 
        1629.41         170.497 
        1634.41         179.089 
        1639.41         187.808 
        1644.41          196.54 
        1649.41         205.243 
        1654.41         213.844 
        1659.41         222.496 
        1664.41         231.193 
        1665.56         233.226 
         1669.4          240.06 
        1670.17         241.449 
        1673.25         247.061 
         1674.4         249.214 
        1676.33         252.864 
         1679.4         258.804 
         1684.4         268.777 
         1689.4         279.098 
         1694.4         289.809 
         1699.4         301.116 
         1704.4         313.217 
         1709.4          326.11 
         1714.4         339.864 
         1719.4         354.381 
         1724.4         369.206 
         1729.4         385.015 
         1734.4         401.612 
         1739.4         418.862 
         1744.4         436.948 
        1749.39         455.949 
        1754.39         475.709 
        1759.39         496.227 
        1764.39         517.502 
        1767.08         529.277 
        1767.85         532.688 
        1769.39         539.556 
         1771.7         549.986 
        1774.39         562.355 
        1775.55         567.727 
        1779.39          585.96 
        1784.39         610.323 
        1789.39         635.532 
        1794.39         661.541 
        1799.39         688.559 
        1804.39          716.61 
        1809.39         745.651 
        1814.38         775.722 
        1819.38         806.833 
           1824         836.493 
        1824.38         839.009 
        1829.38         872.263 
        1834.77         909.331 
        1840.15         947.727 
        1845.54         987.481 
        1850.92         1028.61 
         1856.3          1070.9 
        1861.69         1114.74 
           1864         1134.07 
        1867.07         1160.23 
        1870.14         1186.91 
        1876.29         1241.88 
        1882.44         1299.03 
        1888.59         1358.43 
        1894.73         1420.13 
        1900.88         1484.17 
        1906.98         1550.12 
        1907.03         1550.63 
        1913.17         1619.61 
        1919.37         1691.74 
        1925.56         1766.39 
        1931.76         1843.86 
        1937.95         1925.06 
        1944.14         2008.29 
        1944.47         2012.79 
        1950.34         2095.93 
        1956.53          2184.7 
        1962.56         2274.08 
        1968.59         2366.58 
        1974.62         2462.23 
        1980.65         2561.06 
        1986.68         2663.06 
        1992.71         2768.45 
        2004.77         2989.64 
        2015.84          3205.3 
        2016.83         3225.13 
        2017.81         3245.08 
        2019.79         3285.29 
        2023.73         3367.28 
        2031.63         3536.08 
        2039.52         3710.75 
        2047.42         3892.37 
        2055.31         4081.24 
        2059.38         4181.43 
         2063.2          4277.5 
        2067.03         4375.36 
        2074.69         4576.86 
        2082.34         4785.93 
        2089.99         5001.79 
        2094.36         5128.12 
        2097.65         5225.29 
         2105.3         5456.92 
        2116.25          5802.9 
         2127.2         6166.51 
        2138.15         6550.06 
         2149.1         6950.71 
        2154.62         7159.97 
        2160.05          7370.4 
        2165.47         7585.78 
        2176.33         8032.39 
        2181.36         8246.71 
        2187.18         8499.64 
         2189.7         8611.11 
        2198.03          8988.1 
        2206.36         9378.16 
         2214.7         9781.54 
        2231.36         10618.3 
        2232.14         10658.5 
        2248.03         11504.8 
        2263.91         12391.7 
         2279.8         13337.7 
        2295.69         14331.9 
        2310.03         15284.8 
        2311.58         15391.8 
        2313.13         15499.4 
        2316.24         15714.7 
        2322.46         16152.2 
         2334.9           17063 
        2347.34         18033.8 
        2357.19         18833.5 
        2359.77         19047.4 
        2362.35         19266.5 
        2367.51         19719.2 
        2377.84         20651.7 
        2387.69         21575.5 
        2388.16         21620.4 
        2398.48         22653.6 
        2409.27         23798.6 
        2420.07         24996.5 
        2430.86         26292.5 
        2441.65         27664.3 
         2448.7         28594.1 
        2451.59         28985.2 
        2452.45         29100.9 
        2456.19         29616.2 
        2460.79         30299.1 
        2469.99         31706.2 
        2479.19           33174 
        2488.39         34702.3 
        2497.59         36326.5 
        2503.55         37418.6 
        2506.78         38018.9 
        2510.01         38621.5 
        2516.47         39822.8 
        2522.93           40956 
        2529.39         42195.4 
        2535.86         43484.4 
        2542.32         44798.8 
        2548.78         46141.2 
        2551.24         46660.8 
        2555.24         47510.9 
        2559.23         48370.8 
        2567.22         50167.5 
        2583.21         53913.2 
        2599.19         57874.7 
        2615.18         62077.6 
        2631.16         66558.4 
        2636.62           68160 
        2647.14           71372 
        2657.67         74752.6 
        2668.19         78156.2 
        2678.72         81719.4 
        2689.24         85465.5 
        2699.77         89376.4 
        2710.29         93482.5 
        2720.82         97802.2 
        2731.34          102268 
        2741.87          106946 
        2748.67          110067 
        2752.39          111805 
        2756.11          113569 
        2763.55          117214 
        2778.42          124778 
        2793.29          132788 
        2808.16          141219 
        2823.03          149979 
        2837.91          159101 
        2851.01          167446 
        2852.78          168590 
        2854.55          169738 
        2858.08          172166 
        2865.15          177092 
        2879.29          187251 
        2893.43          197833 
        2907.57          208798 
        2918.73          217761 
        2921.71          220230 
        2935.85          232161 
        2952.98          247192 
        2970.11          262314 
        2987.24          277995 
        3004.37          294342 
         3021.5          311301 
        3025.83          315667 
        3038.63          328771 
        3045.02          335447 
        3051.42          342198 
        3057.82          349816 
        3064.21          357551 
        3070.61          365408 
        3077.01          373425 
         3089.8          389831 
         3102.6          406736 
        3115.39          424197 
        3128.18          442280 
         3132.1          447906 
        3140.98          460847 
        3149.86          474035 
        3158.74          488907 
        3167.62          504157 
        3185.38          535645 
        3193.49          550482 
        3203.14          568578 
        3220.89          602900 
        3234.59          630200 
        3241.44          644124 
        3248.29          658198 
        3255.14          669175 
        3261.99          680252 
        3268.84          691427 
        3275.69          702708 
        3282.54          714084 
        3296.24          737140 
        3300.56          744479 
        3323.64          784562 
        3346.73          825802 
        3369.82          869728 
         3392.9          915102 
        3415.99          961557 
        3432.99          996457 
        3439.08       1.0091e+6 
        3445.17       1.0218e+6 
        3457.34      1.04765e+6 
         3481.7      1.10024e+6 
        3517.23      1.17916e+6 
        3530.41      1.20914e+6 
         3543.6      1.23946e+6 
        3548.67      1.25137e+6 
        3569.98      1.30203e+6 
        3591.28      1.35378e+6 
        3628.83      1.44776e+6 
        3633.89      1.46061e+6 
        3635.88      1.46566e+6 
        3638.96       1.4735e+6 
        3642.04      1.48155e+6 
        3643.12      1.48437e+6 
        3645.12      1.48961e+6 
        3645.28      1.49003e+6 
        3647.12      1.49485e+6 
        3648.96      1.49968e+6 
        3651.32      1.50588e+6 
        3652.64      1.50934e+6 
        3653.96      1.51282e+6 
        3654.24      1.51355e+6 
         3656.6      1.51976e+6 
        3658.96      1.52598e+6 
         3663.4       1.5377e+6 
        3663.68      1.53844e+6 
        3663.96      1.53918e+6 
        3664.52      1.54066e+6 
        3665.64      1.54362e+6 
         3666.8      1.54669e+6 
        3667.88      1.54955e+6 
        3668.28      1.55061e+6 
        3668.95      1.55241e+6 
        3671.11      1.55814e+6 
        3673.95      1.56567e+6 
         3675.2      1.56899e+6 
        3678.95      1.57896e+6 
        3682.58      1.58862e+6 
         3682.7      1.58894e+6 
        3682.82      1.58926e+6 
        3683.06      1.58989e+6 
        3683.18      1.59021e+6 
        3683.54      1.59117e+6 
         3684.5      1.59373e+6 
        3684.82      1.59458e+6 
        3685.83      1.59726e+6 
        3686.83      1.59994e+6 
        3688.74      1.60504e+6 
        3688.85      1.60531e+6 
        3688.94      1.60556e+6 
        3688.95      1.60559e+6 
        3689.16      1.60615e+6 
        3689.38      1.60673e+6 
        3689.73      1.60767e+6 
        3689.82       1.6079e+6 
         3689.9      1.60813e+6 
        3690.07      1.60858e+6 
        3690.41      1.60949e+6 
        3690.62      1.61006e+6 
        3691.09       1.6113e+6 
        3691.47      1.61232e+6 
        3691.55      1.61254e+6 
         3691.7      1.61294e+6 
        3692.48      1.61503e+6 
         3693.5      1.61774e+6 
         3694.4      1.62015e+6 
         3695.3      1.62256e+6 
        3695.81      1.62392e+6 
         3696.2      1.62496e+6 
        3696.53      1.62584e+6 
        3696.59      1.62601e+6 
        3696.65      1.62617e+6 
        3696.67      1.62622e+6 
        3696.76      1.62647e+6 
        3696.77      1.62649e+6 
        3696.87      1.62677e+6 
        3696.93      1.62692e+6 
        3696.99      1.62707e+6 
        3697.04      1.62722e+6 
         3697.1      1.62737e+6 
        3697.15      1.62752e+6 
        3697.21      1.62767e+6 
        3697.26      1.62782e+6 
        3697.32      1.62798e+6 
        3697.35      1.62804e+6 
        3697.41       1.6282e+6 
        3697.43      1.62827e+6 
        3697.46      1.62835e+6 
         3697.5      1.62845e+6 
        3697.53      1.62853e+6 
        3697.58      1.62866e+6 
        3697.66      1.62888e+6 
        3697.82      1.62931e+6 
        3698.11      1.63008e+6 
        3698.43      1.63094e+6 
        3698.69      1.63164e+6 
        3698.89      1.63217e+6 
        3698.95      1.63233e+6 
        3699.01      1.63249e+6 
        3699.13      1.63282e+6 
        3699.37      1.63347e+6 
        3699.53       1.6339e+6 
        3699.86      1.63478e+6 
        3699.88      1.63483e+6 
        3700.19      1.63566e+6 
         3700.2      1.63568e+6 
         3700.5       1.6365e+6 
        3700.81      1.63732e+6 
        3700.84      1.63741e+6 
        3701.09      1.63808e+6 
        3701.42      1.63895e+6 
        3701.99       1.6405e+6 
        3702.44      1.64171e+6 
        3702.89      1.64291e+6 
        3703.12      1.64352e+6 
        3703.35      1.64412e+6 
        3703.46      1.64443e+6 
        3703.57      1.64473e+6 
        3703.63      1.64488e+6 
        3703.68      1.64503e+6 
        3703.74      1.64518e+6 
         3703.8      1.64533e+6 
        3703.85      1.64548e+6 
        3703.91      1.64564e+6 
        3703.97      1.64579e+6 
        3704.02      1.64594e+6 
        3704.09      1.64611e+6 
        3704.13      1.64624e+6 
        3704.18      1.64637e+6 
        3704.21      1.64644e+6 
        3704.22      1.64647e+6 
        3704.28      1.64664e+6 
        3704.31      1.64672e+6 
        3704.36      1.64684e+6 
        3704.41      1.64697e+6 
        3704.49      1.64719e+6 
        3704.57       1.6474e+6 
        3704.59      1.64746e+6 
        3704.69      1.64773e+6 
        3704.81      1.64805e+6 
        3705.05      1.64871e+6 
        3705.37      1.64956e+6 
        3705.54      1.65002e+6 
        3705.71      1.65047e+6 
        3706.05      1.65139e+6 
        3706.07      1.65144e+6 
        3706.73      1.65321e+6 
        3707.27      1.65465e+6 
        3707.39      1.65498e+6 
        3707.51      1.65531e+6 
        3707.61      1.65558e+6 
        3707.76      1.65598e+6 
        3707.91      1.65638e+6 
        3708.12      1.65693e+6 
        3708.21      1.65718e+6 
         3708.3      1.65743e+6 
        3708.49      1.65792e+6 
        3708.76      1.65866e+6 
        3708.85      1.65891e+6 
        3708.87      1.65896e+6 
        3708.95      1.65915e+6 
        3709.13      1.65964e+6 
        3709.21      1.65985e+6 
        3709.49      1.66062e+6 
        3710.11      1.66228e+6 
         3710.9      1.66442e+6 
        3711.01      1.66471e+6 
        3711.12        1.665e+6 
        3711.21      1.66525e+6 
        3711.32      1.66555e+6 
        3711.34      1.66559e+6 
        3711.46      1.66592e+6 
        3711.52      1.66607e+6 
        3711.58      1.66623e+6 
         3711.6       1.6663e+6 
        3711.69      1.66653e+6 
        3711.75      1.66668e+6 
         3711.8      1.66683e+6 
        3711.86      1.66699e+6 
        3711.91      1.66714e+6 
        3711.97      1.66729e+6 
        3712.03      1.66744e+6 
        3712.08      1.66759e+6 
        3712.14      1.66774e+6 
         3712.2      1.66791e+6 
        3712.25      1.66804e+6 
         3712.3      1.66818e+6 
        3712.33      1.66825e+6 
        3712.33      1.66826e+6 
         3712.4      1.66845e+6 
        3712.48      1.66865e+6 
        3712.63      1.66907e+6 
        3712.93      1.66987e+6 
        3713.23      1.67067e+6 
        3713.53      1.67148e+6 
        3713.83       1.6723e+6 
        3714.24       1.6734e+6 
        3714.42      1.67388e+6 
        3714.44      1.67393e+6 
        3714.64      1.67446e+6 
        3715.03      1.67552e+6 
        3715.64      1.67716e+6 
        3716.76      1.68019e+6 
        3716.79      1.68026e+6 
        3716.86      1.68045e+6 
        3716.95       1.6807e+6 
        3717.14      1.68122e+6 
        3717.52      1.68224e+6 
        3718.19      1.68403e+6 
        3718.26      1.68422e+6 
        3718.33      1.68441e+6 
        3718.47      1.68479e+6 
        3718.56      1.68502e+6 
        3718.63      1.68522e+6 
        3718.73       1.6855e+6 
        3718.75      1.68554e+6 
        3718.94      1.68606e+6 
        3719.25       1.6869e+6 
        3719.47      1.68749e+6 
        3719.77       1.6883e+6 
        3720.07       1.6891e+6 
        3720.36      1.68979e+6 
        3720.52      1.69019e+6 
        3720.67      1.69054e+6 
        3720.98      1.69129e+6 
         3721.2       1.6918e+6 
        3721.43      1.69231e+6 
        3721.54      1.69257e+6 
        3721.66      1.69283e+6 
        3721.71      1.69295e+6 
        3721.77      1.69308e+6 
        3721.82      1.69321e+6 
        3721.88      1.69334e+6 
        3721.94      1.69347e+6 
        3721.99       1.6936e+6 
        3722.05      1.69372e+6 
        3722.11      1.69386e+6 
        3722.22      1.69411e+6 
         3722.4      1.69451e+6 
        3722.45      1.69462e+6 
         3722.5      1.69474e+6 
         3722.6      1.69496e+6 
         3722.7      1.69518e+6 
         3722.8      1.69542e+6 
         3722.9      1.69565e+6 
        3723.11      1.69612e+6 
        3723.23       1.6964e+6 
        3723.52      1.69705e+6 
        3723.81      1.69771e+6 
        3724.38      1.69901e+6 
        3725.45      1.70144e+6 
        3725.53      1.70163e+6 
        3725.62      1.70182e+6 
        3725.75      1.70212e+6 
        3725.78      1.70219e+6 
        3725.92       1.7025e+6 
        3725.93      1.70253e+6 
        3726.11      1.70295e+6 
        3726.48      1.70377e+6 
        3727.04      1.70505e+6 
        3727.37      1.70579e+6 
        3728.15      1.70757e+6 
        3728.64      1.70868e+6 
        3728.94      1.70936e+6 
        3729.01      1.70952e+6 
        3729.24      1.71004e+6 
        3729.84      1.71141e+6 
        3730.68      1.71331e+6 
        3732.19      1.71675e+6 
        3732.34      1.71709e+6 
        3732.49      1.71743e+6 
        3732.79      1.71812e+6 
        3733.35      1.71938e+6 
        3733.38      1.71946e+6 
        3733.39      1.71948e+6 
         3733.4       1.7195e+6 
        3733.45      1.71961e+6 
        3733.55      1.71984e+6 
        3733.65      1.72006e+6 
        3733.75       1.7203e+6 
        3733.86      1.72053e+6 
           3734      1.72087e+6 
        3734.04      1.72096e+6 
        3734.06        1.721e+6 
        3734.08      1.72105e+6 
        3734.13      1.72116e+6 
        3734.14      1.72117e+6 
        3734.16      1.72123e+6 
         3734.2      1.72131e+6 
        3734.25      1.72144e+6 
        3734.31      1.72156e+6 
        3734.37      1.72169e+6 
        3734.43      1.72182e+6 
        3734.48      1.72195e+6 
        3734.54      1.72208e+6 
        3734.65      1.72234e+6 
        3734.83      1.72274e+6 
        3734.88      1.72285e+6 
        3734.93      1.72297e+6 
        3735.03      1.72319e+6 
        3735.12      1.72341e+6 
        3735.17      1.72352e+6 
        3735.23      1.72365e+6 
        3735.33      1.72389e+6 
        3735.39      1.72402e+6 
        3735.49      1.72425e+6 
        3735.82      1.72499e+6 
           3736       1.7254e+6 
        3736.24      1.72596e+6 
        3736.49      1.72651e+6 
        3736.97      1.72761e+6 
        3737.83      1.72956e+6 
        3737.94      1.72982e+6 
        3738.06      1.73009e+6 
        3738.29      1.73062e+6 
        3738.59      1.73128e+6 
        3738.76      1.73168e+6 
        3738.94      1.73208e+6 
        3739.29      1.73288e+6 
         3739.5      1.73336e+6 
        3739.99      1.73447e+6 
        3740.48      1.73558e+6 
        3741.21      1.73726e+6 
        3741.45      1.73781e+6 
        3741.69      1.73835e+6 
        3742.09      1.73926e+6 
        3742.18      1.73945e+6 
        3742.26      1.73964e+6 
        3742.43      1.74002e+6 
        3742.67      1.74058e+6 
        3742.73      1.74072e+6 
        3742.76      1.74079e+6 
         3742.8      1.74086e+6 
        3742.86      1.74102e+6 
        3742.92      1.74114e+6 
        3743.17      1.74171e+6 
        3743.66      1.74283e+6 
        3744.62      1.74501e+6 
        3744.65      1.74509e+6 
        3746.45      1.74917e+6 
        3747.61      1.75181e+6 
        3748.27      1.75333e+6 
        3748.84      1.75464e+6 
         3748.9      1.75477e+6 
        3748.93      1.75484e+6 
        3748.96      1.75491e+6 
        3748.99      1.75496e+6 
        3749.08      1.75518e+6 
        3749.12      1.75526e+6 
        3749.18      1.75541e+6 
        3749.38      1.75585e+6 
        3749.41      1.75592e+6 
        3749.64      1.75645e+6 
        3749.75      1.75671e+6 
        3749.87      1.75697e+6 
        3749.92       1.7571e+6 
        3749.98      1.75723e+6 
        3750.04      1.75736e+6 
        3750.09      1.75749e+6 
        3750.15      1.75762e+6 
        3750.21      1.75775e+6 
        3750.27      1.75788e+6 
        3750.32      1.75801e+6 
        3750.44      1.75826e+6 
        3750.62      1.75867e+6 
        3750.66      1.75879e+6 
        3750.72       1.7589e+6 
        3750.82      1.75913e+6 
        3750.91      1.75935e+6 
        3751.02      1.75958e+6 
        3751.12      1.75983e+6 
        3751.33      1.76031e+6 
        3751.48      1.76065e+6 
        3751.76      1.76128e+6 
        3752.03      1.76191e+6 
        3752.59      1.76317e+6 
        3753.53      1.76532e+6 
         3753.7       1.7657e+6 
        3753.78      1.76589e+6 
        3753.86      1.76607e+6 
        3754.18      1.76681e+6 
        3754.27      1.76701e+6 
        3754.84       1.7683e+6 
        3755.89       1.7707e+6 
        3756.09      1.77115e+6 
        3757.47      1.77431e+6 
        3757.51      1.77439e+6 
        3757.55      1.77448e+6 
        3758.93      1.77764e+6 
        3760.39      1.78097e+6 
        3761.66      1.78386e+6 
        3762.72      1.78628e+6 
        3763.23      1.78746e+6 
        3764.81      1.79106e+6 
        3765.07      1.79164e+6 
         3766.9      1.79584e+6 
        3768.55       1.7996e+6 
        3768.74      1.80003e+6 
        3768.93      1.80047e+6 
        3768.97      1.80057e+6 
         3769.2      1.80108e+6 
        3769.31      1.80135e+6 
        3769.66      1.80213e+6 
        3769.89      1.80266e+6 
        3770.11      1.80318e+6 
        3770.23      1.80344e+6 
        3770.34       1.8037e+6 
         3770.4      1.80384e+6 
        3770.46      1.80397e+6 
        3770.51       1.8041e+6 
        3770.57      1.80423e+6 
        3770.63      1.80436e+6 
        3770.69      1.80449e+6 
        3770.74      1.80462e+6 
         3770.8      1.80475e+6 
        3770.87       1.8049e+6 
        3770.92      1.80501e+6 
        3770.97      1.80513e+6 
        3770.99      1.80518e+6 
           3771      1.80521e+6 
        3771.07      1.80536e+6 
        3771.15      1.80554e+6 
         3771.3       1.8059e+6 
         3771.6      1.80659e+6 
        3771.89      1.80724e+6 
        3771.95      1.80738e+6 
        3772.21      1.80796e+6 
        3772.52      1.80869e+6 
        3773.15      1.81013e+6 
        3774.36      1.81288e+6 
         3775.5      1.81549e+6 
        3776.76      1.81839e+6 
        3777.13      1.81922e+6 
        3778.03      1.82128e+6 
         3778.4      1.82213e+6 
        3778.93      1.82333e+6 
        3780.73      1.82745e+6 
        3781.84      1.83001e+6 
        3783.05      1.83278e+6 
        3783.16      1.83302e+6 
        3784.26      1.83554e+6 
        3785.37      1.83807e+6 
        3786.22      1.84003e+6 
         3787.4      1.84273e+6 
        3787.57      1.84313e+6 
        3788.92      1.84622e+6 
        3790.45       1.8497e+6 
        3792.84      1.85519e+6 
        3793.49      1.85668e+6 
        3794.14      1.85817e+6 
         3794.9       1.8599e+6 
        3795.07      1.86028e+6 
        3795.44      1.86115e+6 
        3795.99       1.8624e+6 
        3796.45      1.86346e+6 
        3796.92      1.86452e+6 
        3797.15      1.86505e+6 
        3797.38      1.86558e+6 
        3797.49      1.86585e+6 
        3797.61      1.86611e+6 
        3797.67      1.86624e+6 
        3797.72      1.86637e+6 
        3797.78      1.86651e+6 
        3797.84      1.86664e+6 
         3797.9      1.86677e+6 
        3797.96       1.8669e+6 
        3798.01      1.86704e+6 
        3798.07      1.86717e+6 
        3798.19      1.86743e+6 
        3798.37      1.86785e+6 
        3798.42      1.86796e+6 
        3798.47      1.86808e+6 
        3798.57      1.86831e+6 
        3798.66      1.86851e+6 
        3798.75      1.86873e+6 
        3798.77      1.86877e+6 
        3798.84      1.86893e+6 
        3798.88      1.86902e+6 
        3798.92      1.86912e+6 
        3799.05       1.8694e+6 
        3799.09       1.8695e+6 
        3799.43      1.87027e+6 
        3799.47      1.87038e+6 
         3799.8      1.87114e+6 
        3800.56      1.87288e+6 
        3801.65      1.87538e+6 
        3802.32      1.87691e+6 
        3803.83      1.88038e+6 
        3805.35      1.88385e+6 
        3807.84      1.88956e+6 
        3808.38       1.8908e+6 
        3808.92      1.89204e+6 
           3810      1.89452e+6 
        3811.59      1.89816e+6 
        3812.16      1.89948e+6 
        3812.74      1.90081e+6 
         3813.9      1.90346e+6 
        3815.78      1.90777e+6 
        3816.09       1.9085e+6 
        3816.21      1.90876e+6 
        3816.64      1.90975e+6 
        3817.44      1.91164e+6 
         3817.5      1.91179e+6 
        3818.92      1.91513e+6 
        3820.39      1.91868e+6 
        3822.57      1.92391e+6 
        3823.35      1.92579e+6 
        3823.51      1.92619e+6 
        3824.13      1.92767e+6 
        3825.68      1.93142e+6 
         3826.8      1.93411e+6 
        3827.86      1.93665e+6 
        3828.91      1.93919e+6 
        3830.45       1.9429e+6 
        3831.02      1.94427e+6 
        3831.59      1.94564e+6 
           3832      1.94662e+6 
        3832.53      1.94788e+6 
        3832.73      1.94837e+6 
        3833.46      1.95013e+6 
        3833.93      1.95125e+6 
        3834.39      1.95238e+6 
        3834.63      1.95294e+6 
        3834.86       1.9535e+6 
        3834.97      1.95378e+6 
        3835.09      1.95406e+6 
        3835.15       1.9542e+6 
        3835.21      1.95434e+6 
        3835.27      1.95448e+6 
        3835.33      1.95462e+6 
        3835.38      1.95476e+6 
        3835.44       1.9549e+6 
         3835.5      1.95504e+6 
        3835.56      1.95518e+6 
        3835.63      1.95535e+6 
        3835.68      1.95546e+6 
        3835.73      1.95559e+6 
        3835.74      1.95563e+6 
        3835.77       1.9557e+6 
        3835.83      1.95583e+6 
        3835.91      1.95603e+6 
        3836.07      1.95643e+6 
        3836.38      1.95715e+6 
        3836.65      1.95781e+6 
        3836.98       1.9586e+6 
        3837.03      1.95873e+6 
        3837.31       1.9594e+6 
        3837.97      1.96099e+6 
        3838.65      1.96262e+6 
        3838.91      1.96326e+6 
        3839.18      1.96389e+6 
         3839.7      1.96516e+6 
        3840.76      1.96771e+6 
        3842.75      1.97251e+6 
        3842.83      1.97269e+6 
        3842.87      1.97279e+6 
        3842.91      1.97288e+6 
        3843.07      1.97326e+6 
        3843.38      1.97401e+6 
           3844      1.97551e+6 
        3844.59      1.97693e+6 
        3845.25      1.97852e+6 
        3845.55      1.97923e+6 
        3845.91      1.98011e+6 
        3847.23      1.98328e+6 
        3847.44       1.9838e+6 
        3848.91      1.98733e+6 
        3850.38      1.99086e+6 
        3851.98      1.99471e+6 
        3853.31      1.99792e+6 
        3854.64      2.00113e+6 
         3855.7      2.00368e+6 
         3857.3      2.00754e+6 
        3858.91       2.0114e+6 
        3862.01      2.01886e+6 
        3862.11      2.01911e+6 
        3862.22      2.01936e+6 
        3862.43      2.01987e+6 
        3862.85      2.02088e+6 
        3863.68       2.0229e+6 
        3865.17      2.02647e+6 
        3865.36      2.02694e+6 
        3865.56      2.02741e+6 
        3865.95      2.02834e+6 
        3866.73      2.03022e+6 
        3867.68      2.03249e+6 
        3868.29      2.03397e+6 
         3868.9      2.03545e+6 
        3870.13       2.0384e+6 
        3871.32      2.04127e+6 
        3872.59      2.04431e+6 
        3873.85      2.04734e+6 
        3876.32       2.0533e+6 
        3876.37       2.0534e+6 
        3876.37      2.05341e+6 
        3876.37      2.05342e+6 
        3876.42      2.05354e+6 
        3876.52      2.05378e+6 
        3876.72      2.05426e+6 
        3876.95       2.0548e+6 
        3877.12      2.05522e+6 
        3877.92      2.05714e+6 
         3878.9      2.05949e+6 
        3880.29      2.06283e+6 
        3880.85      2.06419e+6 
        3881.42      2.06554e+6 
        3882.55      2.06825e+6 
         3884.4       2.0727e+6 
         3884.8      2.07367e+6 
        3884.92      2.07396e+6 
         3885.2      2.07464e+6 
        3886.01      2.07657e+6 
        3886.15      2.07691e+6 
         3887.1      2.07918e+6 
        3887.57      2.08032e+6 
        3888.04      2.08145e+6 
        3888.28      2.08202e+6 
        3888.52      2.08259e+6 
        3888.63      2.08287e+6 
        3888.75      2.08316e+6 
        3888.84      2.08338e+6 
        3888.87      2.08343e+6 
        3888.87      2.08344e+6 
         3888.9       2.0835e+6 
        3888.93      2.08358e+6 
        3888.99      2.08372e+6 
        3889.05      2.08386e+6 
        3889.11        2.084e+6 
        3889.17      2.08415e+6 
        3889.22      2.08429e+6 
        3889.29      2.08446e+6 
        3889.34      2.08458e+6 
        3889.39       2.0847e+6 
        3889.41      2.08473e+6 
        3889.45      2.08483e+6 
        3889.49      2.08494e+6 
        3889.58      2.08514e+6 
        3889.75      2.08556e+6 
        3890.05      2.08628e+6 
        3890.32      2.08691e+6 
        3890.47       2.0873e+6 
        3890.66      2.08774e+6 
           3891      2.08856e+6 
        3891.68       2.0902e+6 
        3892.89       2.0931e+6 
        3893.94      2.09562e+6 
        3894.46      2.09686e+6 
        3895.31       2.0989e+6 
        3896.22      2.10109e+6 
        3896.68      2.10219e+6 
        3898.89      2.10751e+6 
         3899.6      2.10921e+6 
        3901.57      2.11393e+6 
        3903.89       2.1195e+6 
        3904.25      2.12035e+6 
        3908.89      2.13148e+6 
        3913.89      2.14345e+6 
        3918.89      2.15638e+6 
        3923.89      2.16945e+6 
        3928.22      2.18075e+6 
        3928.35      2.18111e+6 
        3928.89      2.18251e+6 
        3929.56      2.18426e+6 
         3930.9      2.18777e+6 
        3933.45      2.19442e+6 
        3935.81      2.20057e+6 
        3937.35      2.20458e+6 
        3938.89      2.20858e+6 
        3940.04      2.21158e+6 
        3941.96      2.21659e+6 
        3943.88       2.2216e+6 
        3946.58       2.2286e+6 
        3947.73       2.2316e+6 
        3948.88       2.2346e+6 
        3950.65       2.2392e+6 
        3951.01      2.24014e+6 
        3951.19      2.24058e+6 
        3951.72      2.24197e+6 
        3952.78      2.24473e+6 
        3954.55      2.24933e+6 
        3957.31      2.25647e+6 
        3958.09      2.25851e+6 
        3958.62      2.25989e+6 
        3958.88      2.26055e+6 
        3960.45      2.26463e+6 
        3962.28      2.26937e+6 
        3965.74      2.27831e+6 
        3965.94      2.27884e+6 
        3966.15      2.27937e+6 
        3966.56      2.28043e+6 
        3966.68      2.28073e+6 
        3967.28       2.2823e+6 
        3967.38      2.28255e+6 
        3968.08      2.28437e+6 
        3968.71      2.28599e+6 
        3968.88      2.28643e+6 
        3969.05      2.28686e+6 
        3969.23      2.28735e+6 
        3969.29      2.28748e+6 
        3969.38      2.28773e+6 
        3969.53      2.28811e+6 
        3969.65      2.28841e+6 
        3969.77      2.28873e+6 
        3969.83      2.28888e+6 
        3969.89      2.28903e+6 
        3969.95      2.28918e+6 
        3970.01      2.28934e+6 
        3970.07       2.2895e+6 
        3970.13      2.28965e+6 
        3970.19      2.28981e+6 
        3970.25      2.28997e+6 
        3970.32      2.29016e+6 
        3970.37      2.29028e+6 
        3970.42      2.29042e+6 
        3970.43      2.29044e+6 
        3970.49       2.2906e+6 
        3970.52      2.29068e+6 
        3970.61      2.29091e+6 
         3970.8      2.29138e+6 
         3971.1      2.29216e+6 
        3971.33      2.29278e+6 
        3971.59      2.29344e+6 
         3971.7      2.29372e+6 
        3972.06      2.29466e+6 
        3972.79      2.29655e+6 
        3973.99      2.29966e+6 
        3974.94      2.30208e+6 
         3976.4      2.30586e+6 
        3976.84      2.30701e+6 
        3977.86      2.30963e+6 
        3978.87      2.31225e+6 
        3979.58      2.31406e+6 
         3980.9      2.31748e+6 
        3982.23       2.3209e+6 
        3984.18      2.32591e+6 
        3984.88      2.32773e+6 
        3985.12      2.32833e+6 
        3985.59      2.32954e+6 
        3986.99      2.33316e+6 
        3988.87      2.33798e+6 
        3991.38      2.34442e+6 
        3992.62      2.34762e+6 
        3993.85      2.35078e+6 
        3993.87      2.35082e+6 
        3996.36      2.35721e+6 
        3998.87      2.36364e+6 
        4003.87      2.37643e+6 
        4008.87       2.3892e+6 
        4013.86      2.40215e+6 
        4018.86      2.41536e+6 
        4023.86      2.42855e+6 
        4025.34      2.43243e+6 
        4028.86       2.4417e+6 
        4032.38      2.45094e+6 
        4032.95      2.45242e+6 
        4033.86      2.45482e+6 
         4035.9      2.46018e+6 
        4038.86      2.46792e+6 
        4043.86      2.48097e+6 
        4048.86      2.49398e+6 
        4053.86      2.50697e+6 
        4058.85      2.51993e+6 
        4063.85      2.53286e+6 
        4068.85      2.54575e+6 
        4073.85      2.55861e+6 
        4075.42      2.56264e+6 
        4078.85      2.57143e+6 
        4082.28      2.58021e+6 
        4082.56      2.58093e+6 
           4084      2.58462e+6 
         4085.7      2.58896e+6 
        4088.84      2.59698e+6 
         4089.7      2.59914e+6 
        4093.69      2.60929e+6 
        4096.52      2.61647e+6 
        4097.68      2.61942e+6 
        4098.01      2.62026e+6 
        4098.68      2.62195e+6 
        4098.84      2.62237e+6 
        4099.68      2.62447e+6 
        4100.17      2.62573e+6 
        4100.67      2.62699e+6 
        4100.92      2.62762e+6 
        4101.17      2.62824e+6 
         4101.3      2.62855e+6 
        4101.42      2.62887e+6 
        4101.48      2.62902e+6 
        4101.55      2.62917e+6 
        4101.61      2.62932e+6 
        4101.67      2.62948e+6 
        4101.73      2.62963e+6 
         4101.8      2.62979e+6 
        4101.86      2.62996e+6 
        4101.92      2.63012e+6 
        4102.05      2.63045e+6 
         4102.3      2.63109e+6 
        4102.74      2.63223e+6 
        4102.79      2.63235e+6 
        4102.85      2.63248e+6 
        4102.94      2.63274e+6 
        4103.15      2.63325e+6 
         4103.3      2.63363e+6 
        4103.55      2.63426e+6 
        4103.79      2.63489e+6 
        4104.29      2.63615e+6 
        4104.78       2.6374e+6 
        4105.29      2.63867e+6 
        4105.79      2.63994e+6 
        4106.79      2.64247e+6 
        4108.68      2.64723e+6 
        4108.76      2.64744e+6 
         4108.8      2.64754e+6 
        4108.84      2.64764e+6 
        4108.86      2.64769e+6 
           4109      2.64807e+6 
        4109.32      2.64893e+6 
        4109.78      2.65017e+6 
         4110.7      2.65265e+6 
        4111.32      2.65431e+6 
        4112.55      2.65761e+6 
        4113.77      2.66091e+6 
        4114.69      2.66337e+6 
        4116.23      2.66751e+6 
        4116.69      2.66876e+6 
        4117.77      2.67164e+6 
        4118.13      2.67261e+6 
        4118.84      2.67452e+6 
        4120.98      2.68027e+6 
        4123.84      2.68792e+6 
        4126.14      2.69409e+6 
        4128.84      2.70128e+6 
         4129.6      2.70334e+6 
        4131.53      2.70846e+6 
        4133.83       2.7146e+6 
        4134.22      2.71562e+6 
        4138.83      2.72786e+6 
        4143.83      2.74108e+6 
        4148.83      2.75425e+6 
        4153.83      2.76737e+6 
        4158.83      2.78044e+6 
        4163.83      2.79345e+6 
        4168.82      2.80642e+6 
        4173.82      2.81933e+6 
        4178.82      2.83219e+6 
        4183.82        2.845e+6 
        4188.82       2.8578e+6 
        4193.82      2.87058e+6 
        4198.82      2.88329e+6 
        4203.81      2.89595e+6 
        4208.81      2.90873e+6 
        4213.81      2.92157e+6 
        4216.52      2.92851e+6 
        4217.24      2.93035e+6 
        4218.81      2.93436e+6 
         4221.1      2.94018e+6 
        4223.81      2.94707e+6 
        4224.95      2.94997e+6 
        4228.81      2.95971e+6 
        4233.81      2.97227e+6 
        4238.81      2.98477e+6 
        4243.81      2.99718e+6 
         4248.8      3.00953e+6 
         4253.8      3.02179e+6 
         4258.8      3.03398e+6 
         4263.8      3.04609e+6 
         4268.8      3.05812e+6 
         4273.8      3.07008e+6 
         4278.8      3.08195e+6 
        4283.79      3.09375e+6 
        4288.79      3.10547e+6 
        4293.79      3.11711e+6 
        4298.79      3.12867e+6 
        4303.79      3.14009e+6 
        4308.79      3.15102e+6 
        4313.79      3.16189e+6 
        4314.07      3.16252e+6 
        4318.78      3.17269e+6 
        4320.85      3.17712e+6 
         4323.5      3.18278e+6 
        4326.14      3.18843e+6 
        4326.48      3.18916e+6 
        4328.78      3.19406e+6 
        4330.23      3.19714e+6 
        4331.09      3.19896e+6 
        4331.15      3.19908e+6 
        4331.95      3.20075e+6 
        4333.66      3.20436e+6 
        4334.06      3.20521e+6 
        4336.17      3.20964e+6 
        4337.79      3.21303e+6 
        4338.22      3.21394e+6 
        4338.28      3.21407e+6 
        4338.78      3.21511e+6 
        4338.81      3.21517e+6 
        4339.34      3.21624e+6 
         4339.6       3.2168e+6 
        4339.87      3.21734e+6 
           4340      3.21759e+6 
        4340.13      3.21784e+6 
         4340.2      3.21796e+6 
        4340.26      3.21809e+6 
        4340.33      3.21818e+6 
         4340.4      3.21831e+6 
        4340.46      3.21844e+6 
        4340.53      3.21859e+6 
        4340.59      3.21875e+6 
        4340.66      3.21891e+6 
        4340.79      3.21922e+6 
        4341.01      3.21969e+6 
        4341.06      3.21982e+6 
         4341.1      3.21991e+6 
         4341.2      3.22013e+6 
        4341.23       3.2202e+6 
        4341.24      3.22023e+6 
         4341.4      3.22057e+6 
        4341.58      3.22095e+6 
        4341.94       3.2217e+6 
        4342.64      3.22321e+6 
        4343.33      3.22466e+6 
        4343.57      3.22516e+6 
        4344.04      3.22616e+6 
        4344.75      3.22764e+6 
        4346.17      3.23063e+6 
        4348.58      3.23565e+6 
        4348.78      3.23606e+6 
        4348.98      3.23647e+6 
        4349.37      3.23732e+6 
        4350.17      3.23895e+6 
        4350.32      3.23926e+6 
        4351.76      3.24228e+6 
         4353.2      3.24527e+6 
        4354.73      3.24841e+6 
        4356.08       3.2512e+6 
        4356.08       3.2512e+6 
        4357.43      3.25397e+6 
        4358.77      3.25673e+6 
        4359.17      3.25755e+6 
        4361.47      3.26217e+6 
        4363.77      3.26688e+6 
        4367.98      3.27542e+6 
        4368.38      3.27624e+6 
        4368.52      3.27652e+6 
        4368.77      3.27703e+6 
        4369.56      3.27863e+6 
        4371.15      3.28183e+6 
        4373.77      3.28711e+6 
        4378.77       3.2971e+6 
        4383.77      3.30703e+6 
        4388.77      3.31689e+6 
        4393.77      3.32666e+6 
        4398.76      3.33637e+6 
        4403.76      3.34429e+6 
        4408.76      3.35151e+6 
        4413.76      3.35865e+6 
        4418.76      3.36578e+6 
        4423.76      3.37288e+6 
        4428.76      3.37991e+6 
        4433.75      3.38692e+6 
        4438.75      3.39389e+6 
        4443.75      3.40084e+6 
        4448.75      3.40772e+6 
        4453.75       3.4146e+6 
        4458.75      3.42141e+6 
        4463.75       3.4282e+6 
        4468.74      3.43495e+6 
        4473.74      3.44168e+6 
        4478.74      3.44834e+6 
        4483.74        3.455e+6 
        4488.74       3.4616e+6 
        4493.74      3.46816e+6 
        4498.74       3.4758e+6 
        4503.74      3.48607e+6 
        4508.73      3.49622e+6 
        4513.73      3.50627e+6 
        4514.12      3.50702e+6 
        4518.73       3.5162e+6 
        4523.35      3.52528e+6 
        4527.19      3.53275e+6 
        4527.96      3.53423e+6 
        4528.73      3.53574e+6 
        4530.27      3.53869e+6 
        4532.97      3.54387e+6 
        4533.29      3.54447e+6 
        4533.35       3.5446e+6 
        4533.73      3.54532e+6 
        4534.49      3.54676e+6 
        4536.01      3.54965e+6 
        4538.73      3.55481e+6 
        4543.73       3.5642e+6 
        4548.72      3.57347e+6 
        4553.72      3.58264e+6 
        4558.72      3.59169e+6 
        4563.72      3.60064e+6 
        4568.72       3.6095e+6 
        4573.72      3.61824e+6 
        4578.72      3.62687e+6 
        4583.72      3.63542e+6 
        4588.71      3.64384e+6 
        4593.71      3.65216e+6 
        4596.53      3.65622e+6 
        4596.98      3.65685e+6 
        4598.71      3.65933e+6 
        4600.89      3.66234e+6 
        4603.71      3.66621e+6 
         4604.8      3.66772e+6 
        4608.71      3.67306e+6 
        4613.71      3.67984e+6 
         4618.7      3.68653e+6 
         4623.7      3.69319e+6 
         4628.7      3.69979e+6 
         4633.7      3.70629e+6 
         4638.7      3.71277e+6 
         4643.7      3.71917e+6 
         4648.7      3.72552e+6 
         4653.7       3.7318e+6 
        4658.69      3.73802e+6 
        4663.69      3.74418e+6 
        4668.69      3.75028e+6 
        4673.69      3.75631e+6 
        4678.69      3.76228e+6 
        4683.69      3.76818e+6 
        4688.69      3.77406e+6 
        4693.69      3.77968e+6 
        4698.68      3.78505e+6 
        4703.68      3.79036e+6 
        4708.68      3.79564e+6 
        4713.68      3.80086e+6 
         4715.6      3.80284e+6 
        4718.68      3.80601e+6 
        4720.98       3.8084e+6 
        4721.76      3.80918e+6 
        4723.68      3.81113e+6 
        4724.83      3.81229e+6 
        4728.68      3.81619e+6 
        4733.68      3.82121e+6 
        4738.67      3.82618e+6 
        4743.67      3.83111e+6 
        4748.67      3.83595e+6 
        4753.67      3.84079e+6 
        4758.67      3.84553e+6 
        4763.67      3.85024e+6 
        4768.67      3.85489e+6 
        4773.66      3.85951e+6 
        4778.66      3.86406e+6 
        4783.66      3.86856e+6 
        4788.66      3.87302e+6 
        4793.66      3.87732e+6 
        4798.66      3.88156e+6 
        4803.66      3.88574e+6 
        4808.65      3.88989e+6 
        4813.65      3.89397e+6 
        4818.65      3.89799e+6 
        4823.65      3.90198e+6 
        4828.65      3.90594e+6 
        4833.65      3.90984e+6 
        4834.97      3.91087e+6 
        4838.65       3.9137e+6 
        4839.16      3.91408e+6 
        4842.32       3.9165e+6 
        4845.48      3.91892e+6 
         4845.5      3.91892e+6 
        4847.05      3.92011e+6 
        4848.64       3.9213e+6 
        4851.78      3.92366e+6 
        4854.39      3.92558e+6 
        4856.52      3.92715e+6 
         4858.4      3.92853e+6 
        4858.64      3.92869e+6 
        4858.66      3.92872e+6 
        4858.88      3.92888e+6 
        4859.36      3.92919e+6 
        4859.47      3.92928e+6 
        4860.06      3.92966e+6 
        4860.36      3.92985e+6 
        4860.66      3.93001e+6 
        4860.81      3.93007e+6 
        4860.95       3.9301e+6 
        4861.03      3.93013e+6 
         4861.1       3.9301e+6 
        4861.18      3.93007e+6 
        4861.25      3.93004e+6 
        4861.32      3.93004e+6 
         4861.4      3.93013e+6 
        4861.47      3.93029e+6 
        4861.54      3.93045e+6 
        4861.64       3.9306e+6 
        4861.69      3.93067e+6 
        4861.69       3.9307e+6 
        4861.69       3.9307e+6 
        4861.69       3.9307e+6 
        4861.74      3.93076e+6 
        4861.84      3.93089e+6 
        4861.98      3.93104e+6 
        4861.99      3.93104e+6 
        4862.28      3.93133e+6 
        4862.58      3.93161e+6 
         4862.6      3.93164e+6 
        4863.18      3.93214e+6 
        4863.73      3.93261e+6 
        4863.76      3.93265e+6 
        4864.93      3.93362e+6 
        4866.13      3.93462e+6 
        4868.41      3.93648e+6 
        4868.53      3.93657e+6 
        4868.64      3.93667e+6 
        4868.86      3.93686e+6 
        4869.32      3.93723e+6 
        4869.58      3.93742e+6 
        4870.22      3.93795e+6 
        4870.86      3.93846e+6 
        4872.13      3.93949e+6 
        4874.62      3.94147e+6 
        4874.69      3.94154e+6 
        4874.75       3.9416e+6 
        4874.87      3.94169e+6 
        4875.12      3.94188e+6 
        4875.61      3.94229e+6 
        4876.61      3.94308e+6 
        4878.45      3.94455e+6 
        4878.54      3.94462e+6 
        4878.59      3.94465e+6 
        4878.64      3.94468e+6 
        4878.82      3.94484e+6 
        4879.19      3.94512e+6 
        4879.53       3.9454e+6 
        4879.92      3.94571e+6 
        4880.32      3.94603e+6 
        4880.94      3.94653e+6 
        4881.12      3.94666e+6 
        4882.71      3.94791e+6 
        4884.48       3.9493e+6 
         4887.4      3.95159e+6 
        4888.02      3.95206e+6 
        4888.63      3.95253e+6 
        4889.87      3.95347e+6 
        4891.06      3.95439e+6 
        4892.35      3.95536e+6 
        4893.63      3.95636e+6 
        4893.78      3.95646e+6 
         4896.2      3.95831e+6 
        4898.63      3.96013e+6 
        4903.34      3.96365e+6 
        4903.48      3.96378e+6 
        4903.63      3.96387e+6 
        4903.92      3.96409e+6 
         4904.5      3.96453e+6 
        4905.66      3.96538e+6 
        4907.33      3.96661e+6 
        4907.98      3.96711e+6 
        4908.63      3.96758e+6 
        4909.93      3.96852e+6 
        4911.43      3.96962e+6 
        4912.53      3.97044e+6 
        4913.01      3.97078e+6 
        4913.63      3.97122e+6 
        4915.55      3.97261e+6 
        4915.82       3.9728e+6 
        4918.24      3.97455e+6 
        4918.63      3.97484e+6 
         4921.7      3.97704e+6 
        4923.62      3.97839e+6 
        4925.16      3.97949e+6 
        4928.62      3.98191e+6 
        4933.62      3.98536e+6 
        4938.62      3.98879e+6 
        4943.62      3.99218e+6 
        4948.62      3.99551e+6 
        4953.62      3.99881e+6 
        4958.61      4.00207e+6 
        4963.61      4.00528e+6 
        4968.61      4.00845e+6 
        4973.61      4.01159e+6 
        4978.61       4.0147e+6 
        4983.61      4.01775e+6 
        4988.61      4.02064e+6 
        4993.61       4.0235e+6 
         4998.6      4.02636e+6 
         5003.6      4.02916e+6 
         5008.6      4.03192e+6 
         5013.6      4.03465e+6 
         5018.6      4.03735e+6 
         5023.6      4.04003e+6 
         5028.6       4.0427e+6 
         5033.6       4.0453e+6 
        5038.59      4.04788e+6 
        5043.59      4.05042e+6 
        5048.59      4.05294e+6 
        5053.59      4.05542e+6 
        5058.59      4.05787e+6 
        5063.59      4.06029e+6 
        5068.59      4.06271e+6 
        5073.58      4.06506e+6 
        5078.58      4.06742e+6 
        5083.58      4.06956e+6 
        5088.58       4.0716e+6 
        5093.58      4.07361e+6 
        5098.58      4.07559e+6 
        5103.58      4.07757e+6 
        5108.57      4.07952e+6 
        5113.57      4.08143e+6 
        5118.57      4.08335e+6 
        5123.57       4.0852e+6 
        5128.57      4.08705e+6 
        5133.57      4.08888e+6 
        5138.57       4.0907e+6 
        5143.57      4.09249e+6 
        5148.56      4.09425e+6 
        5153.56      4.09598e+6 
        5158.56      4.09767e+6 
        5163.56      4.09937e+6 
        5168.56      4.10104e+6 
        5173.56       4.1027e+6 
        5178.56      4.10424e+6 
        5183.56      4.10559e+6 
        5188.55      4.10691e+6 
        5193.55      4.10823e+6 
        5198.55      4.10955e+6 
        5203.55      4.11081e+6 
        5208.55      4.11206e+6 
        5213.55      4.11329e+6 
        5218.55      4.11451e+6 
        5223.54      4.11571e+6 
        5228.54       4.1169e+6 
        5233.54      4.11806e+6 
        5238.54      4.11919e+6 
        5243.54      4.12029e+6 
        5248.54      4.12139e+6 
        5253.54      4.12249e+6 
        5258.53      4.12356e+6 
        5263.53       4.1246e+6 
        5268.53      4.12563e+6 
        5273.53      4.12664e+6 
        5278.53       4.1284e+6 
        5283.53      4.13025e+6 
        5288.53      4.13207e+6 
        5293.52      4.13386e+6 
        5298.52      4.13562e+6 
        5303.52      4.13732e+6 
        5308.52      4.13899e+6 
        5313.52      4.14062e+6 
        5318.52      4.14222e+6 
        5323.52      4.14379e+6 
        5328.52      4.14533e+6 
        5333.52      4.14684e+6 
        5338.51      4.14828e+6 
        5343.51      4.14973e+6 
        5348.51      4.15111e+6 
        5353.51      4.15246e+6 
        5358.51      4.15381e+6 
        5363.51      4.15523e+6 
        5368.51      4.15648e+6 
         5373.5      4.15733e+6 
         5378.5      4.15771e+6 
         5383.5      4.15805e+6 
         5388.5       4.1584e+6 
         5393.5      4.15871e+6 
         5398.5      4.15903e+6 
         5403.5      4.15931e+6 
        5408.49      4.15959e+6 
        5413.49      4.15985e+6 
        5418.49      4.16007e+6 
        5423.49      4.16029e+6 
        5428.49      4.16051e+6 
        5433.49      4.16069e+6 
        5438.49      4.16085e+6 
        5443.48      4.16101e+6 
        5448.48      4.16117e+6 
        5453.48      4.16129e+6 
        5458.48      4.16139e+6 
        5463.48      4.16148e+6 
        5468.48      4.16154e+6 
        5473.48      4.16217e+6 
        5478.48      4.16277e+6 
        5483.48      4.16333e+6 
        5488.47       4.1639e+6 
        5493.47      4.16443e+6 
        5498.47      4.16494e+6 
        5503.47      4.16544e+6 
        5508.47      4.16591e+6 
        5513.47      4.16635e+6 
        5518.47      4.16679e+6 
        5523.46       4.1672e+6 
        5528.46      4.16757e+6 
        5533.46      4.16795e+6 
        5538.46       4.1683e+6 
        5543.46      4.16864e+6 
        5548.46      4.16892e+6 
        5553.46      4.16924e+6 
        5558.45      4.16949e+6 
        5563.45      4.16974e+6 
        5568.45      4.16999e+6 
        5573.45      4.17018e+6 
        5578.45      4.17037e+6 
        5583.45      4.17053e+6 
        5588.45      4.17065e+6 
        5593.44      4.17078e+6 
        5598.44       4.1709e+6 
        5603.44      4.17097e+6 
        5608.44      4.17106e+6 
        5613.44      4.17109e+6 
        5618.44      4.17112e+6 
        5623.44      4.17116e+6 
        5628.44      4.17116e+6 
        5633.43      4.17112e+6 
        5638.43      4.17109e+6 
        5643.43      4.17103e+6 
        5648.43      4.17097e+6 
        5653.43      4.17087e+6 
        5658.43      4.17078e+6 
        5663.43      4.17065e+6 
        5668.43      4.17056e+6 
        5673.42      4.17037e+6 
        5673.98      4.17037e+6 
        5678.42      4.17018e+6 
        5682.86      4.17002e+6 
         5686.2      4.16987e+6 
        5687.31      4.16984e+6 
        5687.86       4.1698e+6 
        5688.42      4.16977e+6 
        5690.64      4.16968e+6 
        5693.42      4.16955e+6 
        5698.42       4.1693e+6 
        5703.41      4.16902e+6 
        5704.77      4.16896e+6 
        5708.41      4.16874e+6 
        5708.88       4.1687e+6 
        5712.06      4.16852e+6 
        5713.41      4.16845e+6 
        5715.23      4.16833e+6 
        5718.41      4.16814e+6 
        5723.41      4.16779e+6 
        5728.41      4.16745e+6 
        5733.41       4.1671e+6 
        5738.41      4.16673e+6 
         5743.4      4.16635e+6 
         5748.4      4.16594e+6 
         5753.4       4.1655e+6 
         5758.4      4.16506e+6 
         5763.4      4.16377e+6 
         5768.4       4.1633e+6 
         5773.4       4.1628e+6 
         5778.4       4.1623e+6 
        5783.39      4.16179e+6 
        5788.39      4.16126e+6 
        5793.39      4.16069e+6 
        5798.39      4.16013e+6 
        5803.39      4.15956e+6 
        5808.39      4.15897e+6 
        5813.39      4.15834e+6 
        5818.39      4.15771e+6 
        5823.38      4.15708e+6 
        5828.38      4.15642e+6 
        5833.38      4.15576e+6 
        5838.38      4.15507e+6 
        5843.38      4.15438e+6 
        5848.38      4.15369e+6 
        5853.38      4.15297e+6 
        5858.37      4.15221e+6 
        5863.37      4.15149e+6 
        5868.37      4.15074e+6 
        5873.37      4.14995e+6 
        5878.37      4.14916e+6 
        5883.37      4.14838e+6 
        5888.37      4.14756e+6 
        5893.36      4.14675e+6 
        5898.36       4.1459e+6 
        5903.36      4.14505e+6 
        5908.36       4.1442e+6 
        5913.36      4.14332e+6 
        5918.36      4.14241e+6 
        5923.36       4.1415e+6 
        5928.35      4.14059e+6 
        5933.35      4.13968e+6 
        5938.35      4.13873e+6 
        5943.35      4.13776e+6 
        5948.35      4.13679e+6 
        5953.35      4.13581e+6 
        5958.35      4.13481e+6 
        5963.35      4.13377e+6 
        5968.34      4.13273e+6 
        5973.34       4.1317e+6 
        5978.34      4.13063e+6 
        5983.34      4.12953e+6 
        5988.34      4.12846e+6 
        5993.34      4.12736e+6 
        5998.34      4.12623e+6 
        6003.34      4.12513e+6 
        6008.33      4.12397e+6 
        6013.33      4.12284e+6 
        6018.33      4.12168e+6 
        6023.33      4.12051e+6 
        6028.33      4.11932e+6 
        6033.33      4.11813e+6 
        6038.32       4.1169e+6 
        6043.32      4.11571e+6 
        6048.32      4.11445e+6 
        6053.32      4.11322e+6 
        6058.32      4.11197e+6 
        6063.32      4.11071e+6 
        6068.32      4.10942e+6 
        6073.32      4.10814e+6 
        6078.31      4.10682e+6 
        6083.31      4.10553e+6 
        6088.31      4.10418e+6 
        6093.31      4.10286e+6 
        6098.31      4.10151e+6 
        6103.31      4.10016e+6 
        6108.31      4.09877e+6 
        6113.31      4.09739e+6 
         6118.3      4.09601e+6 
         6123.3      4.09463e+6 
         6128.3      4.09321e+6 
         6133.3      4.09177e+6 
         6138.3      4.09035e+6 
         6143.3      4.08888e+6 
         6148.3      4.08743e+6 
        6153.29      4.08596e+6 
        6158.29      4.08448e+6 
        6163.29      4.08297e+6 
        6168.29      4.08146e+6 
        6173.29      4.07995e+6 
        6178.29      4.07842e+6 
        6183.29      4.07688e+6 
        6188.28      4.07531e+6 
        6193.28      4.07377e+6 
        6198.28      4.07216e+6 
        6203.28      4.07059e+6 
        6208.28      4.06899e+6 
        6213.28      4.06739e+6 
        6218.28      4.06575e+6 
        6223.28      4.06412e+6 
        6228.27      4.06249e+6 
        6233.27      4.06085e+6 
        6238.27      4.05916e+6 
        6243.27      4.05749e+6 
        6244.38      4.05712e+6 
        6248.27       4.0558e+6 
        6252.16      4.05448e+6 
        6253.82      4.05391e+6 
        6256.04      4.05316e+6 
        6258.27       4.0524e+6 
        6262.16      4.05105e+6 
        6262.71      4.05086e+6 
        6263.27      4.05068e+6 
        6264.37       4.0503e+6 
        6264.91      4.05011e+6 
        6266.59      4.04951e+6 
        6268.26      4.04895e+6 
        6269.97      4.04835e+6 
        6271.61      4.04775e+6 
        6273.26      4.04719e+6 
        6274.85      4.04662e+6 
        6276.56      4.04603e+6 
        6278.26      4.04543e+6 
        6280.08      4.04477e+6 
        6281.67       4.0442e+6 
        6283.26      4.04364e+6 
        6284.63      4.04317e+6 
        6286.44      4.04251e+6 
        6288.26      4.04188e+6 
        6290.52      4.04106e+6 
        6291.89      4.04056e+6 
        6293.26      4.04006e+6 
        6293.73       4.0399e+6 
        6295.99      4.03908e+6 
        6298.26      4.03827e+6 
        6302.31      4.03679e+6 
        6302.78       4.0366e+6 
        6303.25      4.03644e+6 
        6303.92      4.03619e+6 
         6304.2       4.0361e+6 
        6306.09      4.03541e+6 
        6308.25      4.03459e+6 
        6311.92      4.03324e+6 
        6312.59      4.03299e+6 
        6313.25      4.03274e+6 
        6314.58      4.03227e+6 
        6316.22      4.03164e+6 
        6317.23      4.03126e+6 
        6317.31      4.03123e+6 
        6318.25      4.03088e+6 
        6320.28      4.03013e+6 
        6323.25        4.029e+6 
        6328.25      4.02711e+6 
        6333.25       4.0252e+6 
        6338.24      4.02328e+6 
        6343.24      4.02133e+6 
        6348.24      4.01939e+6 
        6353.24      4.01741e+6 
        6358.24      4.01543e+6 
        6363.24      4.01342e+6 
        6368.24      4.01141e+6 
        6373.23      4.00936e+6 
        6378.23      4.00732e+6 
        6383.23      4.00525e+6 
        6388.23      4.00314e+6 
        6393.23      4.00104e+6 
        6398.23       3.9989e+6 
        6403.23      3.99677e+6 
        6408.23      3.99457e+6 
        6413.22       3.9924e+6 
        6418.22      3.99017e+6 
        6423.22      3.98794e+6 
        6428.22      3.98568e+6 
        6433.22      3.98338e+6 
        6438.22      3.98106e+6 
        6443.22      3.97873e+6 
        6448.22      3.97635e+6 
        6453.21      3.97396e+6 
        6458.21      3.97154e+6 
        6463.21      3.96909e+6 
        6468.21      3.96661e+6 
        6473.21      3.96409e+6 
        6478.21      3.96158e+6 
         6483.2        3.959e+6 
         6488.2       3.9564e+6 
         6493.2      3.95379e+6 
         6498.2      3.95115e+6 
         6503.2      3.94848e+6 
         6508.2      3.94578e+6 
         6513.2      3.94308e+6 
         6518.2      3.94034e+6 
        6523.19      3.93761e+6 
        6523.72       3.9373e+6 
        6528.19      3.93484e+6 
        6532.67      3.93239e+6 
         6536.1      3.93051e+6 
        6537.14      3.92991e+6 
        6537.38      3.92979e+6 
        6538.19      3.92935e+6 
        6540.29      3.92818e+6 
        6543.19      3.92658e+6 
        6546.46      3.92479e+6 
        6546.72      3.92463e+6 
        6548.19      3.92385e+6 
        6549.92      3.92288e+6 
        6553.11      3.92108e+6 
        6554.43      3.92033e+6 
        6556.31      3.91923e+6 
        6556.87      3.91892e+6 
         6557.9      3.91829e+6 
        6558.19       3.9181e+6 
         6559.5      3.91722e+6 
         6560.3      3.91665e+6 
         6561.1      3.91596e+6 
         6561.5      3.91552e+6 
         6561.9      3.91499e+6 
        6562.09      3.91461e+6 
        6562.29      3.91414e+6 
        6562.39       3.9138e+6 
        6562.49      3.91339e+6 
        6562.59      3.91285e+6 
        6562.69      3.91235e+6 
        6562.79      3.91207e+6 
        6562.89      3.91229e+6 
        6562.99       3.9127e+6 
        6563.09      3.91314e+6 
        6563.29      3.91373e+6 
        6563.64       3.9142e+6 
        6563.69      3.91427e+6 
        6563.69      3.91427e+6 
        6563.69      3.91427e+6 
        6563.74       3.9143e+6 
        6563.84      3.91436e+6 
        6564.04      3.91446e+6 
        6564.29      3.91455e+6 
        6564.39      3.91458e+6 
        6564.44      3.91458e+6 
        6564.49      3.91458e+6 
        6564.69      3.91461e+6 
        6565.08      3.91464e+6 
        6565.64      3.91461e+6 
        6565.86      3.91458e+6 
        6566.09      3.91458e+6 
        6566.54      3.91452e+6 
        6566.69      3.91449e+6 
        6567.09      3.91442e+6 
        6567.44      3.91436e+6 
        6568.18      3.91424e+6 
        6569.28      3.91402e+6 
        6570.48      3.91373e+6 
        6571.48      3.91351e+6 
        6572.47      3.91326e+6 
        6573.27      3.91307e+6 
        6574.47      3.91276e+6 
        6575.67      3.91248e+6 
        6577.95      3.91188e+6 
        6578.06      3.91185e+6 
        6578.18      3.91182e+6 
        6578.41      3.91179e+6 
        6578.87      3.91166e+6 
        6579.79      3.91141e+6 
        6580.08      3.91135e+6 
        6581.63      3.91094e+6 
        6583.18      3.91053e+6 
        6584.38      3.91021e+6 
        6586.28      3.90974e+6 
        6587.91       3.9093e+6 
        6588.18      3.90924e+6 
        6588.44      3.90918e+6 
        6588.98      3.90902e+6 
        6590.04      3.90877e+6 
        6591.02      3.90849e+6 
        6592.17       3.9082e+6 
        6593.01      3.90798e+6 
        6593.31      3.90789e+6 
        6595.59      3.90729e+6 
        6598.17      3.90663e+6 
        6603.34      3.90528e+6 
        6613.66      3.90252e+6 
         6634.3      3.89674e+6 
        6639.69      3.89514e+6 
        6675.58      3.88367e+6 
        6711.48      3.87076e+6 
        6741.75      3.85907e+6 
        6783.26      3.84204e+6 
        6824.78      3.82414e+6 
        6907.81      3.78666e+6 
        6990.84      3.74735e+6 
         7038.6      3.72411e+6 
        7073.87       3.7067e+6 
        7109.15      3.68908e+6 
        7179.69      3.65367e+6 
        7250.24      3.61761e+6 
        7320.78      3.58101e+6 
        7389.14      3.54554e+6 
        7391.33      3.54438e+6 
        7393.51      3.54321e+6 
        7397.89      3.54092e+6 
        7406.65      3.53633e+6 
        7424.15      3.52713e+6 
        7459.17      3.50862e+6 
         7529.2      3.47143e+6 
        7599.23      3.43392e+6 
        7660.63      3.40084e+6 
        7669.25      3.39619e+6 
        7677.88      3.39151e+6 
        7695.14      3.38227e+6 
        7729.65      3.36377e+6 
        7798.67      3.32666e+6 
        7867.69       3.2894e+6 
        7911.17      3.26591e+6 
        7936.71      3.25208e+6 
        7962.25      3.23826e+6 
        8013.32      3.21086e+6 
        8046.24      3.19315e+6 
         8064.4      3.18338e+6 
        8082.55      3.17361e+6 
        8118.86      3.15416e+6 
        8180.09      3.12138e+6 
        8191.47      3.11528e+6 
        8200.85      3.11027e+6 
        8202.85       3.1092e+6 
        8204.85      3.10813e+6 
        8208.85        3.106e+6 
        8216.85      3.10174e+6 
        8232.84      3.09323e+6 
        8264.83      3.07622e+6 
        8289.72        3.063e+6 
        8328.82      3.04225e+6 
        8343.44      3.03449e+6 
        8367.92      3.02152e+6 
        8371.47      3.01965e+6 
        8388.68      3.01059e+6 
        8392.39      3.00864e+6 
        8408.65      3.00009e+6 
        8413.32      2.99763e+6 
        8432.02      2.98781e+6 
        8437.95      2.98469e+6 
        8467.25      2.96932e+6 
        8473.98       2.9658e+6 
        8502.48      2.95087e+6 
        8516.58      2.94349e+6 
        8530.98      2.93597e+6 
        8545.38       2.9285e+6 
        8549.97      2.92613e+6 
        8574.18       2.9136e+6 
        8598.39      2.90109e+6 
         8628.6      2.88551e+6 
        8646.81      2.87613e+6 
        8652.39      2.87325e+6 
        8665.01      2.86676e+6 
        8685.59      2.85619e+6 
        8701.43      2.84807e+6 
        8750.47      2.82298e+6 
        8767.92      2.81407e+6 
        8815.35      2.78993e+6 
        8862.78      2.76611e+6 
        8900.38       2.7473e+6 
        8957.65      2.71878e+6 
        9014.91      2.69042e+6 
        9044.62      2.67576e+6 
        9072.17      2.66221e+6 
        9099.72      2.64871e+6 
        9154.81      2.62207e+6 
         9190.8      2.60476e+6 
         9209.9      2.59559e+6 
        9229.01      2.58644e+6 
        9267.22      2.56821e+6 
         9303.2      2.55112e+6 
        9343.64        2.532e+6 
        9384.08      2.51297e+6 
        9464.96      2.47554e+6 
        9545.72      2.43855e+6 
        9545.84      2.43849e+6 
        9545.97      2.43844e+6 
        9546.21      2.43833e+6 
        9546.69      2.43811e+6 
        9546.87      2.43803e+6 
        9547.66      2.43767e+6 
        9549.59      2.43679e+6 
        9553.47      2.43502e+6 
        9561.21       2.4315e+6 
        9576.69      2.42447e+6 
        9607.66      2.41044e+6 
        9668.45      2.38308e+6 
        9729.24      2.35619e+6 
        9790.04      2.32953e+6 
        9850.83       2.3031e+6 
        9870.42      2.29463e+6 
        9911.62       2.2769e+6 
        9952.82      2.25927e+6 
        10021.1      2.23058e+6 
        10035.2      2.22467e+6 
        10049.4      2.21877e+6 
        10077.7        2.207e+6 
        10134.2      2.18363e+6 
        10144.5      2.17942e+6 
        10190.8      2.16046e+6 
        10237.2      2.14163e+6 
        10329.9      2.10524e+6 
        10422.6      2.06935e+6 
        10515.3      2.03397e+6 
          10608       1.9991e+6 
        10700.7      1.96475e+6 
        10793.4      1.93091e+6 
        10834.1      1.91621e+6 
        10886.1      1.89759e+6 
        10938.1      1.87914e+6 
        10990.1      1.86085e+6 
          11042      1.84273e+6 
          11094      1.82477e+6 
          11146      1.80697e+6 
          11198      1.78933e+6 
          11239      1.77553e+6 
          11250      1.77186e+6 
        11260.9       1.7682e+6 
        11282.8      1.76119e+6 
        11326.6      1.74724e+6 
        11414.2      1.71964e+6 
        11501.8      1.69245e+6 
        11589.4      1.66564e+6 
          11677      1.63924e+6 
        11764.6      1.61323e+6 
        11852.2      1.58762e+6 
        11939.8       1.5624e+6 
        12027.4      1.53757e+6 
          12115      1.51313e+6 
        12120.6      1.51158e+6 
        12202.6      1.48907e+6 
        12284.6      1.46689e+6 
        12366.6      1.44608e+6 
        12448.7      1.42555e+6 
        12530.7      1.40529e+6 
        12612.7      1.38531e+6 
        12694.7      1.36561e+6 
        12735.4      1.35594e+6 
        12776.7      1.34618e+6 
        12818.1      1.33648e+6 
        12900.8      1.31731e+6 
        12983.5      1.29841e+6 
        13066.2      1.27979e+6 
        13148.9      1.26143e+6 
        13154.8      1.26013e+6 
        13231.6      1.24334e+6 
        13308.4      1.22678e+6 
        13385.1      1.21144e+6 
        13461.9      1.19628e+6 
        13538.7       1.1813e+6 
        13615.5       1.1665e+6 
        13692.3      1.15187e+6 
        13769.1      1.13742e+6 
        13845.9      1.12315e+6 
        13922.7      1.10905e+6 
        13999.5      1.09513e+6 
        14076.2      1.08138e+6 
          14153       1.0678e+6 
        14229.8      1.05439e+6 
        14281.2      1.04553e+6 
        14306.6      1.04116e+6 
        14332.1      1.03681e+6 
          14383      1.02851e+6 
        14410.1       1.0241e+6 
        14427.1      1.02136e+6 
        14433.9      1.02027e+6 
        14457.6      1.01644e+6 
        14505.2      1.00891e+6 
        14581.2          996969 
        14583.2          996655 
        14585.2          996344 
        14589.2          995747 
        14597.2          994550 
        14613.2          992159 
        14645.2          987396 
        14709.2          977928 
        14773.2          968531 
        14837.1          959213 
        14901.1          949974 
        14965.1          940813 
        15029.1          931727 
        15093.1          922720 
        15157.1          913789 
          15221          904939 
          15285          896168 
          15349          887472 
          15413          878857 
        15471.6          871032 
          15477          870315 
        15482.4          869599 
        15493.1          868151 
        15514.7          865261 
        15557.9          859508 
        15644.2          848111 
        15730.5          836851 
        15816.8          825736 
        15903.1          814753 
        15989.4          803915 
        16075.8          793221 
        16162.1          782665 
        16248.4          772244 
        16289.9          767284 
        16334.7          761962 
        16379.5          756675 
        16469.1          744136 
        16558.8          731847 
        16648.4          719802 
          16738          707996 
        16827.7          696422 
        16917.3          685078 
        17006.9          673956 
        17096.6          663052 
        17186.2          652361 
        17275.8          641878 
        17327.7          635909 
        17365.5          631598 
        17403.2          627329 
        17478.8          618881 
        17554.3          610569 
        17629.9          602394 
        17705.4          594352 
          17781          586438 
        17856.5          578653 
        17932.1          570994 
        18007.6          563338 
        18083.2          555914 
        18158.7          548607 
        18234.3          541416 
        18309.8          534338 
        18343.7          531196 
        18385.3          527373 
          18427          523584 
        18510.2          516107 
        18593.4          508762 
        18602.1          508005 
        18676.6          501546 
        18751.1          495190 
        18825.6          488948 
        18900.2          482803 
        18974.7          476756 
        19049.2          470799 
        19123.7          464934 
        19198.3          459156 
        19272.8          453467 
        19347.3          447859 
          19393          444463 
        19421.9          442339 
        19450.7          440225 
        19508.3          436037 
        19565.9          431969 
        19623.6          427872 
        19681.2          423820 
        19738.8          419817 
        19796.5          415859 
        19854.1          411948 
        19911.7          408080 
        19969.4          404257 
          20027          400478 
        20084.6          396742 
        20142.3          393048 
        20199.9          389397 
        20257.5          385788 
        20315.2          382219 
        20372.8          378691 
        20386.4          377858 
        20430.4          375200 
        20474.4          372565 
        20562.3          367365 
        20650.3          362251 
        20738.2          357227 
        20826.2          352286 
        20914.1          347429 
        21002.1          342654 
          21090          337957 
        21177.9          333342 
        21265.9          328802 
        21353.8          324338 
        21441.8          319949 
        21529.7          315633 
        21604.7          312009 
        21617.7          311388 
        21630.6          310768 
        21656.5          309534 
        21708.4          307084 
        21760.2          304657 
          21812          302254 
        21863.8          299874 
        21915.7          297518 
        21967.5          295184 
        22019.3          292872 
        22071.1          290583 
          22123          288315 
        22174.8          286069 
        22226.6          283845 
        22278.4          281642 
        22330.3          279459 
        22382.1          277298 
        22433.9          275157 
        22485.8          273036 
        22537.6          270936 
        22589.4          268855 
        22641.2          266794 
        22693.1          264752 
        22702.9          264366 
        22744.9          262730 
        22784.8          261184 
        22786.8          261107 
        22788.8          261030 
        22792.8          260876 
        22800.8          260568 
        22816.8          259954 
        22848.8          258732 
        22912.8          256308 
        22976.8          253912 
        23040.8          251544 
        23104.8          249203 
        23168.7          246889 
        23232.7          244601 
        23296.7          242339 
        23360.7          240103 
        23424.7          237892 
        23488.6          235706 
        23552.6          233545 
        23616.6          231408 
        23680.6          229295 
        23744.6          227207 
        23808.6          225141 
        23872.5          223098 
        23936.5          221079 
        24000.5          219081 
        24064.5          217106 
        24128.5          215153 
        24192.5          213222 
        24256.4          211312 
        24320.4          209422 
        24384.4          207554 
        24448.4          205706 
        24512.4          203879 
        24576.3          202071 
        24640.3          200283 
        24704.3          198515 
        24768.3          196765 
        24832.3          195035 
        24896.3          193324 
        24960.2          191631 
        25004.4          190472 
        25024.2          189955 
          25044          189441 
        25083.6          188418 
        25162.8          186392 
        25241.9          184393 
        25321.1          182421 
        25400.2          180474 
        25479.4          178553 
        25558.5          176657 
        25637.7          174786 
        25716.9          172939 
          25796          171117 
        25875.2          169317 
        25954.3          167542 
        26033.5          165789 
        26112.7          164059 
        26191.8          162351 
          26271          160665 
        26350.1          159001 
        26429.3          157358 
        26508.4          155735 
        26587.6          154134 
        26666.8          152553 
        26745.9          150991 
        26825.1          149450 
        26904.2          147928 
        26983.4          146425 
        27062.6          144940 
        27141.7          143475 
        27142.5          143459 
        27220.9          142027 
        27299.2          140613 
        27377.5          139217 
        27455.8          137837 
        27534.2          136475 
        27612.5          135129 
        27690.8          133799 
        27769.1          132486 
        27847.5          131189 
        27925.8          129907 
        28004.1          128641 
        28082.4          127390 
        28160.8          126154 
        28239.1          124933 
        28317.4          123726 
        28395.7          122534 
          28474          121356 
        28552.4          120192 
        28630.7          119041 
          28709          117905 
        28787.3          116781 
        28865.7          115671 
          28944          114574 
        29022.3          113490 
        29100.6          112418 
          29179          111359 
        29257.3          110313 
        29335.6          109278 
        29413.9          108256 
        29492.3          107245 
        29570.6          106246 
        29648.9          105258 
        29727.2          104282 
        29805.5          103317 
        29883.9          102363 
        29932.6          101775 
        29962.2          101420 
        29991.8          101067 
