# Koester WD models
# teff = 5000 K (value for the effective temperature for the model. Temperatures are given in K)
# logg = 8.5 log(cm/s2) (value for Log(G) for the model.)
#
# column 1: WAVELENGTH (ANGSTROM), Wavelength in Angstrom
# column 2: FLUX (ERG/CM2/S/A), Flux in erg/cm2/s/A
         899.23     0.000121485 
        900.753     0.000128553 
        902.278     0.000136005 
        903.368     0.000141582 
        903.802     0.000143858 
        904.235     0.000146169 
        905.102     0.000150893 
        906.836     0.000160774 
        907.899     0.000167128 
         908.45     0.000170512 
         908.57     0.000171258 
        909.241     0.000175483 
        910.032     0.000180589 
        911.193     0.000188339 
        911.613     0.000191221 
        912.034     0.000194144 
        912.465     0.000197187 
        912.875     0.000200116 
        913.037     0.000201287 
        913.241     0.000202771 
        913.284     0.000203085 
        913.478     0.000204508 
        913.531     0.000204899 
        913.755     0.000206549 
        913.822     0.000207047 
         914.08     0.000208976 
        914.165     0.000209615 
        914.499     0.000212144 
        914.575     0.000212723 
        915.071     0.000216534 
         915.54     0.000220202 
        915.609     0.000220739 
        915.643     0.000221008 
        915.677     0.000221277 
        915.741     0.000221785 
        915.813     0.000222357 
        916.085     0.000224531 
        916.429     0.000227309 
        916.858      0.00023081 
        917.118     0.000232961 
        917.196     0.000233611 
        917.378     0.000235132 
        917.899     0.000239529 
        917.952     0.000239981 
        918.287      0.00024286 
        918.602     0.000245587 
        919.251     0.000251314 
        920.215     0.000260043 
        921.882     0.000275807 
        921.999     0.000276948 
        922.143     0.000278358 
        922.405      0.00028093 
         922.81     0.000284966 
        923.621       0.0002932 
        925.001     0.000307733 
        925.242      0.00031034 
        925.484     0.000312969 
        925.564     0.000313846 
        925.966     0.000318287 
        926.164     0.000320496 
        926.369     0.000322789 
        927.173     0.000331966 
        927.276     0.000333147 
        928.182     0.000343816 
        928.917     0.000352694 
         928.98     0.000353467 
        929.089     0.000354808 
        929.261     0.000356932 
        929.317     0.000357617 
        929.543     0.000360429 
        929.655     0.000361833 
        929.769     0.000363262 
        929.827     0.000363994 
        929.883     0.000364701 
         929.91      0.00036504 
        929.939     0.000365408 
        929.954       0.0003656 
        929.968     0.000365776 
        929.982     0.000365952 
        929.996     0.000366131 
         930.01     0.000366307 
        930.024     0.000366486 
        930.038     0.000366662 
        930.052     0.000366841 
        930.081     0.000367208 
        930.137     0.000367921 
        930.201     0.000368738 
        930.247     0.000369326 
        930.249     0.000369351 
        930.251     0.000369376 
        930.301     0.000370017 
        930.326     0.000370322 
        930.329     0.000370362 
        930.402     0.000371299 
        930.478     0.000372276 
         930.63     0.000374236 
        930.931     0.000378132 
        931.229     0.000381999 
         931.49      0.00038542 
        931.534     0.000385998 
        931.838     0.000390007 
        932.447     0.000398118 
        933.265     0.000409309 
        933.403     0.000411216 
        933.432     0.000411605 
        933.542     0.000413138 
        933.652     0.000414678 
        933.872     0.000417782 
        933.973     0.000419217 
        934.073     0.000420622 
        934.312     0.000424008 
        934.316     0.000424065 
        934.652     0.000428912 
         935.23      0.00043757 
        935.688     0.000444714 
        936.144     0.000452081 
        936.372     0.000455713 
        936.601     0.000459288 
        936.714     0.000461063 
        936.829     0.000462873 
        936.887     0.000463787 
        936.944     0.000464689 
        936.973      0.00046515 
        937.001     0.000465593 
        937.015     0.000465817 
        937.029     0.000466036 
        937.043     0.000466259 
        937.058     0.000466498 
        937.072     0.000466721 
        937.086     0.000466944 
        937.101     0.000467183 
        937.115     0.000467403 
        937.143     0.000467849 
          937.2      0.00046876 
        937.314     0.000470582 
        937.493     0.000473457 
        937.542     0.000474249 
        937.593     0.000475072 
        937.694      0.00047668 
        937.788     0.000478179 
        937.894     0.000479828 
            938     0.000481386 
        938.212      0.00048443 
        938.359      0.00048641 
        938.556      0.00048908 
        938.636     0.000490095 
        938.914     0.000493993 
        939.271     0.000498863 
        939.986     0.000509745 
         940.58     0.000519362 
         940.66     0.000520675 
        940.675     0.000520923 
          940.7     0.000521341 
         940.74      0.00052201 
        940.787     0.000522805 
        940.901     0.000524734 
        941.221     0.000530313 
        941.861     0.000541837 
        941.918     0.000542861 
        943.048     0.000564001 
        943.457     0.000572131 
        944.178     0.000586422 
        944.382     0.000590503 
        945.308     0.000609626 
        946.233      0.00062987 
        947.158      0.00065221 
        947.621      0.00066407 
        948.083     0.000675549 
        948.314     0.000680887 
        948.546     0.000686136 
        948.661      0.00068876 
        948.777     0.000691414 
        948.835     0.000692746 
        948.893     0.000694078 
        948.922     0.000694748 
        948.951     0.000695414 
        948.966     0.000695759 
         948.98     0.000696083 
        948.994     0.000696406 
        949.009     0.000696752 
        949.023     0.000697075 
        949.037     0.000697399 
        949.052     0.000697748 
        949.066     0.000698071 
        949.095      0.00069874 
        949.153     0.000700085 
         949.23     0.000701873 
        949.258     0.000702526 
        949.269     0.000702781 
         949.28     0.000703038 
         949.33     0.000704204 
         949.36     0.000704901 
         949.43     0.000706538 
          949.5     0.000708178 
         949.64     0.000711467 
        949.795     0.000715074 
        949.879     0.000717009 
        949.921     0.000717964 
        949.963     0.000718931 
        950.047     0.000720798 
        950.131     0.000722588 
        950.467     0.000729538 
        950.718     0.000734633 
        950.888     0.000737888 
        951.728     0.000755644 
        952.738     0.000779445 
        953.502     0.000799595 
        953.748     0.000806026 
        954.758      0.00083398 
        956.014     0.000870008 
         957.27     0.000907653 
        957.764     0.000922846 
        958.148     0.000934759 
        958.526     0.000946615 
        959.289     0.000970881 
         960.43      0.00100758 
        961.192      0.00103221 
        962.712      0.00108338 
        963.468      0.00110961 
        964.231      0.00113633 
         965.75      0.00119134 
        966.767      0.00122961 
        968.032      0.00127897 
        968.668      0.00130451 
        968.979       0.0013172 
        969.297      0.00133032 
        969.927       0.0013567 
        970.401      0.00137714 
        970.874      0.00139884 
         971.11      0.00141192 
        971.348      0.00142445 
        971.467      0.00142885 
        971.585      0.00143138 
        971.644      0.00143343 
        971.703      0.00144151 
        971.732      0.00144726 
        971.762      0.00145174 
        971.778        0.001453 
        971.792      0.00145369 
        971.806      0.00145433 
        971.821      0.00145502 
        971.827       0.0014553 
        971.833      0.00145557 
        971.836      0.00145571 
        971.839      0.00145585 
        971.851       0.0014564 
        971.866      0.00145708 
         971.88      0.00145773 
         971.91      0.00145881 
        971.969      0.00145436 
        972.037      0.00145126 
        972.087      0.00145414 
        972.137      0.00145773 
         972.15      0.00145901 
        972.199      0.00146185 
        972.237      0.00146436 
        972.324      0.00146883 
        972.499      0.00147527 
        972.798      0.00148438 
        973.047      0.00149443 
        973.248      0.00150293 
        973.396      0.00150937 
        973.746      0.00152501 
        974.444      0.00155739 
         975.64      0.00161501 
        976.759      0.00167079 
        976.836      0.00167469 
        978.032      0.00173645 
        979.305      0.00180466 
        979.778      0.00183069 
        980.578       0.0018755 
        981.851      0.00194898 
        983.923      0.00207457 
        985.373      0.00216706 
        985.996      0.00220795 
        986.414      0.00223584 
        986.618      0.00224958 
        987.863      0.00233508 
        989.312      0.00243854 
        990.541      0.00252976 
        990.761      0.00254644 
         992.21      0.00265882 
         993.88      0.00279417 
        995.549      0.00293606 
        995.989       0.0029746 
        997.218      0.00308463 
        997.574      0.00311725 
        997.806      0.00313867 
        998.447      0.00319852 
        999.319      0.00328177 
        999.435      0.00329299 
        1001.06      0.00345421 
        1002.69      0.00362288 
        1004.32      0.00379929 
        1005.84      0.00397034 
        1005.95      0.00398376 
        1007.58      0.00417662 
        1009.33      0.00439295 
        1011.07      0.00462031 
         1011.3      0.00465138 
        1012.82      0.00485876 
        1014.33       0.0050748 
        1015.38      0.00522972 
        1015.84      0.00529958 
        1017.36      0.00553373 
        1017.62      0.00557507 
        1019.33      0.00585342 
        1021.04      0.00614675 
        1022.47      0.00640775 
        1022.76      0.00646361 
        1023.04      0.00652122 
        1023.19      0.00655145 
        1023.62       0.0066477 
        1024.04      0.00676363 
        1024.39      0.00688138 
        1024.47      0.00690368 
        1024.54      0.00692501 
        1024.58      0.00693463 
        1024.67      0.00694835 
        1024.69      0.00695087 
        1024.79      0.00696045 
        1024.85      0.00697094 
        1024.91      0.00700965 
        1024.95      0.00703494 
        1024.98      0.00705463 
        1024.99      0.00705994 
        1025.01      0.00706356 
        1025.03      0.00706673 
        1025.04      0.00706971 
        1025.06      0.00707289 
        1025.07      0.00707606 
        1025.09      0.00707904 
         1025.1      0.00708222 
        1025.13      0.00708825 
         1025.2      0.00707722 
        1025.27      0.00705555 
        1025.32      0.00706026 
        1025.37       0.0070765 
        1025.47      0.00710773 
        1025.57      0.00712881 
        1025.77      0.00714668 
        1025.87      0.00714873 
        1025.97      0.00715444 
        1026.07      0.00716211 
        1026.27      0.00718115 
        1026.66      0.00723427 
        1027.02      0.00729346 
        1027.05      0.00729955 
        1027.06        0.007301 
        1027.07      0.00730241 
        1027.12      0.00731146 
        1027.22      0.00732974 
        1027.42      0.00736697 
        1027.82      0.00744353 
        1028.17      0.00751394 
        1028.62      0.00760523 
         1028.8      0.00764174 
        1029.07      0.00769857 
        1029.34      0.00775596 
        1029.88      0.00787249 
        1030.96      0.00811134 
        1033.08      0.00859945 
        1033.13       0.0086118 
        1033.19      0.00862414 
        1033.23      0.00863438 
        1033.29      0.00864893 
         1033.5      0.00869872 
        1033.91       0.0087991 
        1034.75      0.00900308 
        1036.27      0.00938629 
        1037.78      0.00978474 
        1039.17       0.0101631 
        1039.26        0.010187 
         1039.3        0.010199 
        1039.34        0.010211 
         1039.5       0.0102558 
        1039.52       0.0102592 
        1039.86       0.0103562 
        1040.55       0.0105528 
        1041.92       0.0109566 
        1044.35       0.0117016 
        1046.77       0.0124931 
        1049.03        0.013277 
        1049.19       0.0133341 
        1049.35       0.0133916 
        1049.67       0.0135067 
        1050.31       0.0137398 
        1051.59       0.0142171 
        1053.95       0.0151376 
        1054.15       0.0152181 
        1054.35        0.015299 
        1054.75        0.015462 
        1054.95       0.0155441 
        1055.55       0.0157928 
        1057.15        0.016474 
        1059.36       0.0174551 
        1061.56        0.018493 
        1063.16       0.0192833 
        1063.76       0.0195876 
        1064.36       0.0198963 
        1065.56       0.0205274 
        1066.56       0.0210673 
        1067.96       0.0218454 
        1069.36       0.0226496 
        1069.96        0.023001 
        1072.16       0.0243327 
        1074.36       0.0257352 
        1076.56       0.0272119 
        1078.16       0.0283343 
        1078.69       0.0287107 
        1078.76       0.0287662 
        1078.98       0.0289231 
        1079.36       0.0292041 
        1080.57       0.0301022 
        1080.71       0.0302135 
        1082.44       0.0315576 
        1084.17       0.0329566 
         1085.9       0.0344124 
        1087.64       0.0359269 
        1089.32       0.0374569 
        1089.37       0.0375024 
        1089.42       0.0375496 
        1089.52       0.0376422 
        1089.72       0.0378285 
        1090.12       0.0382033 
        1090.67       0.0387239 
        1090.92        0.038963 
        1092.52       0.0405243 
        1094.37       0.0424011 
        1096.22       0.0443577 
        1096.77       0.0449549 
        1098.07       0.0463966 
        1099.37       0.0478807 
        1099.57       0.0481135 
        1101.97       0.0509918 
        1104.37       0.0540275 
        1106.78       0.0572285 
        1108.98       0.0603148 
        1109.18       0.0606026 
        1109.38       0.0608916 
        1109.78       0.0614693 
        1109.98       0.0617599 
        1110.58       0.0626399 
        1112.18        0.065042 
        1114.38       0.0684829 
        1116.58       0.0720901 
        1118.18       0.0748221 
        1118.68        0.075702 
        1118.78       0.0758704 
        1119.38       0.0769326 
        1120.08       0.0781817 
        1121.47       0.0807355 
        1123.78       0.0851384 
        1124.25       0.0860768 
        1124.73       0.0870278 
        1125.68        0.088958 
        1125.79       0.0891794 
        1127.08       0.0918511 
        1127.59       0.0929365 
        1129.38        0.096838 
        1131.69        0.102071 
        1132.46        0.103873 
           1134        0.107561 
        1135.54        0.111369 
        1137.85        0.117314 
        1138.62        0.119363 
        1139.39        0.121447 
        1140.93        0.125718 
        1143.63        0.133555 
        1143.95        0.134515 
        1144.01        0.134695 
        1144.39        0.135845 
        1145.15        0.138171 
        1146.67        0.142942 
        1149.39        0.151863 
        1149.83         0.15336 
        1152.11        0.161342 
        1154.39        0.169741 
        1156.67        0.178524 
        1158.51        0.185917 
        1158.95        0.187729 
        1159.39        0.189558 
        1159.67        0.190732 
        1160.27        0.193275 
        1162.03        0.200884 
        1164.39        0.211357 
        1166.76        0.222134 
        1168.84         0.23186 
        1169.12        0.233189 
        1169.39        0.234525 
        1169.96        0.237214 
        1171.08         0.24267 
        1172.24        0.248483 
        1173.32        0.253983 
        1173.72        0.256042 
         1174.4        0.259636 
        1175.14        0.263693 
        1176.56        0.271484 
        1177.86        0.279088 
        1177.98        0.279776 
         1179.4        0.288385 
        1180.94         0.29786 
        1182.86         0.31023 
        1184.01        0.317829 
        1185.17        0.325617 
        1185.56         0.32823 
        1187.48        0.341428 
         1189.4        0.355107 
        1191.32        0.369316 
        1192.09        0.375125 
        1193.24        0.384075 
        1194.03        0.390271 
         1194.4        0.393186 
        1196.72        0.412026 
         1199.4        0.434809 
        1199.77         0.43801 
        1202.09        0.458732 
        1204.04        0.477041 
         1204.4        0.480573 
        1206.72        0.503274 
        1208.48         0.52109 
         1209.4        0.530584 
        1210.33        0.540206 
        1211.64        0.554212 
        1212.16         0.55991 
        1212.69        0.565659 
        1213.61        0.575854 
        1213.74        0.577318 
        1213.81        0.578022 
        1213.88        0.578785 
        1214.14        0.581729 
        1214.17        0.582112 
        1214.47        0.585458 
        1214.62        0.587135 
        1214.76        0.588819 
        1214.84        0.589661 
        1214.91        0.590506 
        1214.95         0.59093 
        1214.98        0.591351 
           1215        0.591568 
        1215.02        0.591776 
        1215.04         0.59198 
        1215.06          0.5922 
        1215.08        0.592404 
         1215.1        0.592611 
        1215.11        0.592828 
        1215.13        0.593035 
        1215.17        0.593459 
        1215.24        0.594308 
        1215.39         0.59601 
        1215.64        0.598847 
        1215.69        0.599428 
        1215.74        0.600006 
         1215.8        0.600679 
        1215.84        0.601166 
        1216.04        0.603491 
        1216.06        0.603805 
        1216.28        0.606315 
        1216.76        0.611998 
        1217.46        0.620292 
        1218.32         0.63054 
        1218.86        0.637184 
        1218.98        0.638705 
        1219.41        0.643895 
        1219.83        0.649119 
         1220.1        0.652543 
        1220.67        0.659637 
        1222.36        0.680862 
        1224.62         0.70972 
        1226.88        0.739493 
        1228.86        0.766875 
        1229.13        0.770755 
        1229.41         0.77467 
        1229.74        0.779432 
        1229.96        0.782605 
        1230.18        0.785791 
        1230.62        0.792222 
        1231.49         0.80509 
        1231.69         0.80809 
        1233.24        0.831551 
        1234.79        0.855776 
        1236.38        0.881283 
        1237.89        0.906337 
        1239.41        0.932045 
        1240.47        0.950335 
        1242.44        0.985169 
        1244.41         1.02125 
        1246.38         1.05866 
        1247.29         1.07636 
        1248.35         1.09732 
        1248.65         1.10333 
        1249.41         1.11868 
        1251.53         1.16253 
        1254.41         1.22456 
        1255.17         1.24142 
        1257.29         1.28952 
        1259.41         1.33931 
        1262.89         1.42421 
        1263.65         1.44344 
        1264.41           1.463 
        1265.93         1.50295 
        1268.53         1.57388 
        1268.97         1.58599 
        1269.41         1.59823 
        1269.69         1.60607 
         1270.3         1.62304 
        1272.06         1.67373 
        1274.41          1.7448 
        1276.78         1.81854 
        1278.86         1.88536 
        1279.14         1.89455 
        1279.42         1.90378 
        1279.98         1.92239 
         1281.1         1.96007 
        1282.26          1.9998 
        1283.34          2.0374 
        1283.74         2.05147 
        1284.42         2.07561 
        1286.58         2.15402 
        1286.92         2.16661 
        1289.42         2.26133 
        1291.92         2.35934 
        1294.42          2.4611 
        1296.92         2.56671 
        1299.42         2.67634 
        1301.92         2.79043 
        1304.42         2.90884 
        1306.92         3.03168 
        1309.42         3.15906 
        1311.92         3.29094 
        1314.42          3.4277 
        1316.92         3.56957 
        1319.42         3.71666 
        1321.92         3.86912 
        1324.42         4.02718 
        1326.92         4.19129 
        1329.42         4.36132 
        1331.92         4.53715 
        1334.42         4.71911 
        1336.92         4.90758 
        1339.42         5.10273 
        1341.92         5.30477 
        1344.42          5.5139 
        1346.92         5.73052 
        1349.42         5.95473 
        1351.92         6.18668 
        1354.42         6.42654 
        1356.92         6.67469 
        1359.42         6.93139 
        1361.92         7.19689 
        1364.42         7.47118 
        1365.19         7.55738 
        1369.42         8.04779 
        1373.65         8.56631 
        1376.35         8.91188 
        1377.88         9.11473 
        1379.42         9.32148 
        1380.57          9.4791 
         1382.5         9.74755 
        1384.42         10.0228 
        1387.12         10.4202 
        1388.27         10.5943 
        1389.03         10.7105 
        1389.42         10.7709 
        1391.73          11.132 
        1394.42          11.568 
        1399.42         12.4169 
        1404.42         13.3205 
        1409.42         14.2818 
        1414.42         15.3042 
        1419.42         16.3909 
        1424.42          17.545 
        1429.42         18.7705 
        1434.42         20.0706 
        1439.42         21.4495 
        1444.42         22.9108 
        1449.42         24.4592 
        1454.42         26.0997 
        1459.42         27.8363 
        1464.42         29.6737 
        1465.96           30.26 
        1469.42         31.6167 
        1472.88         33.0266 
        1473.27         33.1862 
        1474.42         33.6703 
        1476.35         34.4903 
        1479.42         35.8396 
        1484.42         38.1301 
        1489.42          40.547 
        1494.42         43.0926 
        1499.42         45.7736 
        1504.42         48.6058 
        1509.42         51.5937 
        1514.42         54.7426 
        1519.42         58.0617 
        1524.42         61.5614 
        1529.42         65.2349 
        1534.42          69.094 
        1539.42         73.1488 
        1544.42         77.4082 
        1549.42         81.8809 
        1554.42         86.5788 
        1559.42         91.4659 
        1564.42         96.5697 
        1566.72         99.0098 
        1569.42         101.926 
        1570.19         102.776 
        1572.11         104.926 
        1574.41         107.563 
         1574.8         108.008 
        1579.41         113.477 
        1584.41         119.683 
        1589.41         126.166 
        1594.41         132.946 
        1599.41         140.061 
        1604.41         147.509 
        1609.41         155.331 
        1614.41         163.545 
        1619.41         172.121 
        1624.41         181.146 
        1629.41         190.626 
        1634.41         200.457 
        1639.41         210.453 
        1644.41         220.568 
        1649.41          230.88 
        1654.41         241.341 
        1659.41         252.083 
        1664.41         263.087 
        1665.56         265.684 
         1669.4          274.49 
        1670.17         276.274 
        1673.25         283.515 
         1674.4         286.305 
        1676.33         291.028 
         1679.4         298.697 
         1684.4         311.599 
         1689.4         325.145 
         1694.4         339.195 
         1699.4         353.878 
         1704.4         369.473 
         1709.4         385.879 
         1714.4         403.032 
         1719.4         421.011 
         1724.4          439.71 
         1729.4         459.175 
         1734.4         479.492 
         1739.4         500.663 
         1744.4         522.686 
        1749.39         545.481 
        1754.39         569.162 
        1759.39         593.686 
        1764.39         619.101 
        1767.08          633.16 
        1767.85         637.231 
        1769.39         645.431 
         1771.7           657.9 
        1774.39         672.709 
        1775.55         679.146 
        1779.39         700.968 
        1784.39          730.26 
        1789.39         760.536 
        1794.39         791.886 
        1799.39         824.351 
        1804.39         857.909 
        1809.39         892.608 
        1814.38         928.498 
        1819.38         965.612 
           1824         1000.93 
        1824.38         1003.92 
        1829.38         1043.51 
        1834.77         1087.58 
        1840.15         1133.17 
        1845.54         1180.37 
        1850.92         1229.27 
         1856.3         1280.05 
        1861.69         1332.48 
           1864         1355.47 
        1867.07         1386.56 
        1870.14         1418.25 
        1876.29         1483.69 
        1882.44         1551.64 
        1888.59         1622.05 
        1894.73         1695.18 
        1900.88         1771.08 
        1906.98         1849.23 
        1907.03         1849.85 
        1913.17         1931.56 
        1919.37         2016.96 
        1925.56         2105.13 
        1931.76         2196.74 
        1937.95          2293.2 
        1944.14         2391.49 
        1944.47          2396.8 
        1950.34         2495.29 
        1956.53         2600.62 
        1962.56         2706.61 
        1968.59         2816.18 
        1974.62         2929.37 
        1980.65         3046.25 
        1992.71         3291.51 
        2004.77         3552.92 
        2015.84         3807.83 
        2016.83         3831.24 
        2017.81          3854.8 
        2019.79         3902.39 
        2023.73         3999.91 
        2031.63         4199.96 
        2039.52         4405.68 
        2047.42         4619.52 
        2055.31         4841.79 
        2059.38         4959.66 
         2063.2         5072.67 
        2067.03         5187.77 
        2074.69         5425.15 
        2082.34         5671.27 
        2089.99         5926.36 
        2094.36         6075.75 
        2097.65         6190.57 
         2105.3         6464.17 
        2116.25         6872.45 
         2127.2         7301.56 
        2138.15         7756.15 
         2149.1         8227.96 
        2154.62         8474.07 
        2160.05          8721.5 
        2165.47         8974.78 
        2176.33          9498.7 
        2181.36         9750.09 
        2187.18         10046.9 
         2189.7         10177.7 
        2198.03         10619.9 
        2206.36         11076.8 
         2214.7         11548.8 
        2231.36         12531.7 
        2232.14           12579 
        2248.03         13575.8 
        2255.97         14092.9 
        2263.91         14629.6 
        2271.86         15192.7 
         2279.8         15763.8 
        2295.69         16953.6 
        2310.03         18090.8 
        2311.58         18218.1 
        2313.13         18346.2 
        2316.24         18600.8 
        2322.46         19117.9 
         2334.9         20191.2 
        2347.34         21325.6 
        2357.19         22259.7 
        2359.77         22509.3 
        2362.35         22763.6 
        2367.51         23284.7 
        2377.84         24356.3 
        2387.69         25415.3 
        2388.16         25466.8 
        2398.48         26638.1 
        2409.27         27923.7 
        2420.07         29264.3 
        2427.11           30188 
        2430.86         30696.2 
        2441.65           32191 
        2451.59         33624.2 
        2456.19         34306.2 
        2460.79         35038.5 
        2469.99         36534.8 
        2479.19         38093.4 
        2488.39         39716.3 
        2497.59         41432.6 
        2503.55         42590.3 
        2506.78         43230.2 
        2510.01           43878 
        2516.47           45184 
        2529.39         47865.6 
        2542.32         50749.6 
        2551.24         52850.1 
        2555.24         53818.6 
        2559.23         54805.1 
        2567.22         56938.2 
        2575.22         59160.3 
        2583.21         61481.9 
         2591.2         63927.3 
        2599.19           66488 
        2607.18           69171 
        2615.18         72022.9 
        2623.17         74965.9 
        2631.16         78021.1 
        2639.15         81215.2 
        2647.14           84572 
        2652.61         86941.4 
        2655.14         88059.2 
        2657.67         89190.1 
        2662.74         91278.7 
        2672.86         95552.2 
        2693.12          104574 
        2713.38          114055 
        2733.64          123944 
        2751.69          133112 
         2753.9          134256 
        2756.11          135405 
        2760.52          137803 
        2769.35          142677 
        2787.01          152868 
        2804.67          163469 
        2822.33          174496 
        2825.44          176491 
        2839.99          186039 
        2847.27          190935 
        2854.55          195914 
        2861.82          201384 
         2869.1          206964 
        2876.38          212648 
        2883.66          218439 
        2898.21          230349 
        2901.65          233232 
        2912.76          242735 
        2914.49          244233 
        2927.32          255568 
        2940.15          267232 
        2952.93          279220 
        2952.98          279268 
        2953.03          279314 
        2953.13          279405 
        2953.33          279589 
        2953.73          279955 
        2954.53          280690 
        2956.13          282162 
        2959.33          285123 
        2965.73          291110 
        2978.53          303361 
        2991.32          316098 
        3004.12          329192 
        3008.01          333238 
        3029.71          356458 
        3040.57          368474 
        3051.42          380777 
        3062.27          394851 
        3073.13          409299 
        3094.83          439465 
        3116.54          471248 
        3126.64          486548 
        3138.25          504581 
        3149.86          523056 
        3161.47          543970 
        3173.08          565411 
         3196.3          609852 
        3219.52          656731 
        3237.18          694292 
        3242.74          706390 
        3248.29          718627 
        3253.85          728096 
        3259.41          737637 
        3270.52          756970 
        3292.75          796444 
        3314.97          836955 
        3327.67          860564 
         3337.2          878499 
        3346.73          896601 
        3365.79          934536 
        3403.91      1.01288e+6 
         3438.9      1.08802e+6 
        3442.04      1.09487e+6 
        3445.17      1.10174e+6 
        3451.43      1.11561e+6 
        3463.95      1.14361e+6 
           3489      1.20063e+6 
         3534.6      1.30745e+6 
         3539.1      1.31818e+6 
         3543.6      1.32896e+6 
        3549.92       1.3443e+6 
         3552.6      1.35083e+6 
         3570.6      1.39499e+6 
        3591.28      1.44639e+6 
        3626.33      1.53566e+6 
        3632.65      1.55194e+6 
        3635.88      1.56031e+6 
        3638.96      1.56829e+6 
        3642.04      1.57646e+6 
        3643.12      1.57932e+6 
        3645.12      1.58464e+6 
        3645.28      1.58506e+6 
        3647.12      1.58995e+6 
        3648.96      1.59485e+6 
        3651.32      1.60113e+6 
        3652.64      1.60464e+6 
        3653.96      1.60816e+6 
        3654.24      1.60891e+6 
         3656.6       1.6152e+6 
        3658.96       1.6215e+6 
         3663.4      1.63336e+6 
        3663.68      1.63411e+6 
        3663.96      1.63486e+6 
        3664.52      1.63636e+6 
        3665.64      1.63936e+6 
         3666.8      1.64246e+6 
        3667.88      1.64535e+6 
        3668.28      1.64642e+6 
        3668.95      1.64825e+6 
        3671.11      1.65403e+6 
        3673.95      1.66165e+6 
         3675.2      1.66499e+6 
        3678.95      1.67507e+6 
        3682.58      1.68482e+6 
         3682.7      1.68515e+6 
        3682.82      1.68547e+6 
        3683.06      1.68611e+6 
        3683.18      1.68643e+6 
        3683.54       1.6874e+6 
         3684.5      1.68999e+6 
        3684.82      1.69084e+6 
        3685.83      1.69355e+6 
        3686.83      1.69626e+6 
        3688.74       1.7014e+6 
        3688.85      1.70168e+6 
        3688.94      1.70194e+6 
        3688.95      1.70196e+6 
        3689.16      1.70253e+6 
        3689.38      1.70311e+6 
        3689.73      1.70407e+6 
        3689.82       1.7043e+6 
         3689.9      1.70452e+6 
        3690.07      1.70498e+6 
        3690.41       1.7059e+6 
        3690.62      1.70648e+6 
        3691.09      1.70773e+6 
        3691.47      1.70876e+6 
        3691.55      1.70899e+6 
         3691.7      1.70938e+6 
        3692.48      1.71149e+6 
         3693.5      1.71423e+6 
         3694.4      1.71665e+6 
         3695.3      1.71908e+6 
        3695.81      1.72046e+6 
         3696.2      1.72151e+6 
        3696.53       1.7224e+6 
        3696.59      1.72256e+6 
        3696.65      1.72273e+6 
        3696.67      1.72278e+6 
        3696.76      1.72303e+6 
        3696.77      1.72305e+6 
        3696.87      1.72333e+6 
        3696.93      1.72349e+6 
        3696.99      1.72364e+6 
        3697.04      1.72379e+6 
         3697.1      1.72394e+6 
        3697.15      1.72409e+6 
        3697.21      1.72424e+6 
        3697.26       1.7244e+6 
        3697.32      1.72455e+6 
        3697.35      1.72461e+6 
        3697.41      1.72477e+6 
        3697.43      1.72485e+6 
        3697.46      1.72493e+6 
         3697.5      1.72503e+6 
        3697.53      1.72511e+6 
        3697.58      1.72524e+6 
        3697.66      1.72546e+6 
        3697.82      1.72589e+6 
        3698.11      1.72667e+6 
        3698.43      1.72754e+6 
        3698.69      1.72824e+6 
        3698.89      1.72877e+6 
        3698.95      1.72894e+6 
        3699.01       1.7291e+6 
        3699.13      1.72943e+6 
        3699.37      1.73009e+6 
        3699.53      1.73052e+6 
        3699.86      1.73141e+6 
        3699.88      1.73145e+6 
        3700.19       1.7323e+6 
         3700.2      1.73232e+6 
         3700.5      1.73314e+6 
        3700.81      1.73396e+6 
        3700.84      1.73405e+6 
        3701.09      1.73473e+6 
        3701.42      1.73561e+6 
        3701.99      1.73717e+6 
        3702.44      1.73838e+6 
        3702.89       1.7396e+6 
        3703.12      1.74021e+6 
        3703.35      1.74082e+6 
        3703.46      1.74112e+6 
        3703.57      1.74143e+6 
        3703.63      1.74158e+6 
        3703.68      1.74173e+6 
        3703.74      1.74188e+6 
         3703.8      1.74204e+6 
        3703.85      1.74219e+6 
        3703.91      1.74234e+6 
        3703.97      1.74249e+6 
        3704.02      1.74264e+6 
        3704.09      1.74282e+6 
        3704.13      1.74295e+6 
        3704.18      1.74309e+6 
        3704.21      1.74315e+6 
        3704.22      1.74318e+6 
        3704.28      1.74336e+6 
        3704.31      1.74343e+6 
        3704.36      1.74356e+6 
        3704.41      1.74368e+6 
        3704.49      1.74391e+6 
        3704.57      1.74412e+6 
        3704.59      1.74418e+6 
        3704.69      1.74445e+6 
        3704.81      1.74478e+6 
        3705.05      1.74544e+6 
        3705.37       1.7463e+6 
        3705.54      1.74676e+6 
        3705.71      1.74722e+6 
        3706.05      1.74814e+6 
        3706.07      1.74819e+6 
        3706.73      1.74997e+6 
        3707.27      1.75142e+6 
        3707.39      1.75176e+6 
        3707.51      1.75209e+6 
        3707.61      1.75236e+6 
        3707.76      1.75276e+6 
        3707.91      1.75317e+6 
        3708.12      1.75372e+6 
        3708.21      1.75397e+6 
         3708.3      1.75422e+6 
        3708.49      1.75472e+6 
        3708.76      1.75547e+6 
        3708.85      1.75571e+6 
        3708.87      1.75576e+6 
        3708.95      1.75596e+6 
        3709.13      1.75645e+6 
        3709.21      1.75667e+6 
        3709.49      1.75744e+6 
        3710.11      1.75911e+6 
         3710.9      1.76126e+6 
        3711.01      1.76155e+6 
        3711.12      1.76185e+6 
        3711.21       1.7621e+6 
        3711.32       1.7624e+6 
        3711.34      1.76244e+6 
        3711.46      1.76278e+6 
        3711.52      1.76292e+6 
        3711.58      1.76308e+6 
         3711.6      1.76315e+6 
        3711.69      1.76339e+6 
        3711.75      1.76354e+6 
         3711.8      1.76369e+6 
        3711.86      1.76384e+6 
        3711.91        1.764e+6 
        3711.97      1.76415e+6 
        3712.03       1.7643e+6 
        3712.08      1.76446e+6 
        3712.14      1.76461e+6 
         3712.2      1.76478e+6 
        3712.25      1.76491e+6 
         3712.3      1.76505e+6 
        3712.33      1.76511e+6 
        3712.33      1.76513e+6 
         3712.4      1.76532e+6 
        3712.48      1.76552e+6 
        3712.63      1.76594e+6 
        3712.93      1.76675e+6 
        3713.23      1.76755e+6 
        3713.53      1.76837e+6 
        3713.83      1.76919e+6 
        3714.24       1.7703e+6 
        3714.42      1.77078e+6 
        3714.44      1.77083e+6 
        3714.64      1.77137e+6 
        3715.03      1.77243e+6 
        3715.64      1.77409e+6 
        3716.76      1.77713e+6 
        3716.79       1.7772e+6 
        3716.86      1.77739e+6 
        3716.95      1.77765e+6 
        3717.14      1.77816e+6 
        3717.52      1.77919e+6 
        3718.19      1.78099e+6 
        3718.26      1.78119e+6 
        3718.33      1.78137e+6 
        3718.47      1.78175e+6 
        3718.56      1.78199e+6 
        3718.63      1.78219e+6 
        3718.73      1.78247e+6 
        3718.75      1.78251e+6 
        3718.94      1.78304e+6 
        3719.25      1.78388e+6 
        3719.47      1.78448e+6 
        3719.77      1.78529e+6 
        3720.07      1.78609e+6 
        3720.36      1.78679e+6 
        3720.52       1.7872e+6 
        3720.67      1.78754e+6 
        3720.98       1.7883e+6 
         3721.2      1.78881e+6 
        3721.43      1.78933e+6 
        3721.54      1.78959e+6 
        3721.66      1.78985e+6 
        3721.71      1.78998e+6 
        3721.77      1.79011e+6 
        3721.82      1.79024e+6 
        3721.88      1.79037e+6 
        3721.94       1.7905e+6 
        3721.99      1.79063e+6 
        3722.05      1.79076e+6 
        3722.11      1.79089e+6 
        3722.22      1.79115e+6 
         3722.4      1.79155e+6 
        3722.45      1.79166e+6 
         3722.5      1.79178e+6 
         3722.6      1.79201e+6 
         3722.7      1.79223e+6 
         3722.8      1.79247e+6 
         3722.9       1.7927e+6 
        3723.11      1.79317e+6 
        3723.23      1.79346e+6 
        3723.52      1.79412e+6 
        3723.81      1.79478e+6 
        3724.38       1.7961e+6 
        3725.45      1.79855e+6 
        3725.53      1.79873e+6 
        3725.62      1.79893e+6 
        3725.75      1.79923e+6 
        3725.78      1.79931e+6 
        3725.92      1.79961e+6 
        3725.93      1.79965e+6 
        3726.11      1.80007e+6 
        3726.48       1.8009e+6 
        3727.04      1.80219e+6 
        3727.37      1.80293e+6 
        3728.15      1.80474e+6 
        3728.64      1.80585e+6 
        3728.94      1.80654e+6 
        3729.01       1.8067e+6 
        3729.24      1.80723e+6 
        3729.84      1.80861e+6 
        3730.68      1.81052e+6 
        3732.19        1.814e+6 
        3732.34      1.81434e+6 
        3732.49      1.81468e+6 
        3732.79      1.81537e+6 
        3733.35      1.81665e+6 
        3733.38      1.81673e+6 
        3733.39      1.81675e+6 
         3733.4      1.81677e+6 
        3733.45      1.81688e+6 
        3733.55      1.81711e+6 
        3733.65      1.81733e+6 
        3733.75      1.81757e+6 
        3733.86      1.81781e+6 
           3734      1.81815e+6 
        3734.04      1.81824e+6 
        3734.06      1.81828e+6 
        3734.08      1.81833e+6 
        3734.13      1.81844e+6 
        3734.14      1.81846e+6 
        3734.16      1.81851e+6 
         3734.2      1.81859e+6 
        3734.25      1.81872e+6 
        3734.31      1.81885e+6 
        3734.37      1.81898e+6 
        3734.43      1.81911e+6 
        3734.48      1.81924e+6 
        3734.54      1.81937e+6 
        3734.65      1.81963e+6 
        3734.83      1.82004e+6 
        3734.88      1.82015e+6 
        3734.93      1.82027e+6 
        3735.03       1.8205e+6 
        3735.12      1.82071e+6 
        3735.17      1.82083e+6 
        3735.23      1.82096e+6 
        3735.33      1.82119e+6 
        3735.39      1.82133e+6 
        3735.49      1.82156e+6 
        3735.82       1.8223e+6 
           3736      1.82272e+6 
        3736.24      1.82328e+6 
        3736.49      1.82384e+6 
        3736.97      1.82495e+6 
        3737.83      1.82691e+6 
        3737.94      1.82718e+6 
        3738.06      1.82745e+6 
        3738.29      1.82798e+6 
        3738.59      1.82865e+6 
        3738.76      1.82905e+6 
        3738.94      1.82946e+6 
        3739.29      1.83026e+6 
         3739.5      1.83074e+6 
        3739.99      1.83186e+6 
        3740.48      1.83298e+6 
        3741.21      1.83467e+6 
        3741.45      1.83523e+6 
        3741.69      1.83578e+6 
        3742.09      1.83669e+6 
        3742.18      1.83689e+6 
        3742.26      1.83708e+6 
        3742.43      1.83746e+6 
        3742.67      1.83802e+6 
        3742.73      1.83816e+6 
        3742.76      1.83823e+6 
         3742.8      1.83831e+6 
        3742.86      1.83846e+6 
        3742.92      1.83859e+6 
        3743.17      1.83916e+6 
        3743.66      1.84029e+6 
        3744.62      1.84249e+6 
        3744.65      1.84257e+6 
        3746.45      1.84668e+6 
        3747.61      1.84934e+6 
        3748.27      1.85087e+6 
        3748.84      1.85219e+6 
         3748.9      1.85232e+6 
        3748.93      1.85239e+6 
        3748.96      1.85246e+6 
        3748.99      1.85251e+6 
        3749.08      1.85274e+6 
        3749.12      1.85281e+6 
        3749.18      1.85296e+6 
        3749.38      1.85341e+6 
        3749.41      1.85348e+6 
        3749.64      1.85401e+6 
        3749.75      1.85427e+6 
        3749.87      1.85453e+6 
        3749.92      1.85466e+6 
        3749.98      1.85479e+6 
        3750.04      1.85492e+6 
        3750.09      1.85505e+6 
        3750.15      1.85518e+6 
        3750.21      1.85531e+6 
        3750.27      1.85545e+6 
        3750.32      1.85558e+6 
        3750.44      1.85584e+6 
        3750.62      1.85625e+6 
        3750.66      1.85636e+6 
        3750.72      1.85648e+6 
        3750.82      1.85671e+6 
        3750.91      1.85693e+6 
        3751.02      1.85717e+6 
        3751.12      1.85741e+6 
        3751.33       1.8579e+6 
        3751.48      1.85824e+6 
        3751.76      1.85887e+6 
        3752.03      1.85951e+6 
        3752.59      1.86078e+6 
        3753.53      1.86295e+6 
         3753.7      1.86332e+6 
        3753.78      1.86352e+6 
        3753.86       1.8637e+6 
        3754.18      1.86444e+6 
        3754.27      1.86465e+6 
        3754.84      1.86594e+6 
        3755.89      1.86836e+6 
        3756.09      1.86881e+6 
        3757.47        1.872e+6 
        3757.51      1.87208e+6 
        3757.55      1.87217e+6 
        3758.93      1.87535e+6 
        3760.39      1.87869e+6 
        3761.66       1.8816e+6 
        3762.72      1.88404e+6 
        3763.23      1.88523e+6 
        3764.81      1.88885e+6 
        3765.07      1.88944e+6 
         3766.9      1.89365e+6 
        3768.55      1.89743e+6 
        3768.74      1.89787e+6 
        3768.93      1.89831e+6 
        3768.97      1.89841e+6 
         3769.2      1.89893e+6 
        3769.31      1.89919e+6 
        3769.66      1.89998e+6 
        3769.89      1.90051e+6 
        3770.11      1.90103e+6 
        3770.23       1.9013e+6 
        3770.34      1.90156e+6 
         3770.4      1.90169e+6 
        3770.46      1.90182e+6 
        3770.51      1.90195e+6 
        3770.57      1.90208e+6 
        3770.63      1.90221e+6 
        3770.69      1.90234e+6 
        3770.74      1.90248e+6 
         3770.8      1.90261e+6 
        3770.87      1.90276e+6 
        3770.92      1.90288e+6 
        3770.97      1.90299e+6 
        3770.99      1.90304e+6 
           3771      1.90308e+6 
        3771.07      1.90322e+6 
        3771.15       1.9034e+6 
         3771.3      1.90377e+6 
         3771.6      1.90446e+6 
        3771.89      1.90512e+6 
        3771.95      1.90526e+6 
        3772.21      1.90584e+6 
        3772.52      1.90657e+6 
        3773.15      1.90802e+6 
        3774.36      1.91078e+6 
         3775.5       1.9134e+6 
        3776.76      1.91631e+6 
        3777.13      1.91715e+6 
        3778.03      1.91921e+6 
         3778.4      1.92007e+6 
        3778.93      1.92128e+6 
        3780.73      1.92542e+6 
        3781.84      1.92798e+6 
        3783.05      1.93076e+6 
        3783.16      1.93101e+6 
        3784.26      1.93354e+6 
        3785.37      1.93608e+6 
        3786.22      1.93805e+6 
         3787.4      1.94075e+6 
        3787.57      1.94115e+6 
        3788.92      1.94425e+6 
        3790.45      1.94775e+6 
        3792.84      1.95325e+6 
        3793.49      1.95475e+6 
        3794.14      1.95624e+6 
         3794.9      1.95798e+6 
        3795.07      1.95837e+6 
        3795.44      1.95924e+6 
        3795.99      1.96049e+6 
        3796.45      1.96155e+6 
        3796.92      1.96262e+6 
        3797.15      1.96315e+6 
        3797.38      1.96367e+6 
        3797.49      1.96394e+6 
        3797.61      1.96421e+6 
        3797.67      1.96433e+6 
        3797.72      1.96447e+6 
        3797.78       1.9646e+6 
        3797.84      1.96473e+6 
         3797.9      1.96486e+6 
        3797.96        1.965e+6 
        3798.01      1.96513e+6 
        3798.07      1.96527e+6 
        3798.19      1.96553e+6 
        3798.37      1.96595e+6 
        3798.42      1.96606e+6 
        3798.47      1.96618e+6 
        3798.57      1.96641e+6 
        3798.66      1.96661e+6 
        3798.75      1.96684e+6 
        3798.77      1.96687e+6 
        3798.84      1.96703e+6 
        3798.88      1.96713e+6 
        3798.92      1.96722e+6 
        3799.05      1.96751e+6 
        3799.09      1.96761e+6 
        3799.43      1.96838e+6 
        3799.47      1.96849e+6 
         3799.8      1.96925e+6 
        3800.56      1.97099e+6 
        3801.65       1.9735e+6 
        3802.32      1.97503e+6 
        3803.83      1.97851e+6 
        3805.35      1.98199e+6 
        3807.84      1.98771e+6 
        3808.38      1.98895e+6 
        3808.92       1.9902e+6 
           3810      1.99268e+6 
        3811.59      1.99632e+6 
        3812.16      1.99765e+6 
        3812.74      1.99898e+6 
         3813.9      2.00163e+6 
        3815.78      2.00595e+6 
        3816.09      2.00667e+6 
        3816.21      2.00694e+6 
        3816.64      2.00793e+6 
        3817.44      2.00982e+6 
         3817.5      2.00998e+6 
        3818.92      2.01331e+6 
        3820.39      2.01686e+6 
        3822.57      2.02209e+6 
        3823.35      2.02396e+6 
        3823.51      2.02436e+6 
        3824.13      2.02584e+6 
        3825.68      2.02959e+6 
         3826.8      2.03227e+6 
        3827.86      2.03481e+6 
        3828.91      2.03734e+6 
        3830.45      2.04104e+6 
        3831.02      2.04241e+6 
        3831.59      2.04377e+6 
           3832      2.04476e+6 
        3832.53      2.04601e+6 
        3832.73      2.04651e+6 
        3833.46      2.04826e+6 
        3833.93      2.04937e+6 
        3834.39       2.0505e+6 
        3834.63      2.05105e+6 
        3834.86      2.05161e+6 
        3834.97      2.05189e+6 
        3835.09      2.05217e+6 
        3835.15      2.05231e+6 
        3835.21      2.05245e+6 
        3835.27      2.05258e+6 
        3835.33      2.05272e+6 
        3835.38      2.05286e+6 
        3835.44        2.053e+6 
         3835.5      2.05314e+6 
        3835.56      2.05329e+6 
        3835.63      2.05345e+6 
        3835.68      2.05357e+6 
        3835.73      2.05369e+6 
        3835.74      2.05373e+6 
        3835.77      2.05381e+6 
        3835.83      2.05393e+6 
        3835.91      2.05413e+6 
        3836.07      2.05453e+6 
        3836.38      2.05526e+6 
        3836.65      2.05591e+6 
        3836.98       2.0567e+6 
        3837.03      2.05683e+6 
        3837.31       2.0575e+6 
        3837.97      2.05909e+6 
        3838.65      2.06072e+6 
        3838.91      2.06135e+6 
        3839.18      2.06198e+6 
         3839.7      2.06325e+6 
        3840.76      2.06578e+6 
        3842.75      2.07057e+6 
        3842.83      2.07075e+6 
        3842.87      2.07085e+6 
        3842.91      2.07094e+6 
        3843.07      2.07131e+6 
        3843.38      2.07206e+6 
           3844      2.07356e+6 
        3844.59      2.07497e+6 
        3845.25      2.07655e+6 
        3845.55      2.07727e+6 
        3845.91      2.07814e+6 
        3847.23       2.0813e+6 
        3847.44      2.08181e+6 
        3848.91      2.08533e+6 
        3850.38      2.08884e+6 
        3851.98      2.09268e+6 
        3853.31      2.09587e+6 
        3854.64      2.09906e+6 
         3855.7       2.1016e+6 
         3857.3      2.10544e+6 
        3858.91      2.10928e+6 
        3862.01       2.1167e+6 
        3862.11      2.11695e+6 
        3862.22       2.1172e+6 
        3862.43       2.1177e+6 
        3862.85      2.11871e+6 
        3863.68      2.12072e+6 
        3865.17      2.12427e+6 
        3865.36      2.12473e+6 
        3865.56       2.1252e+6 
        3865.95      2.12613e+6 
        3866.73        2.128e+6 
        3867.68      2.13026e+6 
        3868.29      2.13172e+6 
         3868.9      2.13319e+6 
        3870.13      2.13613e+6 
        3871.32      2.13898e+6 
        3872.59      2.14199e+6 
        3873.85      2.14501e+6 
        3876.32      2.15092e+6 
        3876.37      2.15103e+6 
        3876.37      2.15103e+6 
        3876.37      2.15104e+6 
        3876.42      2.15116e+6 
        3876.52       2.1514e+6 
        3876.72      2.15187e+6 
        3876.95      2.15241e+6 
        3877.12      2.15283e+6 
        3877.92      2.15474e+6 
         3878.9      2.15707e+6 
        3880.29      2.16039e+6 
        3880.85      2.16173e+6 
        3881.42      2.16307e+6 
        3882.55      2.16576e+6 
         3884.4      2.17018e+6 
         3884.8      2.17114e+6 
        3884.92      2.17143e+6 
         3885.2       2.1721e+6 
        3886.01      2.17402e+6 
        3886.15      2.17436e+6 
         3887.1      2.17661e+6 
        3887.57      2.17773e+6 
        3888.04      2.17886e+6 
        3888.28      2.17942e+6 
        3888.52      2.17998e+6 
        3888.63      2.18026e+6 
        3888.75      2.18054e+6 
        3888.84      2.18075e+6 
        3888.87       2.1808e+6 
        3888.87      2.18081e+6 
         3888.9      2.18087e+6 
        3888.93      2.18094e+6 
        3888.99      2.18108e+6 
        3889.05      2.18121e+6 
        3889.11      2.18136e+6 
        3889.17      2.18151e+6 
        3889.22      2.18165e+6 
        3889.29      2.18182e+6 
        3889.34      2.18194e+6 
        3889.39      2.18207e+6 
        3889.41       2.1821e+6 
        3889.45       2.1822e+6 
        3889.49      2.18231e+6 
        3889.58      2.18251e+6 
        3889.75      2.18293e+6 
        3890.05      2.18365e+6 
        3890.32      2.18427e+6 
        3890.47      2.18465e+6 
        3890.66      2.18509e+6 
           3891      2.18591e+6 
        3891.68      2.18753e+6 
        3892.89      2.19042e+6 
        3893.94      2.19292e+6 
        3894.46      2.19414e+6 
        3895.31      2.19617e+6 
        3896.22      2.19834e+6 
        3896.68      2.19943e+6 
        3898.89       2.2047e+6 
         3899.6      2.20638e+6 
        3901.57      2.21107e+6 
        3903.89      2.21658e+6 
        3904.25      2.21742e+6 
        3908.89      2.22844e+6 
        3913.89      2.24029e+6 
        3918.89      2.25304e+6 
        3923.89      2.26591e+6 
        3928.22      2.27704e+6 
        3928.35      2.27739e+6 
        3928.89      2.27877e+6 
        3929.56      2.28049e+6 
         3930.9      2.28395e+6 
        3933.45       2.2905e+6 
        3935.81      2.29654e+6 
        3937.35      2.30048e+6 
        3938.89      2.30442e+6 
        3940.04      2.30737e+6 
        3941.96      2.31229e+6 
        3943.88       2.3172e+6 
        3946.58      2.32408e+6 
        3947.73      2.32702e+6 
        3948.88      2.32996e+6 
        3950.65      2.33446e+6 
        3951.01      2.33539e+6 
        3951.19      2.33582e+6 
        3951.72      2.33718e+6 
        3952.78      2.33989e+6 
        3954.55       2.3444e+6 
        3957.31      2.35139e+6 
        3958.09      2.35339e+6 
        3958.62      2.35474e+6 
        3958.88      2.35539e+6 
        3960.45      2.35938e+6 
        3962.28      2.36403e+6 
        3965.74      2.37278e+6 
        3965.94      2.37329e+6 
        3966.15      2.37381e+6 
        3966.56      2.37485e+6 
        3966.68      2.37515e+6 
        3967.28      2.37668e+6 
        3967.38      2.37692e+6 
        3968.08      2.37869e+6 
        3968.71      2.38028e+6 
        3968.88      2.38071e+6 
        3969.05      2.38113e+6 
        3969.23       2.3816e+6 
        3969.29      2.38174e+6 
        3969.38      2.38197e+6 
        3969.53      2.38234e+6 
        3969.65      2.38263e+6 
        3969.77      2.38293e+6 
        3969.83      2.38308e+6 
        3969.89      2.38322e+6 
        3969.95      2.38336e+6 
        3970.01       2.3835e+6 
        3970.07      2.38365e+6 
        3970.13      2.38381e+6 
        3970.19      2.38397e+6 
        3970.25      2.38414e+6 
        3970.32      2.38433e+6 
        3970.37      2.38446e+6 
        3970.42      2.38459e+6 
        3970.43      2.38461e+6 
        3970.49      2.38478e+6 
        3970.52      2.38485e+6 
        3970.61      2.38508e+6 
         3970.8      2.38555e+6 
         3971.1      2.38632e+6 
        3971.33      2.38692e+6 
        3971.59      2.38758e+6 
         3971.7      2.38785e+6 
        3972.06      2.38878e+6 
        3972.79      2.39063e+6 
        3973.99      2.39367e+6 
        3974.94      2.39606e+6 
         3976.4      2.39975e+6 
        3976.84      2.40088e+6 
        3977.86      2.40345e+6 
        3978.87      2.40601e+6 
        3979.58      2.40778e+6 
         3980.9      2.41113e+6 
        3982.23      2.41448e+6 
        3984.18      2.41939e+6 
        3984.88      2.42116e+6 
        3985.12      2.42175e+6 
        3985.59      2.42293e+6 
        3986.99      2.42648e+6 
        3988.87      2.43119e+6 
        3991.38      2.43749e+6 
        3992.62      2.44062e+6 
        3993.85       2.4437e+6 
        3993.87      2.44374e+6 
        3996.36      2.44998e+6 
        3998.87      2.45626e+6 
        4003.87      2.46875e+6 
        4008.87      2.48121e+6 
        4013.86      2.49385e+6 
        4018.86      2.50673e+6 
        4023.86      2.51958e+6 
        4025.34      2.52339e+6 
        4028.86      2.53249e+6 
        4032.38      2.54156e+6 
        4032.95      2.54301e+6 
        4033.86      2.54537e+6 
         4035.9      2.55062e+6 
        4038.86      2.55821e+6 
        4043.86      2.57101e+6 
        4048.86      2.58378e+6 
        4053.86      2.59651e+6 
        4058.85      2.60919e+6 
        4063.85      2.62183e+6 
        4068.85      2.63442e+6 
        4073.85      2.64696e+6 
        4075.42      2.65089e+6 
        4078.85      2.65946e+6 
        4082.28      2.66799e+6 
        4082.56      2.66869e+6 
           4084      2.67228e+6 
         4085.7       2.6765e+6 
        4088.84      2.68428e+6 
         4089.7      2.68638e+6 
        4093.69      2.69622e+6 
        4096.52      2.70316e+6 
        4097.68      2.70601e+6 
        4098.01      2.70682e+6 
        4098.68      2.70845e+6 
        4098.84      2.70885e+6 
        4099.68      2.71088e+6 
        4100.17      2.71209e+6 
        4100.67      2.71329e+6 
        4100.92      2.71388e+6 
        4101.17      2.71447e+6 
         4101.3      2.71476e+6 
        4101.42      2.71504e+6 
        4101.48      2.71517e+6 
        4101.55       2.7153e+6 
        4101.61      2.71541e+6 
        4101.67      2.71552e+6 
        4101.73      2.71565e+6 
         4101.8      2.71583e+6 
        4101.86      2.71602e+6 
        4101.92      2.71622e+6 
        4102.05      2.71658e+6 
         4102.3      2.71724e+6 
        4102.74      2.71839e+6 
        4102.79      2.71851e+6 
        4102.85      2.71864e+6 
        4102.94      2.71889e+6 
        4103.15      2.71939e+6 
         4103.3      2.71977e+6 
        4103.55      2.72039e+6 
        4103.79      2.72101e+6 
        4104.29      2.72225e+6 
        4104.78      2.72348e+6 
        4105.29      2.72473e+6 
        4105.79      2.72597e+6 
        4106.79      2.72845e+6 
        4108.68      2.73311e+6 
        4108.76      2.73331e+6 
         4108.8      2.73341e+6 
        4108.84      2.73351e+6 
        4108.86      2.73355e+6 
           4109      2.73392e+6 
        4109.32      2.73477e+6 
        4109.78      2.73598e+6 
         4110.7       2.7384e+6 
        4111.32      2.74002e+6 
        4112.55      2.74324e+6 
        4113.77      2.74647e+6 
        4114.69      2.74887e+6 
        4116.23      2.75289e+6 
        4116.69       2.7541e+6 
        4117.77       2.7569e+6 
        4118.13      2.75784e+6 
        4118.84      2.75969e+6 
        4120.98      2.76527e+6 
        4123.84      2.77268e+6 
        4126.14      2.77865e+6 
        4128.84      2.78561e+6 
         4129.6      2.78759e+6 
        4131.53      2.79253e+6 
        4133.83      2.79846e+6 
        4134.22      2.79944e+6 
        4138.83      2.81124e+6 
        4143.83      2.82396e+6 
        4148.83      2.83661e+6 
        4153.83       2.8492e+6 
        4158.83      2.86171e+6 
        4163.83      2.87416e+6 
        4168.82      2.88654e+6 
        4173.82      2.89885e+6 
        4178.82      2.91109e+6 
        4183.82      2.92326e+6 
        4188.82      2.93536e+6 
        4193.82       2.9474e+6 
        4198.82      2.95935e+6 
        4203.81      2.97124e+6 
        4208.81      2.98323e+6 
        4213.81      2.99527e+6 
        4216.52      3.00176e+6 
        4217.24      3.00348e+6 
        4218.81      3.00723e+6 
         4221.1      3.01268e+6 
        4223.81      3.01911e+6 
        4224.95      3.02183e+6 
        4228.81      3.03093e+6 
        4233.81      3.04266e+6 
        4238.81      3.05432e+6 
        4243.81      3.06589e+6 
         4248.8      3.07739e+6 
         4253.8       3.0888e+6 
         4258.8      3.10014e+6 
         4263.8      3.11139e+6 
         4268.8      3.12256e+6 
         4273.8      3.13364e+6 
         4278.8      3.14464e+6 
        4283.79      3.15554e+6 
        4288.79      3.16635e+6 
        4293.79      3.17703e+6 
        4298.79      3.18765e+6 
        4303.79      3.19808e+6 
        4308.79      3.20807e+6 
        4313.79      3.21793e+6 
        4314.07       3.2185e+6 
        4318.78      3.22767e+6 
        4320.85      3.23166e+6 
         4323.5      3.23675e+6 
        4326.14      3.24178e+6 
        4326.48      3.24241e+6 
        4328.78      3.24677e+6 
        4330.23      3.24951e+6 
        4331.09      3.25111e+6 
        4331.15      3.25123e+6 
        4331.95      3.25271e+6 
        4333.66      3.25592e+6 
        4334.06      3.25667e+6 
        4336.17       3.2606e+6 
        4337.79      3.26358e+6 
        4338.22      3.26437e+6 
        4338.28      3.26449e+6 
        4338.78      3.26537e+6 
        4338.81      3.26543e+6 
        4339.34      3.26638e+6 
         4339.6      3.26682e+6 
        4339.87      3.26726e+6 
           4340      3.26748e+6 
        4340.13      3.26763e+6 
         4340.2       3.2677e+6 
        4340.26      3.26776e+6 
        4340.33      3.26776e+6 
         4340.4      3.26776e+6 
        4340.46      3.26782e+6 
        4340.53      3.26801e+6 
        4340.59      3.26826e+6 
        4340.66      3.26851e+6 
        4340.79      3.26892e+6 
        4341.01      3.26946e+6 
        4341.06      3.26955e+6 
         4341.1      3.26968e+6 
         4341.2       3.2699e+6 
        4341.23      3.26996e+6 
        4341.24      3.26996e+6 
         4341.4      3.27034e+6 
        4341.58      3.27071e+6 
        4341.94      3.27147e+6 
        4342.64      3.27291e+6 
        4343.33      3.27432e+6 
        4343.57      3.27483e+6 
        4344.04      3.27577e+6 
        4344.75      3.27722e+6 
        4346.17      3.28007e+6 
        4348.58      3.28491e+6 
        4348.78      3.28532e+6 
        4348.98      3.28573e+6 
        4349.37      3.28651e+6 
        4350.17      3.28812e+6 
        4350.32       3.2884e+6 
        4351.76      3.29129e+6 
         4353.2      3.29415e+6 
        4354.73       3.2972e+6 
        4356.08      3.29987e+6 
        4356.08      3.29987e+6 
        4357.43      3.30251e+6 
        4358.77      3.30518e+6 
        4359.17      3.30593e+6 
        4361.47      3.31036e+6 
        4363.77      3.31485e+6 
        4367.98      3.32293e+6 
        4368.38      3.32368e+6 
        4368.52      3.32399e+6 
        4368.77      3.32446e+6 
        4369.56      3.32597e+6 
        4371.15      3.32899e+6 
        4373.77      3.33395e+6 
        4378.77      3.34335e+6 
        4383.77      3.35261e+6 
        4388.77      3.36182e+6 
        4393.77       3.3709e+6 
        4398.76      3.37991e+6 
        4403.76      3.38739e+6 
        4408.76      3.39421e+6 
        4413.76      3.40099e+6 
        4418.76      3.40775e+6 
        4423.76      3.41444e+6 
        4428.76      3.42113e+6 
        4433.75      3.42773e+6 
        4438.75      3.43433e+6 
        4443.75      3.44086e+6 
        4448.75      3.44736e+6 
        4453.75      3.45384e+6 
        4458.75      3.46028e+6 
        4463.75      3.46665e+6 
        4468.74      3.47303e+6 
        4473.74      3.47935e+6 
        4478.74      3.48563e+6 
        4483.74      3.49188e+6 
        4488.74       3.4981e+6 
        4493.74      3.50426e+6 
        4498.74      3.51133e+6 
        4503.74      3.52059e+6 
        4508.73      3.52977e+6 
        4513.73      3.53885e+6 
        4514.12      3.53954e+6 
        4518.73       3.5478e+6 
        4523.35      3.55597e+6 
        4527.19      3.56272e+6 
        4527.96      3.56407e+6 
        4528.73      3.56542e+6 
        4530.27       3.5681e+6 
        4532.97      3.57274e+6 
        4533.29      3.57331e+6 
        4533.35       3.5734e+6 
        4533.73      3.57406e+6 
        4534.49      3.57535e+6 
        4536.01      3.57796e+6 
        4538.73      3.58261e+6 
        4543.73      3.59106e+6 
        4548.72      3.59942e+6 
        4553.72      3.60765e+6 
        4558.72      3.61582e+6 
        4563.72      3.62386e+6 
        4568.72      3.63184e+6 
        4573.72      3.63969e+6 
        4578.72      3.64745e+6 
        4583.72      3.65512e+6 
        4588.71      3.66269e+6 
        4593.71      3.67017e+6 
        4596.53      3.67384e+6 
        4596.98      3.67444e+6 
        4598.71      3.67667e+6 
        4600.89      3.67943e+6 
        4603.71      3.68298e+6 
         4604.8      3.68433e+6 
        4608.71       3.6892e+6 
        4613.71      3.69539e+6 
         4618.7      3.70152e+6 
         4623.7      3.70758e+6 
         4628.7      3.71358e+6 
         4633.7      3.71952e+6 
         4638.7      3.72543e+6 
         4643.7      3.73127e+6 
         4648.7      3.73705e+6 
         4653.7      3.74277e+6 
        4658.69      3.74842e+6 
        4663.69      3.75405e+6 
        4668.69      3.75961e+6 
        4673.69       3.7651e+6 
        4678.69      3.77054e+6 
        4683.69      3.77591e+6 
        4688.69      3.78125e+6 
        4693.69       3.7864e+6 
        4698.68      3.79134e+6 
        4703.68      3.79621e+6 
        4708.68      3.80101e+6 
        4713.68      3.80579e+6 
         4715.6      3.80761e+6 
        4718.68      3.81053e+6 
        4720.98       3.8127e+6 
        4721.76      3.81342e+6 
        4723.68      3.81521e+6 
        4724.83      3.81628e+6 
        4728.68      3.81983e+6 
        4733.68      3.82442e+6 
        4738.67      3.82894e+6 
        4743.67      3.83343e+6 
        4748.67      3.83783e+6 
        4753.67       3.8422e+6 
        4758.67      3.84653e+6 
        4763.67      3.85078e+6 
        4768.67      3.85495e+6 
        4773.66      3.85907e+6 
        4778.66      3.86312e+6 
        4783.66      3.86711e+6 
        4788.66      3.87101e+6 
        4793.66      3.87471e+6 
        4798.66      3.87833e+6 
        4803.66      3.88185e+6 
        4808.65      3.88524e+6 
        4813.65      3.88847e+6 
        4818.65      3.89159e+6 
        4823.65      3.89448e+6 
        4828.65      3.89715e+6 
        4833.65      3.89956e+6 
        4834.97      3.90016e+6 
        4838.65      3.90173e+6 
        4839.16      3.90195e+6 
        4842.32      3.90318e+6 
        4845.48      3.90431e+6 
         4845.5      3.90431e+6 
        4847.05      3.90481e+6 
        4848.64      3.90535e+6 
        4851.78      3.90632e+6 
        4854.39      3.90714e+6 
        4856.52      3.90783e+6 
         4858.4      3.90842e+6 
        4858.64      3.90849e+6 
        4858.66      3.90849e+6 
        4858.88      3.90855e+6 
        4859.36      3.90868e+6 
        4859.47      3.90871e+6 
        4860.06       3.9088e+6 
        4860.36       3.9088e+6 
        4860.66      3.90874e+6 
        4860.81      3.90864e+6 
        4860.95      3.90846e+6 
        4861.03       3.9083e+6 
         4861.1      3.90808e+6 
        4861.18       3.9077e+6 
        4861.25      3.90732e+6 
        4861.32      3.90714e+6 
         4861.4      3.90742e+6 
        4861.47      3.90792e+6 
        4861.54      3.90839e+6 
        4861.64      3.90883e+6 
        4861.69      3.90899e+6 
        4861.69      3.90899e+6 
        4861.69      3.90899e+6 
        4861.69      3.90902e+6 
        4861.74      3.90915e+6 
        4861.84      3.90937e+6 
        4861.98      3.90965e+6 
        4861.99      3.90968e+6 
        4862.28      3.91015e+6 
        4862.58      3.91059e+6 
         4862.6      3.91062e+6 
        4863.18      3.91135e+6 
        4863.73      3.91201e+6 
        4863.76      3.91204e+6 
        4864.93      3.91336e+6 
        4866.13      3.91471e+6 
        4868.41      3.91722e+6 
        4868.53      3.91735e+6 
        4868.64      3.91747e+6 
        4868.86      3.91775e+6 
        4869.32      3.91826e+6 
        4869.58      3.91854e+6 
        4870.22      3.91926e+6 
        4870.86      3.91995e+6 
        4872.13       3.9214e+6 
        4874.62      3.92416e+6 
        4874.69      3.92423e+6 
        4874.75      3.92432e+6 
        4874.87      3.92445e+6 
        4875.12      3.92473e+6 
        4875.61      3.92526e+6 
        4876.61      3.92636e+6 
        4878.45      3.92837e+6 
        4878.54      3.92847e+6 
        4878.59      3.92853e+6 
        4878.64      3.92856e+6 
        4878.82      3.92878e+6 
        4879.19      3.92916e+6 
        4879.53      3.92954e+6 
        4879.92      3.92994e+6 
        4880.32      3.93038e+6 
        4880.94      3.93104e+6 
        4881.12      3.93123e+6 
        4882.71       3.9329e+6 
        4884.48      3.93472e+6 
         4887.4      3.93761e+6 
        4888.02      3.93824e+6 
        4888.63      3.93883e+6 
        4889.87      3.94003e+6 
        4891.06      3.94113e+6 
        4892.35      3.94235e+6 
        4893.63      3.94352e+6 
        4893.78      3.94367e+6 
         4896.2      3.94584e+6 
        4898.63      3.94798e+6 
        4903.34        3.952e+6 
        4903.48      3.95212e+6 
        4903.63      3.95222e+6 
        4903.92      3.95247e+6 
         4904.5      3.95294e+6 
        4905.66      3.95388e+6 
        4907.33      3.95523e+6 
        4907.98      3.95577e+6 
        4908.63      3.95627e+6 
        4909.93      3.95731e+6 
        4911.43       3.9585e+6 
        4912.53      3.95935e+6 
        4913.01      3.95973e+6 
        4913.63      3.96017e+6 
        4915.55      3.96164e+6 
        4915.82      3.96183e+6 
        4918.24      3.96365e+6 
        4918.63      3.96394e+6 
         4921.7       3.9662e+6 
        4923.62      3.96758e+6 
        4925.16      3.96868e+6 
        4928.62       3.9711e+6 
        4933.62      3.97452e+6 
        4938.62      3.97788e+6 
        4943.62      3.98118e+6 
        4948.62      3.98439e+6 
        4953.62      3.98753e+6 
        4958.61      3.99064e+6 
        4963.61      3.99366e+6 
        4968.61      3.99667e+6 
        4973.61      3.99959e+6 
        4978.61      4.00251e+6 
        4983.61      4.00534e+6 
        4988.61      4.00808e+6 
        4993.61      4.01075e+6 
         4998.6      4.01342e+6 
         5003.6      4.01602e+6 
         5008.6       4.0186e+6 
         5013.6      4.02114e+6 
         5018.6      4.02366e+6 
         5023.6      4.02617e+6 
         5028.6      4.02862e+6 
         5033.6      4.03104e+6 
        5038.59      4.03343e+6 
        5043.59      4.03578e+6 
        5048.59      4.03811e+6 
        5053.59      4.04043e+6 
        5058.59       4.0427e+6 
        5063.59      4.04496e+6 
        5068.59      4.04716e+6 
        5073.58      4.04936e+6 
        5078.58      4.05152e+6 
        5083.58      4.05353e+6 
        5088.58      4.05545e+6 
        5093.58      4.05734e+6 
        5098.58      4.05922e+6 
        5103.58      4.06107e+6 
        5108.57       4.0629e+6 
        5113.57      4.06469e+6 
        5118.57      4.06648e+6 
        5123.57      4.06824e+6 
        5128.57      4.06996e+6 
        5133.57      4.07169e+6 
        5138.57      4.07339e+6 
        5143.57      4.07505e+6 
        5148.56      4.07669e+6 
        5153.56      4.07832e+6 
        5158.56      4.07992e+6 
        5163.56      4.08149e+6 
        5168.56      4.08307e+6 
        5173.56       4.0846e+6 
        5178.56      4.08608e+6 
        5183.56      4.08737e+6 
        5188.55      4.08866e+6 
        5193.55      4.08991e+6 
        5198.55      4.09114e+6 
        5203.55      4.09236e+6 
        5208.55      4.09359e+6 
        5213.55      4.09475e+6 
        5218.55      4.09591e+6 
        5223.54      4.09708e+6 
        5228.54      4.09821e+6 
        5233.54      4.09931e+6 
        5238.54      4.10041e+6 
        5243.54      4.10147e+6 
        5248.54      4.10251e+6 
        5253.54      4.10355e+6 
        5258.53      4.10455e+6 
        5263.53      4.10556e+6 
        5268.53      4.10653e+6 
        5273.53      4.10751e+6 
        5278.53      4.10905e+6 
        5283.53      4.11068e+6 
        5288.53      4.11225e+6 
        5293.52      4.11382e+6 
        5298.52      4.11533e+6 
        5303.52      4.11684e+6 
        5308.52      4.11828e+6 
        5313.52       4.1197e+6 
        5318.52      4.12111e+6 
        5323.52      4.12246e+6 
        5328.52      4.12378e+6 
        5333.52       4.1251e+6 
        5338.51      4.12636e+6 
        5343.51      4.12758e+6 
        5348.51      4.12881e+6 
        5353.51      4.12997e+6 
        5358.51      4.13113e+6 
        5363.51      4.13233e+6 
        5368.51      4.13342e+6 
         5373.5      4.13421e+6 
         5378.5      4.13459e+6 
         5383.5      4.13496e+6 
         5388.5      4.13531e+6 
         5393.5      4.13566e+6 
         5398.5      4.13597e+6 
         5403.5      4.13625e+6 
        5408.49      4.13657e+6 
        5413.49      4.13682e+6 
        5418.49      4.13707e+6 
        5423.49      4.13732e+6 
        5428.49      4.13754e+6 
        5433.49      4.13776e+6 
        5438.49      4.13795e+6 
        5443.48      4.13811e+6 
        5448.48      4.13826e+6 
        5453.48      4.13842e+6 
        5458.48      4.13855e+6 
        5463.48      4.13864e+6 
        5468.48      4.13873e+6 
        5473.48      4.13924e+6 
        5478.48      4.13974e+6 
        5483.48      4.14021e+6 
        5488.47      4.14068e+6 
        5493.47      4.14112e+6 
        5498.47      4.14153e+6 
        5503.47      4.14194e+6 
        5508.47      4.14232e+6 
        5513.47      4.14266e+6 
        5518.47      4.14301e+6 
        5523.46      4.14332e+6 
        5528.46      4.14364e+6 
        5533.46      4.14392e+6 
        5538.46      4.14417e+6 
        5543.46      4.14442e+6 
        5548.46      4.14464e+6 
        5553.46      4.14486e+6 
        5558.45      4.14505e+6 
        5563.45      4.14521e+6 
        5568.45      4.14536e+6 
        5573.45      4.14549e+6 
        5578.45      4.14558e+6 
        5583.45      4.14568e+6 
        5588.45      4.14574e+6 
        5593.44       4.1458e+6 
        5598.44      4.14583e+6 
        5603.44      4.14587e+6 
        5608.44      4.14587e+6 
        5613.44      4.14583e+6 
        5618.44       4.1458e+6 
        5623.44      4.14577e+6 
        5628.44      4.14571e+6 
        5633.43      4.14561e+6 
        5638.43      4.14552e+6 
        5643.43      4.14543e+6 
        5648.43      4.14527e+6 
        5653.43      4.14514e+6 
        5658.43      4.14495e+6 
        5663.43       4.1448e+6 
        5668.43      4.14461e+6 
        5673.42      4.14439e+6 
        5673.98      4.14439e+6 
        5678.42      4.14417e+6 
        5682.86      4.14395e+6 
         5686.2      4.14376e+6 
        5687.31       4.1437e+6 
        5687.86      4.14367e+6 
        5688.42      4.14364e+6 
        5690.64      4.14351e+6 
        5693.42      4.14335e+6 
        5698.42      4.14307e+6 
        5703.41      4.14276e+6 
        5704.77      4.14266e+6 
        5708.41      4.14241e+6 
        5708.88      4.14238e+6 
        5712.06      4.14216e+6 
        5713.41      4.14206e+6 
        5715.23      4.14194e+6 
        5718.41      4.14172e+6 
        5723.41      4.14134e+6 
        5728.41      4.14096e+6 
        5733.41      4.14056e+6 
        5738.41      4.14012e+6 
         5743.4      4.13971e+6 
         5748.4      4.13924e+6 
         5753.4       4.1388e+6 
         5758.4      4.13829e+6 
         5763.4      4.13735e+6 
         5768.4      4.13682e+6 
         5773.4      4.13628e+6 
         5778.4      4.13575e+6 
        5783.39      4.13522e+6 
        5788.39      4.13462e+6 
        5793.39      4.13405e+6 
        5798.39      4.13346e+6 
        5803.39      4.13283e+6 
        5808.39       4.1322e+6 
        5813.39      4.13157e+6 
        5818.39      4.13091e+6 
        5823.38      4.13025e+6 
        5828.38      4.12956e+6 
        5833.38      4.12887e+6 
        5838.38      4.12818e+6 
        5843.38      4.12746e+6 
        5848.38      4.12673e+6 
        5853.38      4.12598e+6 
        5858.37      4.12523e+6 
        5863.37      4.12444e+6 
        5868.37      4.12369e+6 
        5873.37      4.12287e+6 
        5878.37      4.12208e+6 
        5883.37      4.12127e+6 
        5888.37      4.12042e+6 
        5893.36      4.11957e+6 
        5898.36      4.11872e+6 
        5903.36      4.11784e+6 
        5908.36      4.11696e+6 
        5913.36      4.11608e+6 
        5918.36      4.11517e+6 
        5923.36      4.11423e+6 
        5928.35      4.11332e+6 
        5933.35      4.11238e+6 
        5938.35       4.1114e+6 
        5943.35      4.11043e+6 
        5948.35      4.10945e+6 
        5953.35      4.10845e+6 
        5958.35      4.10744e+6 
        5963.35      4.10641e+6 
        5968.34      4.10534e+6 
        5973.34       4.1043e+6 
        5978.34      4.10323e+6 
        5983.34      4.10213e+6 
        5988.34      4.10104e+6 
        5993.34      4.09994e+6 
        5998.34      4.09884e+6 
        6003.34       4.0977e+6 
        6008.33      4.09657e+6 
        6013.33      4.09541e+6 
        6018.33      4.09425e+6 
        6023.33      4.09309e+6 
        6028.33      4.09189e+6 
        6033.33       4.0907e+6 
        6038.32      4.08951e+6 
        6043.32      4.08828e+6 
        6048.32      4.08705e+6 
        6053.32       4.0858e+6 
        6058.32      4.08454e+6 
        6063.32      4.08329e+6 
        6068.32      4.08203e+6 
        6073.32      4.08074e+6 
        6078.31      4.07945e+6 
        6083.31      4.07813e+6 
        6088.31      4.07681e+6 
        6093.31      4.07549e+6 
        6098.31      4.07414e+6 
        6103.31      4.07279e+6 
        6108.31      4.07144e+6 
        6113.31      4.07006e+6 
         6118.3      4.06868e+6 
         6123.3      4.06729e+6 
         6128.3      4.06588e+6 
         6133.3      4.06447e+6 
         6138.3      4.06305e+6 
         6143.3      4.06164e+6 
         6148.3      4.06019e+6 
        6153.29      4.05872e+6 
        6158.29      4.05724e+6 
        6163.29      4.05576e+6 
        6168.29      4.05429e+6 
        6173.29      4.05278e+6 
        6178.29      4.05127e+6 
        6183.29      4.04973e+6 
        6188.28      4.04819e+6 
        6193.28      4.04665e+6 
        6198.28      4.04511e+6 
        6203.28      4.04354e+6 
        6208.28      4.04197e+6 
        6213.28      4.04037e+6 
        6218.28      4.03877e+6 
        6223.28      4.03717e+6 
        6228.27      4.03556e+6 
        6233.27      4.03393e+6 
        6238.27      4.03227e+6 
        6243.27      4.03063e+6 
        6244.38      4.03025e+6 
        6248.27      4.02897e+6 
        6252.16      4.02765e+6 
        6253.82      4.02711e+6 
        6256.04      4.02636e+6 
        6258.27      4.02561e+6 
        6262.16      4.02429e+6 
        6262.71       4.0241e+6 
        6263.27      4.02391e+6 
        6264.37      4.02353e+6 
        6264.91      4.02334e+6 
        6266.59      4.02278e+6 
        6268.26      4.02218e+6 
        6269.97      4.02162e+6 
        6271.61      4.02105e+6 
        6273.26      4.02045e+6 
        6274.85      4.01992e+6 
        6276.56      4.01932e+6 
        6278.26      4.01873e+6 
        6280.08       4.0181e+6 
        6281.67      4.01753e+6 
        6283.26        4.017e+6 
        6284.63      4.01649e+6 
        6286.44      4.01587e+6 
        6288.26      4.01524e+6 
        6290.52      4.01442e+6 
        6291.89      4.01395e+6 
        6293.26      4.01345e+6 
        6293.73      4.01329e+6 
        6295.99      4.01247e+6 
        6298.26      4.01166e+6 
        6302.31      4.01021e+6 
        6302.78      4.01002e+6 
        6303.25      4.00987e+6 
        6303.92      4.00961e+6 
         6304.2      4.00952e+6 
        6306.09      4.00883e+6 
        6308.25      4.00804e+6 
        6311.92      4.00669e+6 
        6312.59      4.00647e+6 
        6313.25      4.00622e+6 
        6314.58      4.00572e+6 
        6316.22      4.00512e+6 
        6317.23      4.00475e+6 
        6317.31      4.00471e+6 
        6318.25      4.00437e+6 
        6320.28      4.00361e+6 
        6323.25      4.00251e+6 
        6328.25      4.00063e+6 
        6333.25      3.99874e+6 
        6338.24      3.99683e+6 
        6343.24      3.99491e+6 
        6348.24      3.99296e+6 
        6353.24      3.99099e+6 
        6358.24      3.98901e+6 
        6363.24        3.987e+6 
        6368.24      3.98495e+6 
        6373.23      3.98291e+6 
        6378.23      3.98084e+6 
        6383.23      3.97873e+6 
        6388.23       3.9766e+6 
        6393.23      3.97443e+6 
        6398.23       3.9722e+6 
        6403.23      3.96997e+6 
        6408.23      3.96771e+6 
        6413.22      3.96538e+6 
        6418.22      3.96302e+6 
        6423.22      3.96061e+6 
        6428.22      3.95812e+6 
        6433.22      3.95558e+6 
        6438.22        3.953e+6 
        6443.22      3.95033e+6 
        6448.22      3.94757e+6 
        6453.21      3.94474e+6 
        6458.21      3.94179e+6 
        6463.21      3.93874e+6 
        6468.21      3.93557e+6 
        6473.21      3.93224e+6 
        6478.21      3.92875e+6 
         6483.2      3.92511e+6 
         6488.2      3.92124e+6 
         6493.2      3.91719e+6 
         6498.2      3.91285e+6 
         6503.2      3.90824e+6 
         6508.2      3.90333e+6 
         6513.2      3.89806e+6 
         6518.2       3.8924e+6 
        6523.19      3.88634e+6 
        6523.72      3.88565e+6 
        6528.19       3.8798e+6 
        6532.67      3.87362e+6 
         6536.1      3.86862e+6 
        6537.14      3.86708e+6 
        6537.38       3.8667e+6 
        6538.19      3.86551e+6 
        6540.29      3.86231e+6 
        6543.19      3.85778e+6 
        6546.46      3.85263e+6 
        6546.72      3.85219e+6 
        6548.19      3.84986e+6 
        6549.92       3.8471e+6 
        6553.11      3.84201e+6 
        6554.43      3.83991e+6 
        6556.31      3.83689e+6 
        6556.87      3.83595e+6 
         6557.9      3.83422e+6 
        6558.19      3.83375e+6 
         6559.5      3.83133e+6 
         6560.3      3.82966e+6 
         6561.1      3.82769e+6 
         6561.5       3.8264e+6 
         6561.9       3.8247e+6 
        6562.09      3.82351e+6 
        6562.29      3.82184e+6 
        6562.39      3.82062e+6 
        6562.49      3.81886e+6 
        6562.59      3.81622e+6 
        6562.69      3.81352e+6 
        6562.79      3.81207e+6 
        6562.89      3.81342e+6 
        6562.99      3.81606e+6 
        6563.09      3.81864e+6 
        6563.29      3.82143e+6 
        6563.64      3.82379e+6 
        6563.69      3.82398e+6 
        6563.69      3.82398e+6 
        6563.69      3.82401e+6 
        6563.74      3.82423e+6 
        6563.84      3.82461e+6 
        6564.04      3.82527e+6 
        6564.29      3.82593e+6 
        6564.39      3.82618e+6 
        6564.44      3.82627e+6 
        6564.49      3.82637e+6 
        6564.69      3.82677e+6 
        6565.08      3.82747e+6 
        6565.64      3.82825e+6 
        6565.86      3.82853e+6 
        6566.09      3.82882e+6 
        6566.54      3.82932e+6 
        6566.69      3.82951e+6 
        6567.09      3.82992e+6 
        6567.44      3.83026e+6 
        6568.18      3.83095e+6 
        6569.28      3.83189e+6 
        6570.48      3.83293e+6 
        6571.48      3.83375e+6 
        6572.47      3.83457e+6 
        6573.27      3.83522e+6 
        6574.47       3.8362e+6 
        6575.67       3.8372e+6 
        6577.95      3.83906e+6 
        6578.06      3.83915e+6 
        6578.18      3.83925e+6 
        6578.41      3.83943e+6 
        6578.87      3.83981e+6 
        6579.79      3.84053e+6 
        6580.08      3.84079e+6 
        6581.63      3.84201e+6 
        6583.18       3.8432e+6 
        6584.38      3.84415e+6 
        6586.28      3.84556e+6 
        6587.91      3.84672e+6 
        6588.18      3.84691e+6 
        6588.44       3.8471e+6 
        6588.98      3.84748e+6 
        6590.04       3.8482e+6 
        6591.02      3.84886e+6 
        6592.17      3.84961e+6 
        6593.01      3.85015e+6 
        6593.31       3.8503e+6 
        6595.59      3.85169e+6 
        6598.17       3.8531e+6 
        6603.34      3.85558e+6 
        6613.66      3.85916e+6 
         6634.3      3.86165e+6 
        6639.69      3.86152e+6 
        6675.58      3.85561e+6 
        6711.48      3.84462e+6 
        6741.75      3.83353e+6 
        6783.26      3.81675e+6 
        6824.78      3.79888e+6 
        6907.81      3.76146e+6 
        6990.84      3.72225e+6 
         7038.6      3.69913e+6 
        7073.87      3.68179e+6 
        7109.15      3.66426e+6 
        7179.69       3.6291e+6 
        7250.24      3.59335e+6 
        7320.78      3.55707e+6 
        7389.14      3.52169e+6 
        7391.33      3.52056e+6 
        7393.51       3.5194e+6 
        7397.89      3.51714e+6 
        7406.65      3.51258e+6 
        7424.15      3.50347e+6 
        7459.17      3.48519e+6 
         7529.2      3.44834e+6 
        7599.23       3.4112e+6 
        7660.63      3.37847e+6 
        7669.25      3.37385e+6 
        7677.88      3.36923e+6 
        7695.14      3.36009e+6 
        7729.65      3.34177e+6 
        7798.67      3.30502e+6 
        7867.69      3.26814e+6 
        7911.17      3.24486e+6 
        7936.71      3.23119e+6 
        7962.25      3.21749e+6 
        8013.32      3.19029e+6 
        8046.24      3.17276e+6 
         8064.4      3.16308e+6 
        8082.55      3.15341e+6 
        8118.86      3.13416e+6 
        8180.09      3.10169e+6 
        8191.47      3.09566e+6 
        8200.85      3.09069e+6 
        8202.85      3.08963e+6 
        8204.85      3.08857e+6 
        8208.85      3.08647e+6 
        8216.85      3.08225e+6 
        8232.84      3.07382e+6 
        8264.83      3.05698e+6 
        8289.72      3.04388e+6 
        8328.82      3.02333e+6 
        8343.44      3.01565e+6 
        8367.92       3.0028e+6 
        8371.47      3.00095e+6 
        8388.68      2.99197e+6 
        8392.39      2.99004e+6 
        8408.65      2.98157e+6 
        8413.32      2.97914e+6 
        8432.02      2.96941e+6 
        8437.95      2.96633e+6 
        8467.25      2.95116e+6 
        8473.98      2.94767e+6 
        8502.48      2.93288e+6 
        8516.58      2.92557e+6 
        8530.98      2.91812e+6 
        8545.38      2.91073e+6 
        8549.97      2.90837e+6 
        8574.18      2.89596e+6 
        8598.39      2.88357e+6 
         8628.6      2.86814e+6 
        8646.81      2.85885e+6 
        8652.39        2.856e+6 
        8665.01      2.84957e+6 
        8685.59       2.8391e+6 
        8701.43      2.83105e+6 
        8750.47      2.80619e+6 
        8767.92      2.79737e+6 
        8815.35      2.77345e+6 
        8862.78      2.74985e+6 
        8900.38      2.73122e+6 
        8957.65      2.70296e+6 
        9014.91      2.67485e+6 
        9044.62      2.66033e+6 
        9072.17       2.6469e+6 
        9099.72      2.63352e+6 
        9154.81      2.60713e+6 
         9190.8      2.58997e+6 
         9209.9      2.58088e+6 
        9229.01      2.57182e+6 
        9267.22      2.55375e+6 
         9303.2      2.53681e+6 
        9343.64      2.51785e+6 
        9384.08      2.49899e+6 
        9464.96       2.4619e+6 
        9545.72      2.42524e+6 
        9545.84      2.42518e+6 
        9545.97      2.42513e+6 
        9546.21      2.42502e+6 
        9546.69       2.4248e+6 
        9546.87      2.42472e+6 
        9547.66      2.42436e+6 
        9549.59      2.42349e+6 
        9553.47      2.42174e+6 
        9561.21      2.41825e+6 
        9576.69      2.41128e+6 
        9607.66      2.39737e+6 
        9668.45      2.37025e+6 
        9729.24      2.34361e+6 
        9790.04      2.31718e+6 
        9850.83      2.29098e+6 
        9870.42      2.28258e+6 
        9911.62        2.265e+6 
        9952.82      2.24752e+6 
        10021.1      2.21908e+6 
        10035.2      2.21322e+6 
        10049.4      2.20736e+6 
        10077.7      2.19571e+6 
        10134.2      2.17253e+6 
        10144.5      2.16836e+6 
        10190.8      2.14956e+6 
        10237.2      2.13089e+6 
        10329.9      2.09483e+6 
        10422.6      2.05926e+6 
        10515.3      2.02419e+6 
          10608      1.98962e+6 
        10700.7      1.95556e+6 
        10793.4        1.922e+6 
        10834.1      1.90742e+6 
        10886.1      1.88896e+6 
        10938.1      1.87065e+6 
        10990.1      1.85252e+6 
          11042      1.83454e+6 
          11094      1.81672e+6 
          11146      1.79906e+6 
          11198      1.78157e+6 
          11239      1.76787e+6 
          11250      1.76423e+6 
        11260.9       1.7606e+6 
        11282.8      1.75365e+6 
        11326.6      1.73983e+6 
        11414.2      1.71248e+6 
        11501.8      1.68552e+6 
        11589.4      1.65896e+6 
          11677      1.63278e+6 
        11764.6      1.60699e+6 
        11852.2      1.58159e+6 
        11939.8      1.55657e+6 
        12027.4      1.53194e+6 
          12115      1.50769e+6 
        12120.6      1.50616e+6 
        12202.6      1.48382e+6 
        12284.6      1.46182e+6 
        12366.6      1.44121e+6 
        12448.7      1.42086e+6 
        12530.7       1.4008e+6 
        12612.7      1.38099e+6 
        12694.7      1.36145e+6 
        12735.4      1.35186e+6 
        12776.7      1.34217e+6 
        12818.1      1.33254e+6 
        12900.8      1.31357e+6 
        12983.5      1.29486e+6 
        13066.2      1.27641e+6 
        13148.9      1.25821e+6 
        13154.8      1.25692e+6 
        13231.6      1.24028e+6 
        13308.4      1.22386e+6 
        13385.1       1.2087e+6 
        13461.9      1.19371e+6 
        13538.7       1.1789e+6 
        13615.5      1.16426e+6 
        13692.3      1.14979e+6 
        13769.1       1.1355e+6 
        13845.9      1.12138e+6 
        13922.7      1.10742e+6 
        13999.5      1.09364e+6 
        14076.2      1.08004e+6 
          14153      1.06659e+6 
        14229.8      1.05332e+6 
        14281.2      1.04454e+6 
        14306.6      1.04021e+6 
        14332.1       1.0359e+6 
          14383       1.0277e+6 
        14410.1      1.02335e+6 
        14427.1      1.02064e+6 
        14433.9      1.01956e+6 
        14457.6      1.01578e+6 
        14505.2      1.00834e+6 
        14581.2          996548 
        14583.2          996240 
        14585.2          995932 
        14589.2          995341 
        14597.2          994163 
        14613.2          991813 
        14645.2          987120 
        14709.2          977792 
        14773.2          968537 
        14837.1          959354 
        14901.1          950247 
        14965.1          941215 
        15029.1          932258 
        15093.1          923374 
        15157.1          914565 
          15221          905828 
          15285          897173 
          15349          888590 
          15413          880083 
        15471.6          872357 
          15477          871651 
        15482.4          870941 
        15493.1          869511 
        15514.7          866655 
        15557.9          860969 
        15644.2          849700 
        15730.5          838570 
        15816.8          827574 
        15903.1          816707 
        15989.4          805979 
        16075.8          795388 
        16162.1          784933 
        16248.4          774610 
        16289.9          769693 
        16334.7          764419 
        16379.5          759182 
        16469.1          746565 
        16558.8          734203 
        16648.4          722086 
          16738          710210 
        16827.7          698571 
        16917.3          687164 
        17006.9          675976 
        17096.6          665012 
        17186.2          654265 
        17275.8          643725 
        17327.7          637721 
        17365.5          633389 
        17403.2          629095 
        17478.8          620603 
        17554.3          612249 
        17629.9          604031 
        17705.4          595944 
          17781          587993 
        17856.5          580167 
        17932.1          572470 
        18007.6          564708 
        18083.2          557227 
        18158.7          549860 
        18234.3          542603 
        18309.8          535450 
        18343.7          532267 
        18385.3          528394 
          18427          524549 
        18510.2          516940 
        18593.4          509441 
        18602.1          508665 
        18676.6          502070 
        18751.1          495611 
        18825.6          489441 
        18900.2          483397 
        18974.7          477437 
        19049.2          471550 
        19123.7          465729 
        19198.3          459979 
        19272.8          454303 
        19347.3          448701 
          19393          445302 
        19421.9          443175 
        19450.7          441061 
        19508.3          436867 
        19565.9          432820 
        19623.6          428705 
        19681.2          424640 
        19738.8          420618 
        19796.5          416647 
        19854.1          412720 
        19911.7          408837 
        19969.4          405002 
          20027          401207 
        20084.6          397455 
        20142.3          393748 
        20199.9          390085 
        20257.5          386463 
        20315.2          382878 
        20372.8          379338 
        20386.4          378505 
        20430.4          375838 
        20474.4          373193 
        20562.3          367972 
        20650.3          362841 
        20738.2          357799 
        20826.2          352842 
        20914.1          347969 
        21002.1          343178 
          21090          338466 
        21177.9          333835 
        21265.9          329283 
        21353.8          324803 
        21441.8          320402 
        21529.7          316072 
        21604.7          312435 
        21617.7          311812 
        21630.6          311191 
        21656.5          309953 
        21708.4          307496 
        21760.2          305062 
          21812          302652 
        21863.8          300265 
        21915.7          297901 
        21967.5          295560 
        22019.3          293242 
        22071.1          290946 
          22123          288672 
        22174.8          286420 
        22226.6          284189 
        22278.4          281980 
        22330.3          279791 
        22382.1          277624 
        22433.9          275477 
        22485.8          273351 
        22537.6          271244 
        22589.4          269158 
        22641.2          267092 
        22693.1          265045 
        22702.9          264657 
        22744.9          263017 
        22784.8          261466 
        22786.8          261389 
        22788.8          261312 
        22792.8          261157 
        22800.8          260849 
        22816.8          260234 
        22848.8          259008 
        22912.8          256578 
        22976.8          254177 
        23040.8          251802 
        23104.8          249455 
        23168.7          247135 
        23232.7          244842 
        23296.7          242574 
        23360.7          240333 
        23424.7          238116 
        23488.6          235925 
        23552.6          233759 
        23616.6          231618 
        23680.6          229500 
        23744.6          227406 
        23808.6          225336 
        23872.5          223289 
        23936.5          221264 
        24000.5          219263 
        24064.5          217283 
        24128.5          215326 
        24192.5          213390 
        24256.4          211476 
        24320.4          209583 
        24384.4          207710 
        24448.4          205859 
        24512.4          204027 
        24576.3          202216 
        24640.3          200424 
        24704.3          198652 
        24768.3          196899 
        24832.3          195165 
        24896.3          193450 
        24960.2          191754 
        25004.4          190593 
        25024.2          190076 
          25044          189561 
        25083.6          188536 
        25162.8          186506 
        25241.9          184503 
        25321.1          182527 
        25400.2          180577 
        25479.4          178652 
        25558.5          176753 
        25637.7          174878 
        25716.9          173029 
          25796          171203 
        25875.2          169401 
        25954.3          167622 
        26033.5          165866 
        26112.7          164133 
        26191.8          162423 
          26271          160734 
        26350.1          159067 
        26429.3          157421 
        26508.4          155796 
        26587.6          154193 
        26666.8          152609 
        26745.9          151045 
        26825.1          149501 
        26904.2          147977 
        26983.4          146471 
        27062.6          144985 
        27141.7          143517 
        27142.5          143502 
        27220.9          142068 
        27299.2          140652 
        27377.5          139253 
        27455.8          137872 
        27534.2          136508 
        27612.5          135160 
        27690.8          133829 
        27769.1          132514 
        27847.5          131215 
        27925.8          129932 
        28004.1          128664 
        28082.4          127411 
        28160.8          126174 
        28239.1          124951 
        28317.4          123743 
        28395.7          122549 
          28474          121370 
        28552.4          120205 
        28630.7          119053 
          28709          117915 
        28787.3          116790 
        28865.7          115679 
          28944          114581 
        29022.3          113496 
        29100.6          112423 
          29179          111363 
        29257.3          110315 
        29335.6          109279 
        29413.9          108256 
        29492.3          107244 
        29570.6          106244 
        29648.9          105256 
        29727.2          104279 
        29805.5          103313 
        29883.9          102358 
        29932.6          101769 
        29962.2          101414 
        29991.8          101060 
