# Koester WD models
# teff = 5500 K (value for the effective temperature for the model. Temperatures are given in K)
# logg = 9 log(cm/s2) (value for Log(G) for the model.)
#
# column 1: WAVELENGTH (ANGSTROM), Wavelength in Angstrom
# column 2: FLUX (ERG/CM2/S/A), Flux in erg/cm2/s/A
         899.23      0.00330964 
        901.358      0.00355361 
        902.738      0.00372053 
        903.486      0.00381421 
        904.235      0.00391006 
        905.733      0.00410851 
        907.232      0.00431627 
        908.219      0.00445839 
         908.45      0.00449238 
        908.729      0.00453373 
        909.241      0.00461022 
        910.032      0.00473096 
        911.193      0.00491351 
        911.613      0.00498122 
        912.034       0.0050498 
        912.465      0.00512105 
        912.875      0.00518953 
        913.037       0.0052169 
        913.241      0.00525155 
        913.284      0.00525887 
        913.478      0.00529208 
        913.531      0.00530115 
        913.755      0.00533961 
        913.822      0.00535123 
         914.08      0.00539613 
        914.165      0.00541098 
        914.499       0.0054698 
        914.575      0.00548324 
        915.071      0.00557168 
         915.54      0.00565666 
        915.609       0.0056691 
        915.643      0.00567532 
        915.677      0.00568154 
        915.741      0.00569326 
        915.813      0.00570651 
        916.085      0.00575675 
        916.429       0.0058209 
        916.858      0.00590161 
        917.118      0.00595115 
        917.196       0.0059661 
        917.378       0.0060011 
        917.899       0.0061021 
        917.952       0.0061125 
        918.287      0.00617851 
        918.602      0.00624099 
        919.251        0.006372 
        920.215      0.00657105 
        921.882      0.00692875 
        921.999      0.00695461 
        922.143      0.00698659 
        922.405      0.00704474 
         922.81      0.00713559 
        923.621      0.00731894 
        925.001      0.00764576 
        925.242      0.00770582 
        925.484      0.00776463 
        925.564      0.00778424 
        925.966      0.00788053 
        926.164      0.00792514 
        926.369      0.00797167 
        927.173      0.00816142 
        927.276      0.00818599 
        928.182      0.00841029 
        928.917      0.00860887 
         928.98       0.0086275 
        929.089      0.00866068 
        929.261      0.00871647 
        929.317      0.00873454 
        929.543      0.00881166 
        929.655      0.00884738 
        929.769      0.00888021 
        929.827      0.00889633 
        929.883      0.00891188 
         929.91      0.00891939 
        929.939      0.00892746 
        929.954      0.00893164 
        929.968      0.00893554 
        929.982      0.00893946 
        929.996      0.00894336 
         930.01      0.00894726 
        930.024      0.00895118 
        930.038      0.00895508 
        930.052      0.00895897 
        930.081      0.00896708 
        930.137      0.00898276 
        930.201      0.00900069 
        930.247      0.00901357 
        930.249      0.00901414 
        930.251      0.00901471 
        930.301       0.0090285 
        930.326      0.00903497 
        930.329      0.00903572 
        930.402       0.0090541 
        930.478      0.00907103 
         930.63      0.00909931 
        930.931      0.00915049 
        931.229      0.00920581 
        931.534      0.00926707 
        931.838      0.00933395 
        932.447      0.00943332 
        932.707      0.00948752 
        933.055      0.00956986 
        933.265      0.00962314 
        933.403      0.00965933 
        933.432      0.00966703 
        933.542      0.00969753 
        933.652      0.00972848 
        933.872      0.00979134 
        933.973      0.00982093 
        934.073      0.00985075 
        934.312      0.00992398 
        934.652       0.0100337 
        934.941       0.0101347 
         935.23       0.0102465 
        935.473        0.010348 
         935.52       0.0103687 
        935.809       0.0105118 
        936.144       0.0107031 
        936.358       0.0108309 
        936.372       0.0108394 
        936.479       0.0108998 
        936.601       0.0109601 
        936.714       0.0110061 
        936.829       0.0110464 
        936.887       0.0110661 
        936.944       0.0110855 
        936.973       0.0110954 
        937.001       0.0111049 
        937.015       0.0111097 
        937.029       0.0111144 
        937.043       0.0111192 
        937.058       0.0111243 
        937.072       0.0111291 
        937.086       0.0111339 
        937.101        0.011139 
        937.115       0.0111438 
        937.143       0.0111534 
          937.2       0.0111729 
        937.314        0.011212 
        937.493       0.0112688 
        937.542       0.0112811 
        937.593       0.0112915 
        937.694       0.0113058 
        937.788       0.0113127 
        937.894       0.0113179 
            938       0.0113198 
        938.212        0.011324 
        938.359       0.0113297 
        938.556       0.0113429 
        938.636       0.0113509 
        938.914       0.0113905 
        939.271       0.0114571 
        939.628       0.0115394 
        939.986       0.0116329 
         940.58       0.0118095 
         940.66       0.0118348 
        940.675       0.0118396 
          940.7       0.0118476 
         940.74       0.0118604 
        940.901        0.011912 
        941.221       0.0120195 
        941.861        0.012246 
        943.048       0.0126954 
         943.16       0.0127407 
        943.457       0.0128623 
        944.234        0.013189 
        944.382       0.0132527 
        945.308       0.0136572 
         945.77       0.0138739 
        946.233        0.014109 
        946.696       0.0143673 
        947.158       0.0146672 
        947.621       0.0150178 
        948.083       0.0154069 
        948.314       0.0155909 
        948.546       0.0157408 
        948.661          0.0158 
        948.777       0.0158554 
        948.835       0.0158829 
        948.893       0.0159104 
        948.922       0.0159242 
        948.951        0.015938 
        948.966       0.0159451 
         948.98       0.0159518 
        948.994       0.0159585 
        949.009       0.0159656 
        949.023       0.0159723 
        949.037        0.015979 
        949.052       0.0159861 
        949.066       0.0159928 
        949.095       0.0160066 
        949.153       0.0160344 
         949.23       0.0160713 
        949.258       0.0160847 
        949.269       0.0160899 
         949.28       0.0160952 
         949.33       0.0161192 
         949.36       0.0161335 
         949.43       0.0161656 
          949.5       0.0161954 
         949.64       0.0162421 
        949.795       0.0162746 
        949.879       0.0162848 
        949.921       0.0162898 
        949.963        0.016295 
        950.047       0.0163003 
        950.131       0.0163055 
        950.467        0.016331 
        950.888       0.0163905 
        951.308       0.0164934 
        951.728        0.016639 
        952.149       0.0168148 
          952.4       0.0169344 
        952.569       0.0170197 
        952.738       0.0171105 
        953.076       0.0172999 
        953.753       0.0177017 
        954.198       0.0179826 
         954.43       0.0181352 
        955.106       0.0185751 
        956.014       0.0191856 
         956.37       0.0194509 
        956.922         0.01987 
         957.83       0.0205759 
        958.148       0.0208264 
        959.289       0.0217295 
         960.43       0.0226568 
        961.192       0.0233051 
        962.712       0.0245686 
        964.231       0.0258316 
        966.507       0.0277976 
        966.767       0.0280257 
        967.269       0.0284677 
        968.032       0.0291435 
        968.668       0.0297132 
        968.979       0.0299881 
        969.297       0.0302626 
        969.453       0.0303942 
        969.927       0.0307631 
        970.164        0.030924 
          970.4       0.0310442 
        970.637       0.0310753 
        970.756       0.0310545 
        970.874       0.0309916 
        970.992       0.0308365 
         971.11       0.0306122 
         971.23       0.0302914 
        971.348       0.0299019 
        971.466       0.0296103 
        971.535       0.0296423 
        971.567       0.0297254 
        971.584       0.0297998 
        971.635       0.0300992 
        971.644       0.0301651 
        971.703       0.0306317 
        971.732        0.030817 
        971.762       0.0309209 
        971.778       0.0309431 
        971.792       0.0309558 
        971.806       0.0309681 
        971.821       0.0309813 
        971.827       0.0309865 
        971.833       0.0309918 
        971.836       0.0309945 
        971.839       0.0309971 
        971.851       0.0310076 
        971.866       0.0310208 
         971.88       0.0310331 
         971.91       0.0310555 
        971.969       0.0308992 
        972.037       0.0304836 
        972.087       0.0302567 
        972.137       0.0301593 
         972.15       0.0301564 
        972.237       0.0303259 
        972.324        0.030714 
        972.499       0.0316044 
        972.548       0.0318243 
        972.673       0.0323151 
        972.798       0.0327307 
        972.923       0.0330461 
        973.048        0.033332 
        973.298       0.0337907 
        973.351       0.0338752 
        973.548       0.0341896 
        973.746       0.0344642 
         974.14       0.0349559 
        974.217        0.035047 
        974.534       0.0354149 
        974.821       0.0357397 
        974.928       0.0358594 
         975.64       0.0366605 
        977.063        0.038274 
        979.305        0.040868 
        981.547       0.0435783 
        983.653       0.0462735 
        983.788       0.0464506 
        983.923       0.0466281 
        984.194       0.0469822 
        984.734       0.0476969 
        985.011       0.0480657 
        985.815       0.0491477 
        986.618       0.0502529 
        987.139       0.0509717 
        988.225       0.0525161 
        989.312       0.0541086 
        991.486        0.057428 
        993.439       0.0605649 
        993.659       0.0609277 
         993.88       0.0612925 
         994.32       0.0620282 
          995.2       0.0635239 
        995.477       0.0639999 
        996.962        0.066614 
        997.574       0.0677202 
        997.806       0.0681433 
        998.447       0.0693236 
        999.319       0.0709614 
        999.435       0.0711816 
        1001.06       0.0743439 
        1002.69       0.0776347 
        1004.32       0.0810565 
        1005.84       0.0843562 
        1005.95       0.0846144 
        1007.58       0.0883124 
        1009.33       0.0924348 
        1011.07       0.0967256 
         1011.3       0.0973096 
        1012.82        0.101194 
        1014.33        0.105217 
        1015.38        0.108092 
        1015.84         0.10939 
        1017.36          0.1137 
        1017.62        0.114482 
        1019.05        0.118693 
        1019.33        0.119546 
        1020.05        0.121681 
        1021.04        0.124669 
        1021.54        0.126154 
        1022.04         0.12758 
        1022.54        0.128834 
        1022.99        0.129643 
        1023.04         0.12971 
        1023.09        0.129774 
        1023.19        0.129863 
        1023.39         0.12994 
        1023.54        0.129814 
        1023.59        0.129731 
        1023.67        0.129534 
        1023.79        0.129277 
        1023.92         0.12874 
        1023.99        0.128384 
        1024.04        0.128074 
        1024.09        0.127712 
        1024.19        0.126971 
        1024.24        0.126584 
        1024.29        0.126159 
        1024.39        0.125171 
        1024.41        0.124929 
        1024.54        0.123631 
        1024.67        0.122947 
        1024.79        0.124035 
        1024.85        0.125429 
        1024.91        0.127157 
        1024.95         0.12785 
        1024.98        0.128222 
        1024.99        0.128302 
        1025.01        0.128358 
        1025.03         0.12841 
        1025.04        0.128459 
        1025.06        0.128511 
        1025.07        0.128562 
        1025.09        0.128611 
         1025.1        0.128663 
        1025.13        0.128762 
         1025.2        0.128483 
        1025.27        0.126983 
        1025.32        0.126043 
        1025.37        0.125462 
        1025.47        0.125488 
        1025.52        0.125991 
        1025.57        0.126659 
        1025.62         0.12748 
        1025.72        0.129214 
        1025.77        0.130089 
        1025.92        0.132432 
        1026.07        0.134556 
        1026.22         0.13641 
        1026.37        0.138065 
        1026.52        0.139426 
        1026.56        0.139833 
        1026.82        0.141799 
        1027.07        0.143397 
        1027.32        0.144827 
        1027.83        0.147348 
        1028.34        0.149534 
        1028.62        0.150681 
         1028.8        0.151418 
        1028.84          0.1516 
        1029.07        0.152505 
        1029.34        0.153605 
        1029.88        0.155791 
        1030.96        0.160191 
        1033.08        0.168926 
        1033.13        0.169145 
        1033.19        0.169364 
        1033.23        0.169545 
        1033.29        0.169802 
         1033.5        0.170681 
        1033.91         0.17245 
        1034.75        0.176037 
        1036.27        0.182758 
        1039.17        0.196264 
        1039.26        0.196677 
         1039.3        0.196884 
        1039.34        0.197091 
         1039.5        0.197859 
        1039.52        0.197917 
        1039.86        0.199579 
        1040.55        0.202944 
        1041.92        0.209835 
        1044.35        0.222469 
        1046.77         0.23579 
        1049.03         0.24888 
        1049.19        0.249831 
        1049.35        0.250785 
        1049.67        0.252708 
        1050.31        0.256592 
        1051.59        0.264524 
        1053.95        0.279736 
        1054.15        0.281061 
        1054.35        0.282392 
        1054.75        0.285071 
        1054.95        0.286419 
        1055.55        0.290498 
        1057.15        0.301635 
        1059.36        0.317587 
        1061.56        0.334278 
        1063.16         0.34691 
        1063.76        0.351758 
        1064.36        0.356665 
        1065.56        0.366662 
        1066.56        0.375182 
        1067.96        0.387415 
        1069.36         0.40001 
        1069.96        0.405536 
        1072.16        0.426399 
        1074.36        0.448233 
        1076.56        0.471079 
        1078.16        0.488351 
        1078.69        0.494125 
        1078.76        0.494977 
        1078.98        0.497383 
        1079.36        0.501684 
        1080.57        0.515303 
        1080.71        0.516984 
        1082.44        0.537269 
        1084.17         0.55827 
         1085.9        0.580023 
        1087.64        0.602539 
        1089.32        0.625171 
        1089.37        0.625843 
        1089.42        0.626544 
        1089.52         0.62792 
        1089.72        0.630681 
        1090.12        0.636235 
        1090.67        0.643948 
        1090.92        0.647479 
        1092.52        0.670507 
        1094.37        0.698056 
        1096.22        0.726625 
        1096.77        0.735321 
        1098.07        0.756247 
        1099.37        0.777708 
        1099.57        0.781044 
        1101.97         0.82213 
        1104.37        0.865163 
        1106.78        0.910217 
        1108.98        0.953348 
        1109.18         0.95736 
        1109.38        0.961384 
        1109.78        0.969552 
        1109.98        0.973661 
        1110.58        0.986077 
        1112.18          1.0199 
        1114.38         1.06811 
        1116.58         1.11838 
        1118.18         1.15627 
        1118.68         1.16844 
        1118.78         1.17077 
        1119.38         1.18545 
        1120.08         1.20267 
        1121.47          1.2378 
        1123.78          1.2981 
        1124.25         1.31082 
        1124.73          1.3236 
        1125.68         1.34949 
        1125.79         1.35246 
        1127.08         1.38816 
        1127.59         1.40263 
        1127.85         1.40998 
        1129.38         1.45447 
        1129.77          1.4658 
        1131.69         1.52358 
        1133.62         1.58335 
        1135.54         1.64512 
        1137.46         1.70893 
        1139.39         1.77513 
        1142.08         1.87139 
        1143.23         1.91394 
           1144         1.94276 
        1144.39         1.95726 
         1146.7         2.04607 
        1146.89         2.05358 
        1149.39         2.15306 
        1151.89         2.25444 
        1154.39         2.35978 
        1159.39         2.57325 
        1164.39         2.78664 
        1169.39          2.9931 
         1171.9         3.09474 
        1173.15          3.1481 
         1174.4         3.20571 
        1175.65         3.26776 
         1176.9         3.33521 
        1177.86          3.3916 
        1178.15         3.40894 
         1179.4         3.48773 
        1180.94         3.59128 
        1182.47          3.6997 
        1182.86         3.72719 
        1184.01         3.81151 
        1185.17         3.89677 
        1185.56         3.92564 
        1187.48         4.07075 
         1189.4         4.21972 
        1192.09         4.43621 
        1193.24         4.53332 
        1194.03         4.60077 
         1194.4         4.63247 
        1196.72         4.83557 
         1196.9         4.85191 
         1199.4         5.07886 
         1201.9         5.31887 
         1204.4         5.58057 
         1206.9          5.8624 
        1208.48          6.0502 
         1209.4         6.16267 
        1210.33         6.27653 
        1211.64         6.43913 
        1212.16         6.50241 
        1212.69         6.56417 
        1213.61         6.67054 
        1213.74         6.68575 
        1213.81         6.69307 
        1213.88         6.70095 
        1214.14         6.73149 
        1214.17         6.73545 
        1214.47         6.77013 
        1214.62         6.78751 
        1214.76         6.80494 
        1214.84         6.81367 
        1214.91         6.82241 
        1214.95         6.82678 
        1214.98         6.83117 
           1215          6.8334 
        1215.02         6.83554 
        1215.04         6.83768 
        1215.06         6.83991 
        1215.08         6.84204 
         1215.1         6.84418 
        1215.11         6.84644 
        1215.13         6.84858 
        1215.17         6.85298 
        1215.24         6.86174 
        1215.39         6.87933 
        1215.64         6.90868 
        1215.69         6.91468 
        1215.74         6.92065 
         1215.8         6.92759 
        1215.84         6.93262 
        1216.04         6.95665 
        1216.06         6.95988 
        1216.28          6.9858 
        1216.76         7.04442 
        1217.46         7.12975 
        1218.32         7.23176 
        1218.86         7.29324 
        1218.98         7.30662 
        1219.41         7.35111 
        1219.83         7.39317 
         1220.1         7.42032 
        1220.67         7.47476 
        1222.36         7.63699 
        1224.62         7.87547 
        1226.88         8.14354 
        1228.86         8.39971 
        1229.13          8.4364 
        1229.41         8.47328 
        1229.74         8.51871 
        1229.96         8.54906 
        1230.18         8.57947 
        1230.62         8.64101 
        1231.49          8.7657 
        1231.69         8.79483 
        1233.24         9.02174 
        1234.79          9.2557 
        1236.38         9.50175 
        1237.89         9.74293 
        1239.41         9.98973 
        1240.47         10.1661 
        1242.44         10.5027 
        1244.41         10.8501 
        1247.29         11.3759 
        1248.35          11.575 
        1248.65         11.6319 
        1249.41         11.7771 
        1251.53         12.1907 
        1251.91         12.2661 
        1254.41         12.7735 
        1256.91          13.301 
        1259.41          13.851 
        1261.91         14.4245 
        1264.41          15.026 
        1266.91         15.6648 
        1269.41         16.3351 
        1271.91         17.0406 
        1274.41         17.7739 
        1276.91         18.5371 
        1279.42         19.3298 
        1281.92         20.1465 
        1284.42         20.9824 
        1286.92         21.8455 
        1289.42         22.7404 
        1294.42         24.5832 
        1296.92         25.5483 
        1299.42         26.5453 
        1301.92         27.5929 
        1304.42         28.6752 
        1309.42         30.9355 
        1314.42         33.3037 
        1319.42         35.8333 
        1321.92         37.1635 
        1324.42         38.5414 
        1326.92         39.9878 
        1329.42         41.4825 
        1334.42         44.5497 
        1339.42         47.7833 
        1341.92          49.465 
        1344.42         51.1998 
        1346.92         53.0222 
        1349.42         54.9059 
        1354.42         58.8571 
        1359.42         63.0628 
        1364.42         67.4249 
        1365.19         68.1113 
        1369.42         72.0037 
        1373.65         76.1067 
        1376.35         78.8524 
        1377.88         80.4596 
        1379.42         82.1024 
        1380.57         83.3543 
         1382.5         85.4843 
        1384.42         87.6687 
        1387.12         90.8106 
        1388.27         92.1825 
        1389.03          93.097 
        1389.42         93.5717 
        1391.73         96.4057 
        1394.42         99.7905 
        1399.42         106.247 
        1404.42         113.039 
        1409.42         120.223 
        1414.42         127.897 
        1419.42         136.077 
        1424.42         144.652 
        1429.42         153.656 
        1434.42         162.977 
        1439.42         172.705 
        1444.42         182.883 
        1449.42         193.784 
        1454.42         205.422 
        1459.42         217.701 
        1464.42         230.739 
        1465.96         234.907 
        1469.42         244.439 
        1472.88         254.144 
        1473.27         255.212 
        1474.42         258.442 
        1476.35         263.899 
        1479.42          272.74 
        1484.42         287.648 
        1489.42         303.248 
        1494.42         319.305 
        1499.42         336.307 
        1504.42         354.648 
        1509.42         374.179 
        1514.42         394.785 
        1519.42         416.591 
        1524.42         439.754 
        1529.42         464.107 
        1534.42         489.218 
        1539.42         514.502 
        1544.42         540.238 
        1549.42         566.728 
        1554.42         593.224 
        1559.42         620.216 
        1564.42         648.073 
        1566.72         661.443 
        1569.42         677.532 
        1570.19          682.26 
        1572.11         694.195 
        1574.41         708.882 
         1574.8         711.357 
        1579.41         741.859 
        1584.41           776.3 
        1589.41          812.07 
        1594.41         849.637 
        1599.41          889.52 
        1604.41         931.247 
        1609.41         975.977 
        1614.41         1023.94 
        1619.41         1075.68 
        1624.41         1131.62 
        1629.41         1191.99 
        1634.41         1256.79 
        1639.41         1324.81 
        1644.41         1395.41 
        1649.41          1466.5 
        1654.41         1537.96 
        1659.41         1609.51 
        1664.41         1682.63 
        1665.56         1699.41 
         1669.4         1756.15 
        1670.17         1767.89 
        1673.25         1814.67 
         1674.4          1832.2 
        1676.33         1861.73 
         1679.4          1909.9 
         1684.4         1990.68 
         1689.4         2075.22 
         1694.4         2162.91 
         1699.4          2254.9 
         1704.4         2350.51 
         1709.4         2449.31 
         1714.4         2551.76 
         1719.4         2657.34 
         1724.4         2767.14 
         1729.4         2880.78 
         1734.4         2998.04 
         1739.4         3118.63 
         1744.4         3242.85 
        1749.39         3369.36 
        1754.39         3499.92 
        1759.39         3634.13 
        1764.39         3772.52 
        1767.08         3848.83 
        1767.85         3870.91 
        1769.39         3915.27 
         1771.7         3982.63 
        1774.39         4062.77 
        1775.55         4097.52 
        1779.39         4215.29 
        1784.39         4373.95 
        1789.39         4537.97 
        1794.39         4705.98 
        1799.39         4879.21 
        1809.39         5239.36 
        1819.38         5621.22 
           1824         5804.47 
        1829.38         6024.41 
        1834.77         6251.24 
        1845.54         6723.92 
         1856.3         7229.46 
           1864         7608.34 
        1867.07         7763.38 
        1870.14          7920.9 
        1876.29         8247.18 
        1882.44         8584.59 
        1888.59         8933.43 
        1894.73         9293.93 
        1900.88         9666.21 
        1906.98         10047.8 
        1907.03         10050.8 
        1913.17         10447.9 
        1919.37         10860.8 
        1925.56           11282 
        1931.76         11718.5 
        1937.95         12181.1 
        1944.14         12644.5 
        1944.47         12669.4 
        1956.53         13628.1 
        1968.59         14625.9 
        1980.65           15680 
        1992.71         16793.1 
        2004.77         17968.4 
        2015.84           19104 
        2016.83         19207.9 
        2017.81         19312.2 
        2019.79         19523.2 
        2023.73           19956 
        2031.63         20838.1 
        2039.52           21736 
        2047.42         22663.6 
        2055.31           23622 
        2059.38         24127.9 
         2063.2         24611.3 
        2067.03         25102.1 
        2074.69         26112.3 
        2082.34         27154.1 
        2089.99         28228.1 
        2094.36         28854.3 
         2105.3         30473.9 
        2116.25         32163.3 
         2127.2         33927.3 
        2132.72         34852.8 
        2138.15         35785.3 
         2149.1         37697.9 
        2165.47           40699 
        2181.85         43875.2 
        2198.22         47237.9 
         2214.5         50770.3 
         2214.6           50792 
         2214.7         50813.7 
        2214.74         50823.7 
        2214.89         50856.7 
        2215.28         50942.8 
        2216.05         51115.6 
         2217.6         51462.4 
        2220.71           52153 
        2226.91         53551.9 
        2227.03         53579.2 
        2239.33         56432.4 
        2251.62         59375.5 
        2263.91         62426.9 
        2276.21         65692.6 
         2288.5           69040 
        2300.79         72501.4 
        2312.95         76105.4 
        2313.04           76134 
        2313.09         76148.1 
        2313.13         76162.3 
        2313.32         76217.9 
         2313.7         76328.8 
        2314.45         76551.2 
        2315.95         76997.6 
        2318.95         77895.5 
        2324.96         79713.8 
        2336.98         83503.2 
           2349         87497.8 
        2359.67         91169.3 
        2361.01           91639 
        2362.35         92125.3 
        2365.04         93107.7 
         2370.4         95100.1 
        2381.12         99205.2 
        2391.85          103462 
        2395.88          105178 
        2402.58          108098 
        2409.27          111097 
        2415.97          114198 
        2422.67          117411 
        2429.36          120903 
        2436.06          124527 
        2442.71          128276 
        2449.45          132208 
        2451.59          133489 
        2456.19          136288 
        2460.79          139440 
        2465.39          142686 
        2474.59          149480 
        2483.79          156786 
        2492.99          164666 
        2494.35          165896 
        2502.18          173128 
        2510.01          180686 
        2517.84          188195 
        2521.76          191713 
        2525.67          195438 
        2529.59          199538 
         2533.5          203710 
        2537.41          208001 
        2541.33          212411 
        2545.24          216882 
        2549.16          221411 
        2553.07          225995 
        2554.74          227967 
        2556.99          230622 
        2559.23          233297 
        2563.72          239155 
        2568.21          245133 
        2577.19          257491 
        2586.17          270616 
        2595.14          284262 
        2604.12          298403 
         2613.1          313031 
        2622.08          328278 
        2631.05          344080 
        2640.03          360344 
        2640.35          360931 
        2649.01          377073 
        2653.34          385301 
        2657.67          393620 
           2662          400864 
        2666.33          408153 
        2670.66          415488 
        2674.99          422865 
        2679.32          430285 
        2687.98          445252 
         2705.3          475851 
        2722.61          507345 
        2723.75          509438 
        2739.93          539481 
        2756.11          570089 
        2772.29          602771 
        2788.47          636292 
        2804.64          670686 
        2820.82          706173 
           2837          742635 
        2851.81          776793 
        2853.18          779982 
        2854.55          783180 
        2857.28          790114 
        2862.75          804072 
        2873.68          832384 
        2895.55          890670 
        2917.41          951189 
        2925.58          974365 
        2939.28      1.01396e+6 
        2952.98      1.05448e+6 
        2980.39      1.13396e+6 
         3007.8      1.21729e+6 
        3018.99      1.25228e+6 
         3035.2      1.30388e+6 
        3043.31      1.33009e+6 
        3051.42      1.35654e+6 
        3059.53      1.38674e+6 
        3067.64      1.41732e+6 
        3075.74      1.44827e+6 
        3083.85       1.4796e+6 
        3100.07      1.54334e+6 
        3115.14      1.60389e+6 
         3132.5      1.67519e+6 
        3141.18       1.7115e+6 
        3149.86      1.74824e+6 
        3158.53      1.78941e+6 
        3167.21      1.83138e+6 
        3175.89      1.87386e+6 
        3184.57      1.91685e+6 
        3201.93      2.00434e+6 
        3224.99      2.12362e+6 
        3236.64      2.18521e+6 
        3242.47      2.21631e+6 
        3248.29      2.24764e+6 
        3254.12      2.27078e+6 
        3259.95      2.29401e+6 
        3265.78      2.31731e+6 
         3266.4      2.31981e+6 
         3271.6       2.3407e+6 
        3283.26       2.3877e+6 
        3306.56      2.48259e+6 
        3346.73      2.64869e+6 
         3386.9      2.82132e+6 
        3408.95      2.91731e+6 
        3419.15      2.96196e+6 
        3427.06      2.99668e+6 
        3445.17      3.07649e+6 
        3481.38      3.23571e+6 
        3495.92      3.30005e+6 
         3543.6      3.51211e+6 
        3591.28      3.72492e+6 
        3635.88      3.92429e+6 
        3638.96      3.93808e+6 
        3642.04      3.95212e+6 
        3643.12      3.95702e+6 
        3645.12       3.9661e+6 
        3645.28      3.96683e+6 
        3647.12      3.97521e+6 
        3648.96      3.98357e+6 
        3651.32      3.99428e+6 
        3652.64      4.00028e+6 
        3653.96      4.00625e+6 
        3654.24      4.00754e+6 
         3656.6      4.01822e+6 
        3658.96       4.0289e+6 
         3663.4      4.04898e+6 
        3663.68      4.05024e+6 
        3663.96      4.05152e+6 
        3664.52      4.05404e+6 
        3665.64      4.05906e+6 
         3666.8      4.06431e+6 
        3667.88      4.06918e+6 
        3668.28      4.07097e+6 
        3668.95      4.07402e+6 
        3671.11      4.08372e+6 
        3673.95      4.09651e+6 
         3675.2       4.1021e+6 
        3678.95      4.11891e+6 
        3682.58      4.13518e+6 
         3682.7      4.13572e+6 
        3682.82      4.13625e+6 
        3683.06      4.13732e+6 
        3683.18      4.13785e+6 
        3683.54      4.13949e+6 
         3684.5      4.14376e+6 
        3684.82      4.14517e+6 
        3685.83      4.14967e+6 
        3686.83      4.15419e+6 
        3688.74       4.1627e+6 
        3688.85      4.16318e+6 
        3688.94      4.16358e+6 
        3688.95      4.16362e+6 
        3689.16      4.16456e+6 
        3689.38      4.16553e+6 
        3689.73       4.1671e+6 
        3689.82      4.16748e+6 
         3689.9      4.16786e+6 
        3690.07      4.16861e+6 
        3690.41      4.17015e+6 
        3690.62      4.17109e+6 
        3691.09      4.17317e+6 
        3691.47      4.17486e+6 
        3691.55      4.17524e+6 
         3691.7       4.1759e+6 
        3692.48      4.17939e+6 
         3693.5      4.18391e+6 
         3694.4       4.1879e+6 
         3695.3      4.19189e+6 
        3695.81      4.19418e+6 
         3696.2      4.19591e+6 
        3696.53      4.19736e+6 
        3696.59      4.19764e+6 
        3696.65      4.19789e+6 
        3696.67      4.19798e+6 
        3696.76      4.19839e+6 
        3696.77      4.19846e+6 
        3696.87       4.1989e+6 
        3696.93      4.19915e+6 
        3696.99       4.1994e+6 
        3697.04      4.19965e+6 
         3697.1       4.1999e+6 
        3697.15      4.20015e+6 
        3697.21       4.2004e+6 
        3697.26      4.20065e+6 
        3697.32      4.20091e+6 
        3697.35        4.201e+6 
        3697.41      4.20128e+6 
        3697.43      4.20141e+6 
        3697.46      4.20153e+6 
         3697.5      4.20169e+6 
        3697.53      4.20182e+6 
        3697.58      4.20204e+6 
        3697.66      4.20241e+6 
        3697.82      4.20311e+6 
        3698.11      4.20439e+6 
        3698.43      4.20584e+6 
        3698.69      4.20697e+6 
        3698.89      4.20785e+6 
        3698.95      4.20813e+6 
        3699.01      4.20838e+6 
        3699.13      4.20895e+6 
        3699.37      4.21002e+6 
        3699.53      4.21074e+6 
        3699.86      4.21218e+6 
        3699.88      4.21225e+6 
        3700.19      4.21363e+6 
         3700.2      4.21366e+6 
         3700.5      4.21504e+6 
        3700.81      4.21639e+6 
        3700.84      4.21652e+6 
        3701.09      4.21765e+6 
        3701.42       4.2191e+6 
        3701.99      4.22164e+6 
        3702.44      4.22365e+6 
        3702.89      4.22563e+6 
        3703.12      4.22664e+6 
        3703.35      4.22764e+6 
        3703.46      4.22814e+6 
        3703.57      4.22862e+6 
        3703.63      4.22887e+6 
        3703.68      4.22912e+6 
        3703.74      4.22937e+6 
         3703.8      4.22962e+6 
        3703.85      4.22987e+6 
        3703.91      4.23012e+6 
        3703.97      4.23037e+6 
        3704.02      4.23063e+6 
        3704.09      4.23091e+6 
        3704.13      4.23113e+6 
        3704.18      4.23135e+6 
        3704.21      4.23147e+6 
        3704.22      4.23151e+6 
        3704.28      4.23179e+6 
        3704.31      4.23191e+6 
        3704.36      4.23213e+6 
        3704.41      4.23232e+6 
        3704.49       4.2327e+6 
        3704.57      4.23304e+6 
        3704.59      4.23314e+6 
        3704.69      4.23358e+6 
        3704.81      4.23411e+6 
        3705.05      4.23521e+6 
        3705.37      4.23659e+6 
        3705.54      4.23735e+6 
        3705.71       4.2381e+6 
        3706.05      4.23961e+6 
        3706.07       4.2397e+6 
        3706.73      4.24263e+6 
        3707.27      4.24498e+6 
        3707.39      4.24552e+6 
        3707.51      4.24608e+6 
        3707.61      4.24652e+6 
        3707.76      4.24718e+6 
        3707.91      4.24784e+6 
        3708.12      4.24875e+6 
        3708.21      4.24916e+6 
         3708.3      4.24957e+6 
        3708.49      4.25039e+6 
        3708.76      4.25158e+6 
        3708.85      4.25199e+6 
        3708.87      4.25208e+6 
        3708.95       4.2524e+6 
        3709.13      4.25321e+6 
        3709.21      4.25356e+6 
        3709.49      4.25482e+6 
        3710.11      4.25755e+6 
         3710.9      4.26104e+6 
        3711.01      4.26151e+6 
        3711.12      4.26201e+6 
        3711.21      4.26242e+6 
        3711.32      4.26289e+6 
        3711.34      4.26295e+6 
        3711.46      4.26352e+6 
        3711.52      4.26377e+6 
        3711.58      4.26402e+6 
         3711.6      4.26415e+6 
        3711.69      4.26452e+6 
        3711.75      4.26477e+6 
         3711.8      4.26499e+6 
        3711.86      4.26525e+6 
        3711.91       4.2655e+6 
        3711.97      4.26575e+6 
        3712.03        4.266e+6 
        3712.08      4.26625e+6 
        3712.14       4.2665e+6 
         3712.2      4.26679e+6 
        3712.25      4.26701e+6 
         3712.3      4.26723e+6 
        3712.33      4.26732e+6 
        3712.33      4.26735e+6 
         3712.4      4.26767e+6 
        3712.48      4.26801e+6 
        3712.63      4.26867e+6 
        3712.93      4.26999e+6 
        3713.23      4.27131e+6 
        3713.53      4.27263e+6 
        3713.83      4.27398e+6 
        3714.24      4.27577e+6 
        3714.42      4.27656e+6 
        3714.44      4.27665e+6 
        3714.64       4.2775e+6 
        3715.03      4.27926e+6 
        3715.64      4.28193e+6 
        3716.76      4.28689e+6 
        3716.79      4.28699e+6 
        3716.86       4.2873e+6 
        3716.95      4.28771e+6 
        3717.14      4.28856e+6 
        3717.52      4.29022e+6 
        3718.19      4.29314e+6 
        3718.26      4.29346e+6 
        3718.33      4.29377e+6 
        3718.47      4.29437e+6 
        3718.56      4.29475e+6 
        3718.63      4.29509e+6 
        3718.73      4.29553e+6 
        3718.75      4.29559e+6 
        3718.94      4.29644e+6 
        3719.25      4.29782e+6 
        3719.47       4.2988e+6 
        3719.77      4.30012e+6 
        3720.07      4.30141e+6 
        3720.36      4.30254e+6 
        3720.52       4.3032e+6 
        3720.67      4.30376e+6 
        3720.98      4.30499e+6 
         3721.2       4.3058e+6 
        3721.43      4.30665e+6 
        3721.54      4.30706e+6 
        3721.66      4.30747e+6 
        3721.71      4.30769e+6 
        3721.77      4.30791e+6 
        3721.82       4.3081e+6 
        3721.88      4.30832e+6 
        3721.94      4.30854e+6 
        3721.99      4.30873e+6 
        3722.05      4.30895e+6 
        3722.11      4.30917e+6 
        3722.22      4.30957e+6 
         3722.4      4.31023e+6 
        3722.45      4.31042e+6 
         3722.5      4.31061e+6 
         3722.6      4.31096e+6 
         3722.7      4.31133e+6 
         3722.8      4.31171e+6 
         3722.9      4.31209e+6 
        3723.11      4.31284e+6 
        3723.23      4.31331e+6 
        3723.52      4.31438e+6 
        3723.81      4.31545e+6 
        3724.38      4.31755e+6 
        3725.45      4.32151e+6 
        3725.53      4.32183e+6 
        3725.62      4.32211e+6 
        3725.75      4.32261e+6 
        3725.78      4.32274e+6 
        3725.92      4.32321e+6 
        3725.93      4.32327e+6 
        3726.11      4.32396e+6 
        3726.48      4.32531e+6 
        3727.04      4.32739e+6 
        3727.37      4.32858e+6 
        3728.15      4.33147e+6 
        3728.64      4.33326e+6 
        3728.94      4.33436e+6 
        3729.01      4.33461e+6 
        3729.24      4.33549e+6 
        3729.84      4.33769e+6 
        3730.68      4.34077e+6 
        3732.19      4.34636e+6 
        3732.34       4.3469e+6 
        3732.49      4.34746e+6 
        3732.79      4.34856e+6 
        3733.35       4.3506e+6 
        3733.38      4.35073e+6 
        3733.39      4.35076e+6 
         3733.4      4.35079e+6 
        3733.45      4.35098e+6 
        3733.55      4.35136e+6 
        3733.65       4.3517e+6 
        3733.75      4.35208e+6 
        3733.86      4.35246e+6 
           3734      4.35299e+6 
        3734.04      4.35315e+6 
        3734.06      4.35321e+6 
        3734.08       4.3533e+6 
        3734.13      4.35346e+6 
        3734.14      4.35349e+6 
        3734.16      4.35359e+6 
         3734.2      4.35371e+6 
        3734.25       4.3539e+6 
        3734.31      4.35412e+6 
        3734.37      4.35434e+6 
        3734.43      4.35453e+6 
        3734.48      4.35475e+6 
        3734.54      4.35497e+6 
        3734.65      4.35538e+6 
        3734.83      4.35604e+6 
        3734.88      4.35623e+6 
        3734.93      4.35642e+6 
        3735.03      4.35676e+6 
        3735.12      4.35711e+6 
        3735.17      4.35729e+6 
        3735.23      4.35751e+6 
        3735.33      4.35789e+6 
        3735.39      4.35811e+6 
        3735.49      4.35849e+6 
        3735.82      4.35968e+6 
           3736      4.36034e+6 
        3736.24      4.36122e+6 
        3736.49      4.36213e+6 
        3736.97      4.36389e+6 
        3737.83      4.36703e+6 
        3737.94      4.36747e+6 
        3738.06      4.36791e+6 
        3738.29      4.36876e+6 
        3738.59      4.36983e+6 
        3738.76      4.37049e+6 
        3738.94      4.37112e+6 
        3739.29      4.37241e+6 
         3739.5      4.37316e+6 
        3739.99      4.37495e+6 
        3740.48      4.37674e+6 
        3741.21      4.37944e+6 
        3741.45      4.38032e+6 
        3741.69      4.38123e+6 
        3742.09      4.38268e+6 
        3742.18      4.38299e+6 
        3742.26      4.38331e+6 
        3742.43       4.3839e+6 
        3742.67      4.38478e+6 
        3742.73      4.38504e+6 
        3742.76      4.38513e+6 
         3742.8      4.38525e+6 
        3742.86      4.38551e+6 
        3742.92      4.38569e+6 
        3743.17      4.38661e+6 
        3743.66      4.38843e+6 
        3744.62      4.39192e+6 
        3744.65      4.39204e+6 
        3746.45      4.39861e+6 
        3747.61      4.40282e+6 
        3748.27      4.40527e+6 
        3748.84      4.40734e+6 
         3748.9      4.40756e+6 
        3748.93      4.40769e+6 
        3748.96      4.40778e+6 
        3748.99      4.40787e+6 
        3749.08      4.40822e+6 
        3749.12      4.40835e+6 
        3749.18       4.4086e+6 
        3749.38      4.40929e+6 
        3749.41      4.40941e+6 
        3749.64      4.41023e+6 
        3749.75      4.41067e+6 
        3749.87      4.41108e+6 
        3749.92      4.41127e+6 
        3749.98      4.41149e+6 
        3750.04      4.41168e+6 
        3750.09       4.4119e+6 
        3750.15      4.41208e+6 
        3750.21       4.4123e+6 
        3750.27      4.41252e+6 
        3750.32      4.41274e+6 
        3750.44      4.41315e+6 
        3750.62      4.41381e+6 
        3750.66        4.414e+6 
        3750.72      4.41419e+6 
        3750.82      4.41453e+6 
        3750.91      4.41488e+6 
        3751.02      4.41526e+6 
        3751.12      4.41567e+6 
        3751.33      4.41642e+6 
        3751.48      4.41695e+6 
        3751.76      4.41796e+6 
        3752.03        4.419e+6 
        3752.59      4.42101e+6 
        3753.53      4.42443e+6 
         3753.7      4.42503e+6 
        3753.78      4.42534e+6 
        3753.86      4.42562e+6 
        3754.18      4.42682e+6 
        3754.27      4.42713e+6 
        3754.84      4.42917e+6 
        3755.89      4.43301e+6 
        3756.09      4.43373e+6 
        3757.47      4.43876e+6 
        3757.51      4.43888e+6 
        3757.55      4.43904e+6 
        3758.93      4.44407e+6 
        3760.39      4.44934e+6 
        3761.66      4.45393e+6 
        3762.72      4.45779e+6 
        3763.23      4.45965e+6 
        3764.81       4.4654e+6 
        3765.07      4.46634e+6 
         3766.9        4.473e+6 
        3768.55      4.47897e+6 
        3768.74      4.47969e+6 
        3768.93      4.48038e+6 
        3768.97      4.48054e+6 
         3769.2      4.48136e+6 
        3769.31      4.48176e+6 
        3769.66      4.48299e+6 
        3769.89      4.48384e+6 
        3770.11      4.48465e+6 
        3770.23      4.48506e+6 
        3770.34      4.48547e+6 
         3770.4      4.48569e+6 
        3770.46      4.48588e+6 
        3770.51      4.48607e+6 
        3770.57      4.48629e+6 
        3770.63      4.48648e+6 
        3770.69       4.4867e+6 
        3770.74      4.48692e+6 
         3770.8      4.48714e+6 
        3770.87      4.48739e+6 
        3770.92      4.48755e+6 
        3770.97      4.48773e+6 
        3770.99      4.48783e+6 
           3771      4.48789e+6 
        3771.07      4.48811e+6 
        3771.15      4.48839e+6 
         3771.3      4.48899e+6 
         3771.6      4.49009e+6 
        3771.89      4.49113e+6 
        3771.95      4.49135e+6 
        3772.21      4.49226e+6 
        3772.52      4.49342e+6 
        3773.15      4.49568e+6 
        3774.36      4.50005e+6 
         3775.5      4.50416e+6 
        3776.76      4.50875e+6 
        3777.13      4.51007e+6 
        3778.03      4.51331e+6 
         3778.4      4.51466e+6 
        3778.93      4.51657e+6 
        3780.73      4.52305e+6 
        3781.84       4.5271e+6 
        3783.05      4.53143e+6 
        3783.16      4.53184e+6 
        3784.26       4.5358e+6 
        3785.37      4.53976e+6 
        3786.22      4.54284e+6 
         3787.4      4.54708e+6 
        3787.57      4.54771e+6 
        3788.92      4.55254e+6 
        3790.45      4.55798e+6 
        3792.84      4.56656e+6 
        3793.49      4.56888e+6 
        3794.14      4.57121e+6 
         3794.9      4.57391e+6 
        3795.07       4.5745e+6 
        3795.44      4.57586e+6 
        3795.99       4.5778e+6 
        3796.45      4.57947e+6 
        3796.92       4.5811e+6 
        3797.15      4.58192e+6 
        3797.38      4.58274e+6 
        3797.49      4.58314e+6 
        3797.61      4.58352e+6 
        3797.67      4.58371e+6 
        3797.72       4.5839e+6 
        3797.78      4.58409e+6 
        3797.84      4.58427e+6 
         3797.9      4.58446e+6 
        3797.96      4.58468e+6 
        3798.01       4.5849e+6 
        3798.07      4.58515e+6 
        3798.19      4.58559e+6 
        3798.37      4.58625e+6 
        3798.42      4.58644e+6 
        3798.47       4.5866e+6 
        3798.57      4.58698e+6 
        3798.66      4.58729e+6 
        3798.75      4.58764e+6 
        3798.77       4.5877e+6 
        3798.84      4.58795e+6 
        3798.88      4.58811e+6 
        3798.92      4.58823e+6 
        3799.05       4.5887e+6 
        3799.09      4.58886e+6 
        3799.43      4.59006e+6 
        3799.47      4.59021e+6 
         3799.8      4.59141e+6 
        3800.56      4.59411e+6 
        3801.65      4.59797e+6 
        3802.32      4.60036e+6 
        3803.83      4.60573e+6 
        3805.35       4.6111e+6 
        3807.84      4.61993e+6 
        3808.38      4.62185e+6 
        3808.92      4.62376e+6 
           3810       4.6276e+6 
        3811.59      4.63319e+6 
        3812.16      4.63523e+6 
        3812.74      4.63727e+6 
         3813.9      4.64136e+6 
        3815.78      4.64799e+6 
        3816.09      4.64909e+6 
        3816.21      4.64949e+6 
        3816.64      4.65103e+6 
        3817.44      4.65389e+6 
         3817.5      4.65414e+6 
        3818.92      4.65923e+6 
        3820.39      4.66467e+6 
        3822.57      4.67262e+6 
        3823.35      4.67548e+6 
        3823.51      4.67607e+6 
        3824.13      4.67833e+6 
        3825.68      4.68402e+6 
         3826.8       4.6881e+6 
        3827.86      4.69194e+6 
        3828.91       4.6958e+6 
        3830.45      4.70139e+6 
        3831.02      4.70347e+6 
        3831.59      4.70554e+6 
           3832      4.70702e+6 
        3832.53       4.7089e+6 
        3832.73      4.70966e+6 
        3833.46      4.71229e+6 
        3833.93      4.71396e+6 
        3834.39      4.71566e+6 
        3834.63      4.71647e+6 
        3834.86      4.71729e+6 
        3834.97       4.7177e+6 
        3835.09      4.71811e+6 
        3835.15       4.7183e+6 
        3835.21      4.71845e+6 
        3835.27      4.71864e+6 
        3835.33       4.7188e+6 
        3835.38      4.71899e+6 
        3835.44      4.71921e+6 
         3835.5      4.71949e+6 
        3835.56      4.71974e+6 
        3835.63      4.72002e+6 
        3835.68      4.72021e+6 
        3835.73       4.7204e+6 
        3835.74      4.72046e+6 
        3835.77      4.72059e+6 
        3835.83      4.72078e+6 
        3835.91      4.72109e+6 
        3836.07      4.72172e+6 
        3836.38      4.72285e+6 
        3836.65      4.72382e+6 
        3836.98      4.72505e+6 
        3837.03      4.72524e+6 
        3837.31      4.72624e+6 
        3837.97      4.72863e+6 
        3838.65      4.73111e+6 
        3838.91      4.73206e+6 
        3839.18        4.733e+6 
         3839.7      4.73491e+6 
        3840.76      4.73872e+6 
        3842.75      4.74591e+6 
        3842.83      4.74619e+6 
        3842.87      4.74632e+6 
        3842.91      4.74648e+6 
        3843.07      4.74704e+6 
        3843.38      4.74814e+6 
           3844       4.7504e+6 
        3844.59      4.75251e+6 
        3845.25      4.75489e+6 
        3845.55      4.75596e+6 
        3845.91      4.75725e+6 
        3847.23      4.76199e+6 
        3847.44      4.76278e+6 
        3848.91      4.76806e+6 
        3850.38       4.7733e+6 
        3851.98      4.77902e+6 
        3853.31       4.7838e+6 
        3854.64      4.78857e+6 
         3855.7      4.79234e+6 
         3857.3      4.79806e+6 
        3858.91      4.80378e+6 
        3862.01      4.81477e+6 
        3862.11      4.81515e+6 
        3862.22      4.81553e+6 
        3862.43      4.81628e+6 
        3862.85      4.81776e+6 
        3863.68      4.82074e+6 
        3865.17      4.82602e+6 
        3865.36      4.82671e+6 
        3865.56       4.8274e+6 
        3865.95      4.82875e+6 
        3866.73      4.83152e+6 
        3867.68      4.83488e+6 
        3868.29      4.83705e+6 
         3868.9      4.83922e+6 
        3870.13      4.84352e+6 
        3871.32      4.84773e+6 
        3872.59      4.85219e+6 
        3873.85      4.85662e+6 
        3876.32      4.86532e+6 
        3876.37      4.86548e+6 
        3876.37      4.86548e+6 
        3876.37      4.86548e+6 
        3876.42      4.86567e+6 
        3876.52      4.86601e+6 
        3876.72       4.8667e+6 
        3876.95      4.86749e+6 
        3877.12      4.86812e+6 
        3877.92      4.87091e+6 
         3878.9      4.87434e+6 
        3880.29      4.87921e+6 
        3880.85      4.88116e+6 
        3881.42      4.88313e+6 
        3882.55      4.88706e+6 
         3884.4       4.8935e+6 
         3884.8      4.89492e+6 
        3884.92      4.89532e+6 
         3885.2       4.8963e+6 
        3886.01      4.89909e+6 
        3886.15      4.89957e+6 
         3887.1      4.90283e+6 
        3887.57      4.90443e+6 
        3888.04      4.90604e+6 
        3888.28      4.90682e+6 
        3888.52      4.90761e+6 
        3888.63      4.90798e+6 
        3888.75      4.90833e+6 
        3888.84      4.90858e+6 
        3888.87      4.90861e+6 
        3888.87      4.90864e+6 
         3888.9      4.90868e+6 
        3888.93      4.90874e+6 
        3888.99      4.90886e+6 
        3889.05      4.90902e+6 
        3889.11      4.90927e+6 
        3889.17      4.90959e+6 
        3889.22      4.90987e+6 
        3889.29      4.91018e+6 
        3889.34      4.91037e+6 
        3889.39      4.91059e+6 
        3889.41      4.91062e+6 
        3889.45      4.91081e+6 
        3889.49      4.91097e+6 
        3889.58      4.91128e+6 
        3889.75      4.91194e+6 
        3890.05      4.91304e+6 
        3890.32      4.91395e+6 
        3890.47      4.91452e+6 
        3890.66      4.91518e+6 
           3891      4.91637e+6 
        3891.68      4.91879e+6 
        3892.89        4.923e+6 
        3893.94      4.92665e+6 
        3894.46      4.92844e+6 
        3895.31      4.93139e+6 
        3896.22      4.93453e+6 
        3896.68       4.9361e+6 
        3898.89      4.94377e+6 
         3899.6      4.94619e+6 
        3901.57      4.95297e+6 
        3903.89      4.96095e+6 
        3904.25      4.96215e+6 
        3908.89      4.97804e+6 
        3913.89      4.99507e+6 
        3918.89      5.01342e+6 
        3923.89      5.03189e+6 
        3928.22      5.04782e+6 
        3928.35      5.04832e+6 
        3928.89      5.05027e+6 
        3929.56      5.05275e+6 
         3930.9      5.05765e+6 
        3933.45      5.06698e+6 
        3935.81      5.07556e+6 
        3937.35      5.08118e+6 
        3938.89      5.08674e+6 
        3940.04      5.09092e+6 
        3941.96      5.09789e+6 
        3943.88      5.10484e+6 
        3946.58      5.11454e+6 
        3947.73      5.11869e+6 
        3948.88      5.12281e+6 
        3950.65      5.12915e+6 
        3951.01      5.13044e+6 
        3951.19      5.13107e+6 
        3951.72      5.13295e+6 
        3952.78      5.13676e+6 
        3954.55      5.14307e+6 
        3957.31      5.15284e+6 
        3958.09       5.1556e+6 
        3958.62      5.15749e+6 
        3958.88       5.1584e+6 
        3960.45      5.16396e+6 
        3962.28      5.17037e+6 
        3965.74      5.18243e+6 
        3965.94      5.18316e+6 
        3966.15      5.18388e+6 
        3966.56      5.18529e+6 
        3966.68       5.1857e+6 
        3967.28      5.18777e+6 
        3967.38      5.18809e+6 
        3968.08      5.19051e+6 
        3968.71      5.19261e+6 
        3968.88      5.19318e+6 
        3969.05      5.19371e+6 
        3969.23      5.19431e+6 
        3969.29       5.1945e+6 
        3969.38      5.19478e+6 
        3969.53      5.19522e+6 
        3969.65      5.19557e+6 
        3969.77      5.19585e+6 
        3969.83      5.19597e+6 
        3969.89      5.19607e+6 
        3969.95       5.1961e+6 
        3970.01      5.19616e+6 
        3970.07      5.19629e+6 
        3970.13      5.19657e+6 
        3970.19      5.19695e+6 
        3970.25      5.19733e+6 
        3970.32      5.19773e+6 
        3970.37      5.19798e+6 
        3970.42       5.1982e+6 
        3970.43      5.19824e+6 
        3970.49      5.19852e+6 
        3970.52      5.19864e+6 
        3970.61      5.19902e+6 
         3970.8      5.19974e+6 
         3971.1      5.20091e+6 
        3971.33      5.20182e+6 
        3971.59      5.20276e+6 
         3971.7      5.20317e+6 
        3972.06      5.20449e+6 
        3972.79      5.20713e+6 
        3973.99      5.21143e+6 
        3974.94      5.21476e+6 
         3976.4      5.21994e+6 
        3976.84      5.22152e+6 
        3977.86       5.2251e+6 
        3978.87      5.22865e+6 
        3979.58       5.2311e+6 
         3980.9      5.23575e+6 
        3982.23      5.24037e+6 
        3984.18      5.24715e+6 
        3984.88       5.2496e+6 
        3985.12      5.25042e+6 
        3985.59      5.25205e+6 
        3986.99      5.25692e+6 
        3988.87      5.26339e+6 
        3991.38      5.27203e+6 
        3992.62       5.2763e+6 
        3993.85      5.28051e+6 
        3993.87      5.28058e+6 
        3996.36      5.28909e+6 
        3998.87      5.29764e+6 
        4003.87      5.31457e+6 
        4008.87      5.33141e+6 
        4013.86       5.3484e+6 
        4018.86      5.36568e+6 
        4023.86      5.38287e+6 
        4025.34      5.38789e+6 
        4028.86       5.3999e+6 
        4032.38      5.41183e+6 
        4032.95      5.41375e+6 
        4033.86      5.41683e+6 
         4035.9      5.42371e+6 
        4038.86      5.43364e+6 
        4043.86      5.45032e+6 
        4048.86      5.46687e+6 
        4053.86       5.4833e+6 
        4058.85      5.49958e+6 
        4063.85      5.51573e+6 
        4068.85      5.53168e+6 
        4073.85      5.54752e+6 
        4075.42      5.55242e+6 
        4078.85       5.5631e+6 
        4082.28      5.57369e+6 
        4082.56      5.57454e+6 
           4084      5.57897e+6 
         4085.7      5.58412e+6 
        4088.84      5.59357e+6 
         4089.7      5.59609e+6 
        4093.69      5.60787e+6 
        4096.52      5.61607e+6 
        4097.68       5.6194e+6 
        4098.01      5.62034e+6 
        4098.68      5.62223e+6 
        4098.84      5.62267e+6 
        4099.68      5.62496e+6 
        4100.17      5.62628e+6 
        4100.67      5.62753e+6 
        4100.92      5.62813e+6 
        4101.17       5.6286e+6 
         4101.3      5.62879e+6 
        4101.42      5.62892e+6 
        4101.48      5.62892e+6 
        4101.55      5.62882e+6 
        4101.61      5.62863e+6 
        4101.67      5.62845e+6 
        4101.73      5.62841e+6 
         4101.8      5.62882e+6 
        4101.86      5.62939e+6 
        4101.92      5.62999e+6 
        4102.05      5.63083e+6 
         4102.3      5.63206e+6 
        4102.74      5.63388e+6 
        4102.79      5.63407e+6 
        4102.85      5.63426e+6 
        4102.94       5.6346e+6 
        4103.15      5.63533e+6 
         4103.3      5.63589e+6 
        4103.55      5.63674e+6 
        4103.79      5.63762e+6 
        4104.29      5.63932e+6 
        4104.78      5.64098e+6 
        4105.29      5.64265e+6 
        4105.79      5.64431e+6 
        4106.79      5.64761e+6 
        4108.68      5.65377e+6 
        4108.76      5.65402e+6 
         4108.8      5.65414e+6 
        4108.84      5.65427e+6 
        4108.86      5.65433e+6 
           4109      5.65484e+6 
        4109.32      5.65593e+6 
        4109.78      5.65754e+6 
         4110.7      5.66071e+6 
        4111.32      5.66281e+6 
        4112.55      5.66702e+6 
        4113.77       5.6712e+6 
        4114.69      5.67431e+6 
        4116.23       5.6795e+6 
        4116.69      5.68107e+6 
        4117.77      5.68465e+6 
        4118.13      5.68587e+6 
        4118.84      5.68823e+6 
        4120.98      5.69533e+6 
        4123.84      5.70472e+6 
        4126.14      5.71226e+6 
        4128.84      5.72097e+6 
         4129.6      5.72345e+6 
        4131.53      5.72964e+6 
        4133.83      5.73699e+6 
        4134.22      5.73821e+6 
        4138.83      5.75282e+6 
        4143.83      5.76847e+6 
        4148.83      5.78392e+6 
        4153.83      5.79922e+6 
        4158.83       5.8144e+6 
        4163.83      5.82938e+6 
        4168.82      5.84424e+6 
        4173.82      5.85894e+6 
        4178.82      5.87352e+6 
        4183.82      5.88794e+6 
        4188.82      5.90224e+6 
        4193.82       5.9164e+6 
        4198.82      5.93042e+6 
        4203.81       5.9443e+6 
        4208.81      5.95825e+6 
        4213.81      5.97226e+6 
        4216.52      5.97977e+6 
        4217.24      5.98175e+6 
        4218.81      5.98612e+6 
         4221.1       5.9924e+6 
        4223.81      5.99981e+6 
        4224.95      6.00292e+6 
        4228.81      6.01335e+6 
        4233.81      6.02677e+6 
        4238.81      6.03999e+6 
        4243.81       6.0531e+6 
         4248.8      6.06604e+6 
         4253.8      6.07886e+6 
         4258.8      6.09145e+6 
         4263.8      6.10393e+6 
         4268.8      6.11621e+6 
         4273.8       6.1283e+6 
         4278.8      6.14021e+6 
        4283.79       6.1519e+6 
        4288.79      6.16336e+6 
        4293.79      6.17458e+6 
        4298.79      6.18548e+6 
        4303.79      6.19597e+6 
        4308.79      6.20568e+6 
        4313.79      6.21486e+6 
        4314.07      6.21536e+6 
        4318.78      6.22337e+6 
        4320.85      6.22667e+6 
         4323.5      6.23069e+6 
        4326.14       6.2344e+6 
        4326.48      6.23487e+6 
        4328.78      6.23785e+6 
        4330.23      6.23964e+6 
        4331.09      6.24068e+6 
        4331.15      6.24074e+6 
        4331.95      6.24165e+6 
        4333.66       6.2436e+6 
        4334.06      6.24404e+6 
        4336.17       6.2463e+6 
        4337.79      6.24794e+6 
        4338.22      6.24831e+6 
        4338.28      6.24838e+6 
        4338.78      6.24875e+6 
        4338.81      6.24878e+6 
        4339.34      6.24904e+6 
         4339.6      6.24904e+6 
        4339.87      6.24882e+6 
           4340      6.24856e+6 
        4340.13      6.24813e+6 
         4340.2      6.24775e+6 
        4340.26      6.24715e+6 
        4340.33      6.24621e+6 
         4340.4      6.24536e+6 
        4340.46      6.24498e+6 
        4340.53      6.24561e+6 
        4340.59      6.24674e+6 
        4340.66      6.24794e+6 
        4340.79      6.24948e+6 
        4341.01      6.25098e+6 
        4341.06      6.25127e+6 
         4341.1      6.25152e+6 
         4341.2      6.25202e+6 
        4341.23      6.25211e+6 
        4341.24      6.25218e+6 
         4341.4       6.2529e+6 
        4341.58      6.25362e+6 
        4341.94      6.25494e+6 
        4342.64       6.2573e+6 
        4343.33      6.25947e+6 
        4343.57      6.26022e+6 
        4344.04       6.2617e+6 
        4344.75      6.26386e+6 
        4346.17      6.26817e+6 
        4348.58      6.27533e+6 
        4348.78      6.27593e+6 
        4348.98      6.27653e+6 
        4349.37      6.27769e+6 
        4350.17      6.28001e+6 
        4350.32      6.28045e+6 
        4351.76       6.2846e+6 
         4353.2      6.28868e+6 
        4354.73      6.29296e+6 
        4356.08       6.2966e+6 
        4356.08       6.2966e+6 
        4357.43      6.30021e+6 
        4358.77      6.30373e+6 
        4359.17      6.30477e+6 
        4361.47      6.31033e+6 
        4363.77      6.31601e+6 
        4367.98      6.32597e+6 
        4368.38      6.32688e+6 
        4368.52      6.32723e+6 
        4368.77       6.3278e+6 
        4369.56      6.32962e+6 
        4371.15       6.3332e+6 
        4373.77      6.33901e+6 
        4378.77      6.34976e+6 
        4383.77      6.36009e+6 
        4388.77      6.37014e+6 
        4393.77      6.37991e+6 
        4398.76      6.38947e+6 
        4403.76      6.39704e+6 
        4408.76      6.40379e+6 
        4413.76      6.41042e+6 
        4418.76      6.41692e+6 
        4423.76      6.42336e+6 
        4428.76      6.42968e+6 
        4433.75      6.43593e+6 
        4438.75      6.44212e+6 
        4443.75      6.44821e+6 
        4448.75      6.45425e+6 
        4453.75      6.46018e+6 
        4458.75      6.46609e+6 
        4463.75       6.4719e+6 
        4468.74      6.47765e+6 
        4473.74      6.48337e+6 
        4478.74      6.48899e+6 
        4483.74      6.49455e+6 
        4488.74      6.50005e+6 
        4493.74      6.50552e+6 
        4498.74      6.51205e+6 
        4503.74      6.52135e+6 
        4508.73      6.53046e+6 
        4513.73      6.53945e+6 
        4514.12      6.54014e+6 
        4518.73      6.54824e+6 
        4523.35      6.55625e+6 
        4527.19      6.56282e+6 
        4527.96      6.56411e+6 
        4528.73      6.56543e+6 
        4530.27        6.568e+6 
        4532.97      6.57249e+6 
        4533.29      6.57303e+6 
        4533.35      6.57312e+6 
        4533.73      6.57375e+6 
        4534.49      6.57501e+6 
        4536.01      6.57752e+6 
        4538.73      6.58198e+6 
        4543.73      6.59002e+6 
        4548.72      6.59794e+6 
        4553.72       6.6057e+6 
        4558.72      6.61334e+6 
        4563.72      6.62081e+6 
        4568.72      6.62816e+6 
        4573.72      6.63536e+6 
        4578.72      6.64246e+6 
        4583.72       6.6494e+6 
        4588.71      6.65622e+6 
        4593.71      6.66288e+6 
        4596.53      6.66605e+6 
        4596.98      6.66655e+6 
        4598.71      6.66847e+6 
        4600.89      6.67083e+6 
        4603.71      6.67384e+6 
         4604.8        6.675e+6 
        4608.71      6.67912e+6 
        4613.71      6.68427e+6 
         4618.7      6.68936e+6 
         4623.7      6.69439e+6 
         4628.7      6.69929e+6 
         4633.7      6.70413e+6 
         4638.7      6.70887e+6 
         4643.7      6.71355e+6 
         4648.7      6.71811e+6 
         4653.7       6.7226e+6 
        4658.69      6.72703e+6 
        4663.69      6.73136e+6 
        4668.69      6.73561e+6 
        4673.69      6.73975e+6 
        4678.69      6.74384e+6 
        4683.69      6.74783e+6 
        4688.69      6.75172e+6 
        4693.69       6.7554e+6 
        4698.68      6.75876e+6 
        4703.68      6.76203e+6 
        4708.68      6.76523e+6 
        4713.68      6.76837e+6 
         4715.6      6.76954e+6 
        4718.68      6.77139e+6 
        4720.98      6.77277e+6 
        4721.76      6.77324e+6 
        4723.68      6.77437e+6 
        4724.83      6.77503e+6 
        4728.68      6.77723e+6 
        4733.68      6.78003e+6 
        4738.67      6.78273e+6 
        4743.67      6.78531e+6 
        4748.67      6.78779e+6 
        4753.67      6.79018e+6 
        4758.67      6.79244e+6 
        4763.67      6.79457e+6 
        4768.67      6.79652e+6 
        4773.66      6.79834e+6 
        4778.66      6.79998e+6 
        4783.66      6.80139e+6 
        4788.66      6.80258e+6 
        4793.66      6.80337e+6 
        4798.66      6.80381e+6 
        4803.66      6.80384e+6 
        4808.65      6.80337e+6 
        4813.65      6.80224e+6 
        4818.65      6.80032e+6 
        4823.65      6.79737e+6 
        4828.65      6.79313e+6 
        4833.65      6.78719e+6 
        4834.97      6.78527e+6 
        4838.65      6.77912e+6 
        4839.16      6.77817e+6 
        4842.32      6.77164e+6 
        4845.48      6.76391e+6 
         4845.5      6.76385e+6 
        4847.05      6.75961e+6 
        4848.64      6.75499e+6 
        4851.78      6.74516e+6 
        4854.39      6.73649e+6 
        4856.52      6.72932e+6 
         4858.4      6.72288e+6 
        4858.64      6.72203e+6 
        4858.66      6.72194e+6 
        4858.88      6.72115e+6 
        4859.36       6.7193e+6 
        4859.47      6.71883e+6 
        4860.06      6.71607e+6 
        4860.36      6.71427e+6 
        4860.66      6.71186e+6 
        4860.81      6.71016e+6 
        4860.95       6.7078e+6 
        4861.03      6.70604e+6 
         4861.1      6.70353e+6 
        4861.18      6.69998e+6 
        4861.25      6.69643e+6 
        4861.32      6.69461e+6 
         4861.4      6.69649e+6 
        4861.47      6.70014e+6 
        4861.54      6.70369e+6 
        4861.64      6.70689e+6 
        4861.69      6.70796e+6 
        4861.69      6.70799e+6 
        4861.69      6.70805e+6 
        4861.69      6.70812e+6 
        4861.74        6.709e+6 
        4861.84      6.71057e+6 
        4861.98      6.71223e+6 
        4861.99      6.71233e+6 
        4862.28       6.7149e+6 
        4862.58      6.71694e+6 
         4862.6      6.71704e+6 
        4863.18      6.72018e+6 
        4863.73      6.72269e+6 
        4863.76      6.72285e+6 
        4864.93      6.72775e+6 
        4866.13      6.73265e+6 
        4868.41      6.74192e+6 
        4868.53      6.74239e+6 
        4868.64      6.74286e+6 
        4868.86      6.74377e+6 
        4869.32       6.7456e+6 
        4869.58      6.74666e+6 
        4870.22      6.74921e+6 
        4870.86      6.75172e+6 
        4872.13      6.75672e+6 
        4874.62      6.76599e+6 
        4874.69      6.76621e+6 
        4874.75      6.76643e+6 
        4874.87      6.76686e+6 
        4875.12      6.76774e+6 
        4875.61      6.76947e+6 
        4876.61      6.77287e+6 
        4878.45       6.7789e+6 
        4878.54      6.77918e+6 
        4878.59      6.77931e+6 
        4878.64      6.77946e+6 
        4878.82      6.78003e+6 
        4879.19      6.78116e+6 
        4879.53       6.7822e+6 
        4879.92      6.78339e+6 
        4880.32      6.78455e+6 
        4880.94      6.78634e+6 
        4881.12      6.78685e+6 
        4882.71      6.79121e+6 
        4884.48       6.7957e+6 
         4887.4      6.80246e+6 
        4888.02      6.80381e+6 
        4888.63       6.8051e+6 
        4889.87      6.80758e+6 
        4891.06      6.80984e+6 
        4892.35       6.8122e+6 
        4893.63       6.8144e+6 
        4893.78      6.81465e+6 
         4896.2      6.81848e+6 
        4898.63        6.822e+6 
        4903.34      6.82791e+6 
        4903.48      6.82806e+6 
        4903.63      6.82825e+6 
        4903.92      6.82857e+6 
         4904.5      6.82923e+6 
        4905.66      6.83048e+6 
        4907.33      6.83218e+6 
        4907.98      6.83284e+6 
        4908.63      6.83347e+6 
        4909.93      6.83466e+6 
        4911.43      6.83601e+6 
        4912.53      6.83695e+6 
        4913.01      6.83736e+6 
        4913.63      6.83786e+6 
        4915.55      6.83937e+6 
        4915.82      6.83956e+6 
        4918.24      6.84135e+6 
        4918.63       6.8416e+6 
         4921.7      6.84368e+6 
        4923.62      6.84487e+6 
        4925.16      6.84578e+6 
        4928.62       6.8477e+6 
        4933.62      6.85018e+6 
        4938.62      6.85241e+6 
        4943.62      6.85439e+6 
        4948.62      6.85618e+6 
        4953.62      6.85778e+6 
        4958.61      6.85923e+6 
        4963.61      6.86058e+6 
        4968.61      6.86177e+6 
        4973.61      6.86287e+6 
        4978.61      6.86391e+6 
        4983.61      6.86479e+6 
        4988.61      6.86554e+6 
        4993.61       6.8662e+6 
         4998.6      6.86683e+6 
         5003.6      6.86736e+6 
         5008.6      6.86784e+6 
         5013.6      6.86824e+6 
         5018.6      6.86862e+6 
         5023.6      6.86894e+6 
         5028.6      6.86919e+6 
         5033.6      6.86941e+6 
        5038.59      6.86956e+6 
        5043.59      6.86969e+6 
        5048.59      6.86978e+6 
        5053.59      6.86981e+6 
        5058.59      6.86978e+6 
        5063.59      6.86975e+6 
        5068.59      6.86966e+6 
        5073.58      6.86953e+6 
        5078.58      6.86934e+6 
        5083.58      6.86897e+6 
        5088.58      6.86853e+6 
        5093.58      6.86802e+6 
        5098.58      6.86749e+6 
        5103.58      6.86692e+6 
        5108.57      6.86633e+6 
        5113.57       6.8657e+6 
        5118.57      6.86504e+6 
        5123.57      6.86432e+6 
        5128.57      6.86359e+6 
        5133.57      6.86284e+6 
        5138.57      6.86206e+6 
        5143.57      6.86124e+6 
        5148.56      6.86039e+6 
        5153.56      6.85951e+6 
        5158.56      6.85863e+6 
        5163.56      6.85769e+6 
        5168.56      6.85671e+6 
        5173.56      6.85574e+6 
        5178.56      6.85467e+6 
        5183.56      6.85348e+6 
        5188.55      6.85228e+6 
        5193.55      6.85103e+6 
        5198.55      6.84977e+6 
        5203.55      6.84848e+6 
        5208.55      6.84716e+6 
        5213.55      6.84581e+6 
        5218.55      6.84443e+6 
        5223.54      6.84305e+6 
        5228.54      6.84163e+6 
        5233.54      6.84019e+6 
        5238.54      6.83871e+6 
        5243.54      6.83721e+6 
        5248.54       6.8357e+6 
        5253.54      6.83416e+6 
        5258.53      6.83259e+6 
        5263.53      6.83098e+6 
        5268.53      6.82938e+6 
        5273.53      6.82772e+6 
        5278.53      6.82662e+6 
        5283.53      6.82558e+6 
        5288.53      6.82448e+6 
        5293.52      6.82335e+6 
        5298.52      6.82219e+6 
        5303.52      6.82096e+6 
        5308.52      6.81974e+6 
        5313.52      6.81845e+6 
        5318.52      6.81713e+6 
        5323.52      6.81578e+6 
        5328.52       6.8144e+6 
        5333.52      6.81298e+6 
        5338.51      6.81151e+6 
        5343.51      6.81003e+6 
        5348.51      6.80849e+6 
        5353.51      6.80692e+6 
        5358.51      6.80535e+6 
        5363.51      6.80397e+6 
        5368.51       6.8023e+6 
         5373.5      6.80032e+6 
         5378.5        6.798e+6 
         5383.5      6.79564e+6 
         5388.5      6.79329e+6 
         5393.5       6.7909e+6 
         5398.5      6.78848e+6 
         5403.5      6.78606e+6 
        5408.49      6.78361e+6 
        5413.49      6.78113e+6 
        5418.49      6.77865e+6 
        5423.49      6.77613e+6 
        5428.49      6.77359e+6 
        5433.49      6.77104e+6 
        5438.49      6.76847e+6 
        5443.48      6.76589e+6 
        5448.48      6.76325e+6 
        5453.48      6.76064e+6 
        5458.48      6.75801e+6 
        5463.48      6.75534e+6 
        5468.48      6.75263e+6 
        5473.48      6.75034e+6 
        5478.48      6.74798e+6 
        5483.48      6.74563e+6 
        5488.47      6.74327e+6 
        5493.47      6.74085e+6 
        5498.47      6.73843e+6 
        5503.47      6.73598e+6 
        5508.47      6.73353e+6 
        5513.47      6.73102e+6 
        5518.47      6.72851e+6 
        5523.46      6.72599e+6 
        5528.46      6.72345e+6 
        5533.46      6.72087e+6 
        5538.46      6.71826e+6 
        5543.46      6.71566e+6 
        5548.46      6.71302e+6 
        5553.46      6.71035e+6 
        5558.45      6.70768e+6 
        5563.45      6.70498e+6 
        5568.45      6.70224e+6 
        5573.45      6.69948e+6 
        5578.45      6.69671e+6 
        5583.45      6.69392e+6 
        5588.45      6.69112e+6 
        5593.44      6.68829e+6 
        5598.44      6.68543e+6 
        5603.44      6.68258e+6 
        5608.44      6.67969e+6 
        5613.44      6.67676e+6 
        5618.44      6.67384e+6 
        5623.44      6.67089e+6 
        5628.44      6.66794e+6 
        5633.43      6.66495e+6 
        5638.43      6.66197e+6 
        5643.43      6.65892e+6 
        5648.43       6.6559e+6 
        5653.43      6.65286e+6 
        5658.43      6.64978e+6 
        5663.43       6.6467e+6 
        5668.43      6.64381e+6 
        5673.42      6.64067e+6 
        5673.98      6.64032e+6 
        5678.42      6.63753e+6 
        5682.86       6.6347e+6 
         5686.2      6.63256e+6 
        5687.31      6.63187e+6 
        5687.86      6.63153e+6 
        5688.42      6.63115e+6 
        5690.64      6.62973e+6 
        5693.42      6.62794e+6 
        5698.42      6.62474e+6 
        5703.41       6.6215e+6 
        5704.77      6.62062e+6 
        5708.41      6.61827e+6 
        5708.88      6.61795e+6 
        5712.06      6.61588e+6 
        5713.41        6.615e+6 
        5715.23      6.61381e+6 
        5718.41       6.6117e+6 
        5723.41       6.6084e+6 
        5728.41      6.60507e+6 
        5733.41      6.60174e+6 
        5738.41      6.59841e+6 
         5743.4      6.59505e+6 
         5748.4      6.59166e+6 
         5753.4      6.58827e+6 
         5758.4      6.58487e+6 
         5763.4       6.5801e+6 
         5768.4      6.57664e+6 
         5773.4      6.57319e+6 
         5778.4       6.5697e+6 
        5783.39      6.56621e+6 
        5788.39      6.56269e+6 
        5793.39      6.55917e+6 
        5798.39      6.55562e+6 
        5803.39      6.55207e+6 
        5808.39      6.54849e+6 
        5813.39      6.54491e+6 
        5818.39       6.5413e+6 
        5823.38      6.53769e+6 
        5828.38      6.53404e+6 
        5833.38       6.5304e+6 
        5838.38      6.52675e+6 
        5843.38      6.52308e+6 
        5848.38       6.5194e+6 
        5853.38      6.51569e+6 
        5858.37      6.51199e+6 
        5863.37      6.50828e+6 
        5868.37      6.50454e+6 
        5873.37       6.5008e+6 
        5878.37      6.49703e+6 
        5883.37      6.49326e+6 
        5888.37      6.48949e+6 
        5893.36      6.48569e+6 
        5898.36      6.48186e+6 
        5903.36      6.47806e+6 
        5908.36      6.47419e+6 
        5913.36      6.47036e+6 
        5918.36       6.4665e+6 
        5923.36      6.46263e+6 
        5928.35      6.45874e+6 
        5933.35      6.45484e+6 
        5938.35      6.45091e+6 
        5943.35      6.44699e+6 
        5948.35      6.44306e+6 
        5953.35       6.4391e+6 
        5958.35      6.43511e+6 
        5963.35      6.43112e+6 
        5968.34       6.4271e+6 
        5973.34      6.42311e+6 
        5978.34      6.41906e+6 
        5983.34      6.41504e+6 
        5988.34      6.41099e+6 
        5993.34       6.4069e+6 
        5998.34      6.40282e+6 
        6003.34      6.39873e+6 
        6008.33      6.39465e+6 
        6013.33      6.39053e+6 
        6018.33      6.38642e+6 
        6023.33      6.38227e+6 
        6028.33      6.37812e+6 
        6033.33      6.37398e+6 
        6038.32       6.3698e+6 
        6043.32      6.36562e+6 
        6048.32      6.36144e+6 
        6053.32      6.35723e+6 
        6058.32      6.35302e+6 
        6063.32      6.34878e+6 
        6068.32      6.34454e+6 
        6073.32       6.3403e+6 
        6078.31      6.33606e+6 
        6083.31      6.33179e+6 
        6088.31      6.32748e+6 
        6093.31      6.32321e+6 
        6098.31      6.31891e+6 
        6103.31       6.3146e+6 
        6108.31      6.31027e+6 
        6113.31      6.30593e+6 
         6118.3       6.3016e+6 
         6123.3      6.29723e+6 
         6128.3      6.29286e+6 
         6133.3      6.28849e+6 
         6138.3       6.2841e+6 
         6143.3       6.2797e+6 
         6148.3      6.27527e+6 
        6153.29      6.27084e+6 
        6158.29      6.26641e+6 
        6163.29      6.26195e+6 
        6168.29      6.25749e+6 
        6173.29      6.25303e+6 
        6178.29      6.24853e+6 
        6183.29      6.24404e+6 
        6188.28      6.23952e+6 
        6193.28      6.23499e+6 
        6198.28      6.23047e+6 
        6203.28      6.22591e+6 
        6208.28      6.22136e+6 
        6213.28      6.21677e+6 
        6218.28      6.21219e+6 
        6223.28       6.2076e+6 
        6228.27      6.20307e+6 
        6233.27      6.19843e+6 
        6238.27      6.19381e+6 
        6243.27      6.18916e+6 
        6244.38      6.18812e+6 
        6248.27      6.18448e+6 
        6252.16      6.18083e+6 
        6253.82      6.17926e+6 
        6256.04      6.17719e+6 
        6258.27      6.17508e+6 
        6262.16      6.17141e+6 
        6262.71      6.17087e+6 
        6263.27      6.17037e+6 
        6264.37       6.1693e+6 
        6264.91       6.1688e+6 
        6266.59      6.16723e+6 
        6268.26      6.16563e+6 
        6269.97      6.16402e+6 
        6271.61      6.16245e+6 
        6273.26      6.16088e+6 
        6274.85      6.15934e+6 
        6276.56      6.15774e+6 
        6278.26      6.15611e+6 
        6280.08      6.15435e+6 
        6281.67      6.15284e+6 
        6283.26       6.1513e+6 
        6284.63      6.14998e+6 
        6286.44      6.14825e+6 
        6288.26      6.14649e+6 
        6290.52      6.14433e+6 
        6291.89      6.14301e+6 
        6293.26      6.14166e+6 
        6293.73      6.14122e+6 
        6295.99      6.13902e+6 
        6298.26      6.13682e+6 
        6302.31      6.13286e+6 
        6302.78      6.13239e+6 
        6303.25      6.13195e+6 
        6303.92      6.13129e+6 
         6304.2      6.13101e+6 
        6306.09      6.12915e+6 
        6308.25      6.12705e+6 
        6311.92      6.12344e+6 
        6312.59      6.12278e+6 
        6313.25      6.12212e+6 
        6314.58       6.1208e+6 
        6316.22      6.11916e+6 
        6317.23      6.11816e+6 
        6317.31      6.11809e+6 
        6318.25      6.11715e+6 
        6320.28      6.11514e+6 
        6323.25      6.11219e+6 
        6328.25      6.10716e+6 
        6333.25      6.10214e+6 
        6338.24      6.09705e+6 
        6343.24      6.09196e+6 
        6348.24       6.0868e+6 
        6353.24      6.08162e+6 
        6358.24      6.07637e+6 
        6363.24       6.0711e+6 
        6368.24      6.06576e+6 
        6373.23      6.06035e+6 
        6378.23      6.05492e+6 
        6383.23      6.04939e+6 
        6388.23       6.0438e+6 
        6393.23      6.03814e+6 
        6398.23      6.03239e+6 
        6403.23      6.02655e+6 
        6408.23      6.02058e+6 
        6413.22      6.01452e+6 
        6418.22       6.0083e+6 
        6423.22      6.00195e+6 
        6428.22      5.99545e+6 
        6433.22      5.98876e+6 
        6438.22      5.98188e+6 
        6443.22      5.97474e+6 
        6448.22      5.96736e+6 
        6453.21       5.9597e+6 
        6458.21      5.95168e+6 
        6463.21       5.9433e+6 
        6468.21      5.93444e+6 
        6473.21      5.92508e+6 
        6478.21      5.91515e+6 
         6483.2       5.9045e+6 
         6488.2      5.89306e+6 
         6493.2      5.88065e+6 
         6498.2      5.86718e+6 
         6503.2      5.85238e+6 
         6508.2      5.83607e+6 
         6513.2      5.81795e+6 
         6518.2      5.79768e+6 
        6523.19      5.77488e+6 
        6523.72      5.77233e+6 
        6528.19      5.74915e+6 
        6532.67      5.72323e+6 
         6536.1      5.70139e+6 
        6537.14      5.69433e+6 
        6537.38      5.69269e+6 
        6538.19       5.6871e+6 
        6540.29      5.67211e+6 
        6543.19      5.65019e+6 
        6546.46      5.62389e+6 
        6546.72      5.62169e+6 
        6548.19      5.60931e+6 
        6549.92      5.59433e+6 
        6553.11      5.56571e+6 
        6554.43      5.55352e+6 
        6556.31      5.53549e+6 
        6556.87      5.52986e+6 
         6557.9      5.51909e+6 
        6558.19      5.51601e+6 
         6559.5      5.50017e+6 
         6560.3      5.48908e+6 
         6561.1      5.47778e+6 
         6561.5      5.47074e+6 
         6561.9       5.4616e+6 
        6562.09      5.45522e+6 
        6562.29      5.44614e+6 
        6562.39       5.4396e+6 
        6562.49      5.42999e+6 
        6562.59      5.41695e+6 
        6562.69      5.40379e+6 
        6562.79      5.39644e+6 
        6562.89      5.40351e+6 
        6562.99      5.41664e+6 
        6563.09      5.42952e+6 
        6563.29      5.44529e+6 
        6563.64      5.45877e+6 
        6563.69      5.46003e+6 
        6563.69      5.46009e+6 
        6563.69      5.46012e+6 
        6563.74      5.46141e+6 
        6563.84      5.46373e+6 
        6564.04      5.46775e+6 
        6564.29      5.47209e+6 
        6564.39       5.4736e+6 
        6564.44      5.47432e+6 
        6564.49      5.47501e+6 
        6564.69      5.47765e+6 
        6565.08      5.48255e+6 
        6565.64      5.48918e+6 
        6565.86      5.49207e+6 
        6566.09      5.49477e+6 
        6566.54       5.4998e+6 
        6566.69       5.5014e+6 
        6567.09      5.50539e+6 
        6567.44      5.50875e+6 
        6568.18      5.51547e+6 
        6569.28      5.52474e+6 
        6570.48      5.53429e+6 
        6571.48      5.54199e+6 
        6572.47       5.5495e+6 
        6573.27      5.55537e+6 
        6574.47      5.56407e+6 
        6575.67      5.57259e+6 
        6577.95      5.58823e+6 
        6578.06      5.58902e+6 
        6578.18      5.58977e+6 
        6578.41      5.59131e+6 
        6578.87      5.59433e+6 
        6579.79       5.6003e+6 
        6580.08      5.60215e+6 
        6581.63       5.6118e+6 
        6583.18      5.62106e+6 
        6584.38      5.62794e+6 
        6586.28      5.63837e+6 
        6587.91      5.64682e+6 
        6588.18      5.64818e+6 
        6588.44      5.64949e+6 
        6588.98       5.6521e+6 
        6590.04      5.65719e+6 
        6591.02      5.66175e+6 
        6592.17       5.6668e+6 
        6593.01      5.67045e+6 
        6593.31      5.67171e+6 
        6595.59      5.68085e+6 
        6598.17      5.69027e+6 
        6603.34      5.70645e+6 
        6613.66      5.72998e+6 
        6623.98      5.74453e+6 
         6634.3      5.75276e+6 
        6639.69      5.75518e+6 
        6654.94      5.75703e+6 
        6675.58      5.75166e+6 
        6711.48      5.73089e+6 
        6741.75       5.7079e+6 
        6747.37      5.70328e+6 
        6783.26       5.6724e+6 
        6824.78      5.63451e+6 
        6907.81      5.55588e+6 
        6990.84      5.47514e+6 
         7038.6      5.42817e+6 
        7073.87      5.39336e+6 
        7109.15      5.35843e+6 
        7179.69      5.28906e+6 
        7250.24      5.21954e+6 
        7320.78      5.14998e+6 
        7389.14      5.08325e+6 
        7391.33      5.08109e+6 
        7393.51      5.07895e+6 
        7397.89      5.07465e+6 
        7406.65       5.0661e+6 
        7424.15      5.04901e+6 
        7459.17      5.01486e+6 
         7529.2      4.94672e+6 
        7599.23      4.87883e+6 
        7660.63      4.81955e+6 
        7669.25      4.81125e+6 
        7677.88      4.80296e+6 
        7695.14       4.7865e+6 
        7729.65       4.7537e+6 
        7798.67      4.68836e+6 
        7867.69      4.62339e+6 
        7911.17      4.58267e+6 
        7936.71      4.55886e+6 
        7962.25      4.53511e+6 
        8013.32      4.48808e+6 
        8046.24      4.45789e+6 
         8064.4       4.4413e+6 
        8082.55      4.42474e+6 
        8118.86      4.39188e+6 
        8180.09      4.33672e+6 
        8191.47      4.32654e+6 
        8200.85      4.31812e+6 
        8202.85      4.31633e+6 
        8204.85      4.31457e+6 
        8208.85      4.31099e+6 
        8216.85      4.30389e+6 
        8232.84      4.28969e+6 
        8264.83      4.26135e+6 
        8289.72      4.23939e+6 
        8328.82      4.20505e+6 
        8343.44      4.19227e+6 
        8367.92       4.1709e+6 
        8371.47      4.16783e+6 
        8388.68       4.1529e+6 
        8392.39       4.1497e+6 
        8408.65      4.13569e+6 
        8413.32      4.13167e+6 
        8432.02      4.11555e+6 
        8437.95      4.11046e+6 
        8467.25      4.08536e+6 
        8473.98      4.07961e+6 
        8502.48      4.05532e+6 
        8516.58      4.04332e+6 
        8530.98      4.03113e+6 
        8545.38      4.01901e+6 
        8549.97      4.01518e+6 
        8574.18      3.99488e+6 
        8598.39      3.97468e+6 
         8628.6      3.94958e+6 
        8646.81       3.9345e+6 
        8652.39      3.92988e+6 
        8665.01      3.91948e+6 
        8685.59      3.90255e+6 
        8701.43      3.88954e+6 
        8750.47      3.84949e+6 
        8767.92      3.83532e+6 
        8815.35      3.79702e+6 
        8862.78      3.75932e+6 
        8900.38      3.72964e+6 
        8957.65      3.68477e+6 
        9014.91      3.64038e+6 
        9044.62      3.61751e+6 
        9072.17      3.59643e+6 
        9099.72      3.57542e+6 
        9154.81       3.5341e+6 
         9190.8      3.50731e+6 
         9209.9      3.49317e+6 
        9229.01      3.47906e+6 
        9267.22      3.45101e+6 
         9303.2      3.42478e+6 
        9343.64       3.3955e+6 
        9384.08      3.36641e+6 
        9464.96      3.30942e+6 
        9545.72      3.25334e+6 
        9545.84      3.25324e+6 
        9545.97      3.25318e+6 
        9546.21      3.25299e+6 
        9546.69      3.25268e+6 
        9546.87      3.25255e+6 
        9547.66      3.25202e+6 
        9549.59      3.25067e+6 
        9553.47      3.24803e+6 
        9561.21      3.24269e+6 
        9576.69      3.23207e+6 
        9607.66      3.21093e+6 
        9668.45      3.16977e+6 
        9729.24      3.12946e+6 
        9790.04       3.0896e+6 
        9850.83      3.05021e+6 
        9870.42      3.03762e+6 
        9911.62      3.01129e+6 
        9952.82      2.98518e+6 
        10021.1      2.94275e+6 
        10035.2      2.93403e+6 
        10049.4       2.9253e+6 
        10077.7      2.90801e+6 
        10134.2      2.87367e+6 
        10144.5      2.86749e+6 
        10190.8       2.8397e+6 
        10237.2      2.81217e+6 
        10329.9      2.75902e+6 
        10422.6      2.70682e+6 
        10515.3      2.65558e+6 
          10608      2.60528e+6 
        10700.7      2.55591e+6 
        10793.4      2.50747e+6 
        10834.1      2.48648e+6 
        10886.1      2.45992e+6 
        10938.1       2.4336e+6 
        10990.1      2.40773e+6 
          11042      2.38209e+6 
          11094      2.35672e+6 
          11146      2.33162e+6 
          11198      2.30679e+6 
          11239      2.28738e+6 
          11250      2.28224e+6 
        11260.9       2.2771e+6 
        11282.8      2.26722e+6 
        11326.6      2.24759e+6 
        11414.2      2.20885e+6 
        11501.8      2.17079e+6 
        11589.4      2.13339e+6 
          11677      2.09665e+6 
        11764.6      2.06058e+6 
        11852.2      2.02515e+6 
        11939.8      1.99035e+6 
        12027.4      1.95617e+6 
          12115      1.92263e+6 
        12120.6      1.92051e+6 
        12202.6      1.88969e+6 
        12284.6       1.8594e+6 
        12366.6      1.83087e+6 
        12448.7      1.80278e+6 
        12530.7      1.77513e+6 
        12612.7      1.74789e+6 
        12694.7      1.72102e+6 
        12735.4      1.70781e+6 
        12776.7      1.69445e+6 
        12818.1      1.68112e+6 
        12900.8      1.65561e+6 
        12983.5      1.63034e+6 
        13066.2      1.60539e+6 
        13148.9      1.58081e+6 
        13154.8      1.57906e+6 
        13231.6      1.55661e+6 
        13308.4       1.5345e+6 
        13385.1      1.51384e+6 
        13461.9      1.49347e+6 
        13538.7      1.47337e+6 
        13615.5      1.45356e+6 
        13692.3      1.43403e+6 
        13769.1      1.41477e+6 
        13845.9      1.39578e+6 
        13922.7      1.37705e+6 
        13999.5      1.35859e+6 
        14076.2       1.3404e+6 
          14153      1.32246e+6 
        14229.8      1.30479e+6 
        14281.2      1.29311e+6 
        14306.6      1.28736e+6 
        14332.1      1.28165e+6 
          14383      1.27065e+6 
        14410.1      1.26482e+6 
        14427.1      1.26119e+6 
        14433.9      1.25974e+6 
        14457.6      1.25469e+6 
        14505.2      1.24472e+6 
        14581.2      1.22893e+6 
        14583.2      1.22852e+6 
        14585.2      1.22811e+6 
        14589.2      1.22731e+6 
        14597.2       1.2257e+6 
        14613.2       1.2225e+6 
        14645.2      1.21613e+6 
        14709.2      1.20348e+6 
        14773.2      1.19096e+6 
        14837.1      1.17857e+6 
        14901.1       1.1663e+6 
        14965.1      1.15416e+6 
        15029.1      1.14215e+6 
        15093.1      1.13027e+6 
        15157.1      1.11851e+6 
          15221      1.10688e+6 
          15285      1.09536e+6 
          15349      1.08398e+6 
          15413      1.07271e+6 
        15471.6       1.0625e+6 
          15477      1.06157e+6 
        15482.4      1.06063e+6 
        15493.1      1.05871e+6 
        15514.7      1.05488e+6 
        15557.9      1.04728e+6 
        15644.2      1.03222e+6 
        15730.5       1.0174e+6 
        15816.8       1.0028e+6 
        15903.1          988424 
        15989.4          974274 
        16075.8          960344 
        16162.1          946625 
        16248.4          933122 
        16289.9          926704 
        16334.7          919827 
        16379.5          913010 
        16469.1          897289 
        16558.8          881898 
        16648.4          866828 
          16738          852072 
        16827.7          837621 
        16917.3          823465 
        17006.9          809604 
        17096.6          796023 
        17186.2          782722 
        17275.8          769690 
        17327.7          762273 
        17365.5          756923 
        17403.2          751620 
        17478.8          741143 
        17554.3          730844 
        17629.9          720719 
        17705.4          710763 
          17781          700977 
        17856.5          691355 
        17932.1          681895 
        18007.6          672103 
        18083.2          662870 
        18158.7          653765 
        18234.3          644777 
        18309.8          635883 
        18343.7          631913 
        18385.3          627059 
          18427          622218 
        18510.2          612535 
        18593.4          602790 
        18602.1          601766 
        18676.6          592985 
        18751.1          584418 
        18825.6          577673 
        18900.2          571069 
        18974.7          564368 
        19049.2          557564 
        19123.7          550718 
        19198.3          543879 
        19272.8          537080 
        19347.3          530348 
          19393          526251 
        19421.9          523688 
        19450.7          521134 
        19508.3          516066 
        19565.9          511310 
        19623.6          506318 
        19681.2          501382 
        19738.8          496507 
        19796.5          491691 
        19854.1          486931 
        19911.7          482228 
        19969.4          477579 
          20027          472989 
        20084.6          468449 
        20142.3          463963 
        20199.9          459533 
        20257.5          455151 
        20315.2          450822 
        20372.8          446543 
        20386.4          445538 
        20430.4          442314 
        20474.4          439122 
        20562.3          432824 
        20650.3          426635 
        20738.2          420552 
        20826.2          414580 
        20914.1          408709 
        21002.1          402944 
          21090          397273 
        21177.9          391703 
        21265.9          386231 
        21353.8          380849 
        21441.8          375562 
        21529.7          370365 
        21604.7          366002 
        21617.7          365254 
        21630.6          364510 
        21656.5          363027 
        21708.4          360077 
        21760.2          357161 
          21812          354271 
        21863.8          351412 
        21915.7          348582 
        21967.5          345776 
        22019.3          343002 
        22071.1          340253 
          22123          337533 
        22174.8          334837 
        22226.6          332170 
        22278.4          329528 
        22330.3          326914 
        22382.1          324322 
        22433.9          321759 
        22485.8          319217 
        22537.6          316704 
        22589.4          314213 
        22641.2          311746 
        22693.1          309303 
        22702.9          308841 
        22744.9          306884 
        22784.8          305035 
        22786.8          304942 
        22788.8          304850 
        22792.8          304666 
        22800.8          304298 
        22816.8          303564 
        22848.8          302103 
        22912.8          299206 
        22976.8          296344 
        23040.8          293515 
        23104.8          290719 
        23168.7          287956 
        23232.7          285226 
        23296.7          282528 
        23360.7          279861 
        23424.7          277225 
        23488.6          274620 
        23552.6          272045 
        23616.6          269499 
        23680.6          266983 
        23744.6          264496 
        23808.6          262038 
        23872.5          259608 
        23936.5          257205 
        24000.5          254830 
        24064.5          252482 
        24128.5          250161 
        24192.5          247866 
        24256.4          245597 
        24320.4          243353 
        24384.4          241135 
        24448.4          238942 
        24512.4          236774 
        24576.3          234629 
        24640.3          232509 
        24704.3          230412 
        24768.3          228339 
        24832.3          226289 
        24896.3          224261 
        24960.2          222256 
        25004.4          220884 
        25024.2          220273 
          25044          219664 
        25083.6          218453 
        25162.8          216056 
        25241.9          213691 
        25321.1          211358 
        25400.2          209057 
        25479.4          206787 
        25558.5          204546 
        25637.7          202336 
        25716.9          200156 
          25796          198004 
        25875.2          195881 
        25954.3          193786 
        26033.5          191719 
        26112.7          189678 
        26191.8          187665 
          26271          185678 
        26350.1          183718 
        26429.3          181782 
        26508.4          179872 
        26587.6          177987 
        26666.8          176126 
        26745.9          174289 
        26825.1          172476 
        26904.2          170686 
        26983.4          168919 
        27062.6          167175 
        27141.7          165453 
        27142.5          165435 
        27220.9          163753 
        27299.2          162092 
        27377.5          160452 
        27455.8          158834 
        27534.2          157235 
        27612.5          155656 
        27690.8          154097 
        27769.1          152557 
        27847.5          151036 
        27925.8          149534 
        28004.1          148050 
        28082.4          146585 
        28160.8          145137 
        28239.1          143707 
        28317.4          142294 
        28395.7          140899 
          28474          139521 
        28552.4          138159 
        28630.7          136814 
          28709          135485 
        28787.3          134172 
        28865.7          132874 
          28944          131593 
        29022.3          130326 
        29100.6          129075 
          29179          127838 
        29257.3          126616 
        29335.6          125409 
        29413.9          124215 
        29492.3          123036 
        29570.6          121871 
        29648.9          120719 
        29727.2          119581 
        29805.5          118456 
        29883.9          117344 
        29932.6          116659 
        29962.2          116246 
        29991.8          115833 
