# Koester WD models
# teff = 70000 K (value for the effective temperature for the model. Temperatures are given in K)
# logg = 9.5 log(cm/s2) (value for Log(G) for the model.)
#
# column 1: WAVELENGTH (ANGSTROM), Wavelength in Angstrom
# column 2: FLUX (ERG/CM2/S/A), Flux in erg/cm2/s/A
         899.23     2.51365e+11 
        904.235     2.48213e+11 
         908.45     2.45585e+11 
        909.241     2.45093e+11 
        910.032     2.44602e+11 
        911.193     2.43881e+11 
        911.613      2.4362e+11 
        912.034     2.43358e+11 
        912.465      2.4309e+11 
        912.875     2.42835e+11 
        913.037     2.42734e+11 
        913.241     2.42606e+11 
        913.284      2.4258e+11 
        913.478     2.42458e+11 
        913.531     2.42425e+11 
        913.755     2.42286e+11 
        913.822     2.42244e+11 
         914.08     2.42082e+11 
        914.165     2.42029e+11 
        914.499     2.41818e+11 
        914.575     2.41771e+11 
        915.071     2.41458e+11 
         915.54     2.41159e+11 
        915.609     2.41116e+11 
        915.643     2.41094e+11 
        915.677     2.41073e+11 
        915.741     2.41034e+11 
        915.813      2.4099e+11 
        916.085     2.40823e+11 
        916.429     2.40611e+11 
        916.858     2.40344e+11 
        917.118     2.40179e+11 
        917.196     2.40129e+11 
        917.378     2.40013e+11 
        917.899     2.39677e+11 
        917.952     2.39643e+11 
        918.287     2.39418e+11 
        918.602     2.39205e+11 
        919.251     2.38764e+11 
        920.215     2.38206e+11 
        921.882     2.37107e+11 
        921.999     2.37006e+11 
        922.143      2.3688e+11 
        922.405     2.36657e+11 
         922.81     2.36414e+11 
        923.621     2.36229e+11 
        925.001     2.35081e+11 
        925.242     2.34795e+11 
        925.484     2.34553e+11 
        925.564     2.34534e+11 
        925.966     2.34617e+11 
        926.164     2.34655e+11 
        926.369     2.34657e+11 
        926.669     2.34793e+11 
        927.173      2.3474e+11 
        927.276     2.34674e+11 
        927.678     2.34403e+11 
        928.182     2.33625e+11 
        928.917      2.3212e+11 
         928.98     2.31967e+11 
        929.089     2.31658e+11 
        929.261     2.31195e+11 
        929.317     2.31058e+11 
        929.543     2.30454e+11 
        929.655     2.30179e+11 
        929.769     2.29914e+11 
        929.827     2.29794e+11 
        929.883     2.29699e+11 
         929.91     2.29668e+11 
        929.939     2.29645e+11 
        929.954     2.29639e+11 
        929.968     2.29636e+11 
        929.982     2.29636e+11 
        929.996     2.29639e+11 
         930.01     2.29646e+11 
        930.024     2.29655e+11 
        930.038     2.29667e+11 
        930.052     2.29683e+11 
        930.081     2.29726e+11 
        930.137     2.29843e+11 
        930.201     2.30027e+11 
        930.247     2.30175e+11 
        930.249     2.30182e+11 
        930.251     2.30189e+11 
        930.301     2.30364e+11 
        930.326     2.30445e+11 
        930.329     2.30456e+11 
        930.402     2.30714e+11 
        930.478     2.30988e+11 
         930.63     2.31576e+11 
        930.931     2.32714e+11 
        931.229     2.33778e+11 
         931.49     2.34704e+11 
        931.534     2.34843e+11 
        931.838     2.35644e+11 
        931.968     2.35963e+11 
        932.447     2.36871e+11 
        932.925     2.37097e+11 
        933.265     2.36907e+11 
        933.403     2.36696e+11 
        933.432     2.36664e+11 
        933.542     2.36514e+11 
        933.652     2.36314e+11 
        933.872     2.35774e+11 
        933.973     2.35438e+11 
        934.073     2.35046e+11 
        934.312      2.3381e+11 
        934.362     2.33494e+11 
        934.652     2.32119e+11 
        934.941      2.3031e+11 
         935.23     2.27959e+11 
        935.473     2.25888e+11 
        935.688     2.24034e+11 
        935.809     2.22739e+11 
        936.144     2.19422e+11 
        936.372     2.17098e+11 
        936.601     2.15007e+11 
        936.714     2.13999e+11 
        936.829     2.13004e+11 
        936.887     2.12434e+11 
        936.944     2.11849e+11 
        936.973     2.11562e+11 
        937.001     2.11294e+11 
        937.015     2.11175e+11 
        937.029      2.1108e+11 
        937.043     2.11007e+11 
        937.058     2.10961e+11 
        937.072     2.10955e+11 
        937.086     2.10988e+11 
        937.101     2.11062e+11 
        937.115     2.11161e+11 
        937.143     2.11429e+11 
          937.2     2.12097e+11 
        937.314     2.13476e+11 
        937.493     2.15427e+11 
        937.542     2.15981e+11 
        937.593      2.1656e+11 
        937.694     2.17736e+11 
        937.788     2.18834e+11 
        937.894     2.20156e+11 
            938     2.21592e+11 
        938.212     2.24348e+11 
        938.359     2.26325e+11 
        938.556     2.28951e+11 
        938.636     2.29922e+11 
        938.914     2.33358e+11 
        939.271      2.3774e+11 
        939.628     2.41417e+11 
        939.986     2.45018e+11 
        940.343     2.48112e+11 
         940.58      2.4975e+11 
         940.66     2.50239e+11 
          940.7     2.50472e+11 
         940.74     2.50702e+11 
        940.901     2.51703e+11 
        941.221     2.53366e+11 
        941.541     2.54726e+11 
        941.861     2.55745e+11 
        941.957     2.55974e+11 
        942.182     2.56386e+11 
        942.502     2.56614e+11 
        943.048     2.56069e+11 
         943.32     2.55451e+11 
        943.593     2.54641e+11 
        943.865     2.53448e+11 
        944.139     2.51825e+11 
        944.411     2.49704e+11 
        944.684      2.4699e+11 
        944.956     2.43934e+11 
        945.151     2.41431e+11 
         945.23     2.40327e+11 
        945.308     2.39163e+11 
        945.464     2.37123e+11 
        945.776     2.32817e+11 
        946.088     2.27596e+11 
        946.401      2.2174e+11 
        946.892     2.13424e+11 
        947.025     2.10913e+11 
        947.158     2.08251e+11 
        947.425     2.02805e+11 
        947.831     1.94426e+11 
        947.957     1.91557e+11 
        948.083      1.8907e+11 
        948.125     1.88171e+11 
        948.335     1.83556e+11 
        948.546     1.79782e+11 
        948.693     1.77491e+11 
        948.735     1.76975e+11 
        948.756     1.76735e+11 
        948.777     1.76488e+11 
        948.829     1.75946e+11 
        948.835     1.75915e+11 
        948.861      1.7576e+11 
        948.893     1.75634e+11 
        948.922     1.75604e+11 
        948.951     1.75669e+11 
        948.966     1.75719e+11 
         948.98     1.75771e+11 
        948.994     1.75821e+11 
        949.009     1.75856e+11 
        949.023     1.75866e+11 
        949.037     1.75852e+11 
        949.052     1.75812e+11 
        949.066     1.75759e+11 
        949.095     1.75647e+11 
        949.153     1.75595e+11 
         949.23     1.75998e+11 
        949.258     1.76272e+11 
        949.269     1.76412e+11 
         949.28     1.76543e+11 
         949.33     1.77069e+11 
         949.36     1.77495e+11 
         949.43     1.78545e+11 
          949.5     1.79638e+11 
         949.64     1.82174e+11 
        949.781     1.84833e+11 
        949.795     1.85107e+11 
        949.879     1.87047e+11 
        949.921     1.87967e+11 
        949.963     1.88866e+11 
        950.047     1.90578e+11 
        950.131     1.92343e+11 
        950.467      1.9975e+11 
        950.888     2.08617e+11 
        951.308     2.17091e+11 
        951.728     2.25178e+11 
          952.4     2.39574e+11 
        952.569     2.42593e+11 
        952.738     2.45698e+11 
        953.076     2.52645e+11 
        953.415     2.58954e+11 
        953.753     2.64783e+11 
        954.091     2.69845e+11 
         954.43     2.74327e+11 
        954.768     2.78264e+11 
        955.106     2.82213e+11 
        955.552     2.86771e+11 
        955.783     2.88834e+11 
        956.014     2.90665e+11 
        956.476      2.9377e+11 
        956.939     2.96321e+11 
        957.401     2.98472e+11 
        957.864     3.00178e+11 
        958.326     3.01474e+11 
        958.788     3.02388e+11 
        959.137      3.0282e+11 
        959.213     3.02886e+11 
        959.251     3.02915e+11 
        959.289     3.02941e+11 
        959.441     3.03013e+11 
        959.745     3.03044e+11 
        960.278     3.02703e+11 
        960.354     3.02613e+11 
         960.43     3.02512e+11 
        960.582     3.02257e+11 
        960.886     3.01616e+11 
        961.495     2.99797e+11 
        962.103     2.97218e+11 
        962.712     2.93815e+11 
         963.32     2.89603e+11 
        963.626     2.87115e+11 
        963.929     2.84408e+11 
        964.231     2.81595e+11 
        964.835      2.7511e+11 
         965.44     2.67474e+11 
        966.044     2.58678e+11 
        966.649     2.49535e+11 
        967.253     2.39364e+11 
        967.684     2.31425e+11 
        967.858     2.28065e+11 
        968.032     2.24607e+11 
         968.38      2.1807e+11 
        968.858     2.08907e+11 
        969.077     2.04319e+11 
        969.297     1.99749e+11 
        969.547     1.94465e+11 
        969.736     1.90683e+11 
        969.738     1.90653e+11 
        969.927     1.86593e+11 
        970.306     1.78373e+11 
        970.401     1.76408e+11 
        970.874     1.66214e+11 
         971.11     1.61135e+11 
        971.348     1.55865e+11 
        971.467     1.53363e+11 
        971.585     1.50349e+11 
        971.644     1.48588e+11 
        971.703     1.46172e+11 
        971.732       1.447e+11 
        971.762     1.43129e+11 
        971.778     1.42341e+11 
        971.792     1.41752e+11 
        971.806     1.41293e+11 
        971.821     1.40979e+11 
        971.836     1.40868e+11 
        971.851     1.40972e+11 
        971.866      1.4128e+11 
         971.88     1.41734e+11 
         971.91     1.43097e+11 
        971.969     1.46113e+11 
        972.037     1.48801e+11 
        972.087     1.50233e+11 
        972.137     1.51533e+11 
         972.15      1.5182e+11 
        972.199      1.5304e+11 
        972.237     1.53981e+11 
        972.324     1.55628e+11 
        972.499      1.5945e+11 
        972.798       1.657e+11 
        973.047     1.70813e+11 
        973.396     1.78076e+11 
        973.746     1.85426e+11 
        974.444     1.99495e+11 
        974.645     2.03575e+11 
        975.143     2.13188e+11 
         975.64     2.22238e+11 
        976.137     2.31769e+11 
        976.635     2.40704e+11 
        977.132     2.49095e+11 
         977.63     2.56989e+11 
        977.944     2.62144e+11 
        978.624     2.72561e+11 
        979.305     2.81949e+11 
        979.985     2.90518e+11 
        980.666     2.98645e+11 
        981.346     3.06094e+11 
        982.027     3.12954e+11 
        982.707     3.19176e+11 
        982.853     3.20424e+11 
        983.388     3.24825e+11 
        983.923     3.28903e+11 
        984.994     3.36355e+11 
        985.511     3.39644e+11 
        986.065     3.42911e+11 
        986.618     3.45946e+11 
        987.725     3.51268e+11 
        988.352     3.53929e+11 
        988.832     3.55804e+11 
        989.312     3.57551e+11 
        990.273     3.60545e+11 
        990.509     3.61211e+11 
        991.234     3.63093e+11 
        992.194     3.65267e+11 
         993.88     3.68232e+11 
        995.565     3.69825e+11 
        996.053     3.70095e+11 
         997.25       3.704e+11 
        997.574     3.70391e+11 
        998.447      3.7018e+11 
        999.319     3.69605e+11 
        1001.06     3.67409e+11 
         1001.3     3.67023e+11 
        1002.81     3.63919e+11 
        1004.32     3.59712e+11 
        1005.84     3.54114e+11 
        1007.35     3.47171e+11 
         1008.4      3.4145e+11 
        1008.86     3.38664e+11 
        1009.33     3.35707e+11 
        1010.25     3.29217e+11 
        1011.18     3.22064e+11 
        1012.11     3.14175e+11 
        1013.04     3.05547e+11 
        1013.61     2.99908e+11 
        1013.97     2.96182e+11 
        1014.33     2.92329e+11 
        1015.05     2.84252e+11 
        1015.77     2.75689e+11 
        1016.49      2.6668e+11 
        1016.53     2.66165e+11 
        1017.21       2.572e+11 
        1017.23     2.56932e+11 
        1017.93     2.47313e+11 
        1018.63     2.37186e+11 
        1019.33     2.26592e+11 
        1020.03     2.15603e+11 
        1020.42     2.09357e+11 
        1020.73      2.0427e+11 
        1021.04       1.991e+11 
        1021.67      1.8868e+11 
        1022.78     1.69485e+11 
        1022.91     1.67222e+11 
        1023.04     1.64923e+11 
         1023.3     1.60205e+11 
        1023.62     1.54539e+11 
        1023.83     1.50645e+11 
        1024.04      1.4671e+11 
        1024.39      1.4005e+11 
        1024.46     1.38569e+11 
        1024.54      1.3692e+11 
        1024.59      1.3579e+11 
        1024.69     1.33353e+11 
        1024.79     1.30589e+11 
        1024.87      1.2789e+11 
        1024.87     1.27809e+11 
        1024.89     1.26682e+11 
        1024.91     1.25407e+11 
        1024.95     1.23637e+11 
        1024.95     1.23329e+11 
        1024.96     1.22643e+11 
        1024.98     1.21955e+11 
        1024.99     1.21195e+11 
        1025.01     1.20533e+11 
        1025.03     1.20041e+11 
        1025.04     1.19735e+11 
        1025.04     1.19687e+11 
        1025.05     1.19614e+11 
        1025.06      1.1961e+11 
        1025.06     1.19607e+11 
        1025.07     1.19682e+11 
        1025.09     1.19927e+11 
         1025.1     1.20371e+11 
        1025.13      1.2172e+11 
         1025.2     1.25115e+11 
        1025.27     1.28607e+11 
        1025.32     1.30325e+11 
        1025.37      1.3171e+11 
        1025.47      1.3435e+11 
        1025.57     1.36602e+11 
        1025.67     1.38721e+11 
        1025.87     1.42504e+11 
        1025.87      1.4256e+11 
        1026.07     1.46146e+11 
        1026.47      1.5326e+11 
        1027.07     1.63697e+11 
        1027.47      1.7042e+11 
        1027.67      1.7372e+11 
        1028.27     1.83511e+11 
         1028.8     1.91829e+11 
        1029.07     1.96121e+11 
        1029.34     2.00357e+11 
        1029.88     2.08631e+11 
        1030.96     2.24471e+11 
        1032.05     2.39317e+11 
        1033.08     2.52394e+11 
        1033.13     2.53031e+11 
        1033.19     2.53667e+11 
        1033.23     2.54191e+11 
        1033.29     2.54932e+11 
         1033.5      2.5744e+11 
        1033.91     2.62342e+11 
        1033.99     2.63194e+11 
        1034.75     2.71743e+11 
        1035.51     2.79841e+11 
        1036.27     2.87473e+11 
        1037.02     2.94678e+11 
        1037.78     3.01464e+11 
        1038.54     3.07866e+11 
        1039.17     3.12897e+11 
        1039.26     3.13564e+11 
         1039.3     3.13894e+11 
        1039.34     3.14222e+11 
        1039.52     3.15526e+11 
        1039.86     3.18077e+11 
        1040.55     3.22943e+11 
        1041.92     3.31796e+11 
        1042.26     3.33763e+11 
         1043.3      3.3949e+11 
        1044.35     3.44614e+11 
        1045.39     3.49201e+11 
        1045.61     3.50105e+11 
        1046.44     3.53294e+11 
        1047.48     3.56888e+11 
        1049.35      3.6221e+11 
        1051.22     3.66322e+11 
        1051.82     3.67422e+11 
        1053.09      3.6941e+11 
        1054.35      3.7101e+11 
        1054.41     3.71072e+11 
        1056.88     3.73221e+11 
        1059.36     3.74343e+11 
        1061.83     3.74682e+11 
        1064.24     3.74428e+11 
         1064.3     3.74418e+11 
        1064.36     3.74406e+11 
        1064.47      3.7438e+11 
        1064.69     3.74327e+11 
        1065.14     3.74214e+11 
        1066.04     3.73941e+11 
         1066.3      3.7385e+11 
        1067.83     3.73243e+11 
        1069.36     3.72505e+11 
        1070.47     3.71902e+11 
        1072.42      3.7072e+11 
        1074.36     3.69407e+11 
        1077.14      3.6735e+11 
        1078.25     3.66473e+11 
        1079.36     3.65571e+11 
        1080.74     3.64431e+11 
        1081.59     3.63705e+11 
        1082.39     3.63011e+11 
        1082.44      3.6297e+11 
        1084.15     3.61469e+11 
        1084.37     3.61274e+11 
         1085.9     3.59888e+11 
        1089.37     3.56687e+11 
        1094.37     3.51927e+11 
        1099.37     3.47064e+11 
        1104.37     3.42151e+11 
        1109.38     3.37212e+11 
        1114.38     3.32271e+11 
        1118.68     3.28026e+11 
        1119.38     3.27341e+11 
        1120.08     3.26657e+11 
        1121.47      3.2529e+11 
        1123.78     3.23022e+11 
        1124.25     3.22557e+11 
        1124.73     3.22089e+11 
        1125.68     3.21156e+11 
        1125.79     3.21049e+11 
        1127.08     3.19792e+11 
        1127.59     3.19293e+11 
        1127.85     3.19041e+11 
        1129.38     3.17536e+11 
        1131.69     3.15284e+11 
        1134.38     3.12658e+11 
        1135.54     3.11533e+11 
        1139.39     3.07788e+11 
        1144.39     3.02914e+11 
        1149.39     2.98009e+11 
        1154.39     2.93037e+11 
        1159.39     2.87954e+11 
        1164.39     2.82682e+11 
        1169.39     2.77119e+11 
         1174.4     2.71084e+11 
        1177.86     2.66478e+11 
         1179.4     2.64281e+11 
        1180.94     2.61971e+11 
        1182.86     2.58898e+11 
        1184.01     2.56931e+11 
        1185.17     2.54862e+11 
        1185.56     2.54139e+11 
        1187.48     2.50357e+11 
         1189.4     2.46169e+11 
        1191.32     2.41493e+11 
        1192.09     2.39481e+11 
        1193.24     2.36247e+11 
         1194.4     2.32746e+11 
        1195.56     2.28961e+11 
        1196.72     2.24881e+11 
        1197.88     2.20467e+11 
        1198.67     2.17237e+11 
        1199.04     2.15667e+11 
         1199.4     2.14056e+11 
        1200.14     2.10711e+11 
        1201.61     2.03499e+11 
        1201.76      2.0271e+11 
        1203.08     1.95512e+11 
         1204.4     1.87632e+11 
        1205.72     1.79017e+11 
        1206.38     1.74431e+11 
        1207.04     1.69629e+11 
        1207.32     1.67529e+11 
         1207.7     1.64613e+11 
        1208.37     1.59376e+11 
        1208.48     1.58402e+11 
         1209.4     1.50679e+11 
        1210.33     1.42523e+11 
        1211.24     1.33966e+11 
        1211.64     1.30158e+11 
        1212.16     1.24961e+11 
        1212.69      1.1964e+11 
        1213.22     1.14176e+11 
        1213.61     1.09913e+11 
        1213.74     1.08477e+11 
        1213.81     1.07784e+11 
        1213.88     1.07029e+11 
        1214.14     1.04068e+11 
        1214.17     1.03675e+11 
        1214.32     1.01932e+11 
        1214.47      1.0008e+11 
        1214.62     9.79464e+10 
        1214.76     9.50885e+10 
        1214.84     9.28865e+10 
        1214.91     8.80529e+10 
        1214.95     8.47143e+10 
        1214.98     8.13522e+10 
           1215     7.99356e+10 
        1215.02     7.89429e+10 
        1215.04     7.81949e+10 
        1215.06     7.77239e+10 
        1215.08     7.75804e+10 
         1215.1     7.77199e+10 
        1215.11     7.81858e+10 
        1215.13     7.89291e+10 
        1215.17     8.13283e+10 
        1215.19     8.33694e+10 
        1215.19     8.35682e+10 
        1215.24     8.80048e+10 
        1215.29      9.1672e+10 
        1215.39     9.49876e+10 
        1215.49     9.69112e+10 
        1215.59     9.85455e+10 
        1215.69     9.98703e+10 
        1215.69     9.99696e+10 
        1215.79     1.01089e+11 
        1215.99     1.03393e+11 
        1216.28     1.06575e+11 
        1216.86     1.12677e+11 
         1217.4     1.18009e+11 
        1217.43     1.18301e+11 
        1217.45     1.18447e+11 
        1217.46     1.18592e+11 
        1217.52     1.19172e+11 
        1217.64     1.20327e+11 
        1217.88     1.22609e+11 
        1218.36     1.27075e+11 
        1219.24     1.34885e+11 
        1219.32      1.3559e+11 
        1219.32     1.35607e+11 
        1219.41     1.36325e+11 
        1219.58     1.37753e+11 
        1219.83     1.39878e+11 
        1220.34     1.44021e+11 
        1221.35     1.51848e+11 
        1222.37     1.59067e+11 
        1223.38     1.65688e+11 
        1224.18     1.70481e+11 
         1224.4     1.71727e+11 
        1224.62     1.72949e+11 
        1225.05     1.75326e+11 
        1225.92     1.79786e+11 
        1226.79     1.83895e+11 
        1227.66     1.87654e+11 
        1228.53     1.91106e+11 
        1229.35     1.94103e+11 
        1229.38     1.94207e+11 
        1229.39     1.94259e+11 
        1229.41     1.94311e+11 
        1229.47     1.94517e+11 
        1229.48     1.94555e+11 
        1229.59     1.94924e+11 
        1229.83     1.95722e+11 
        1230.18      1.9685e+11 
        1230.88     1.98983e+11 
        1232.27     2.02768e+11 
        1232.54     2.03428e+11 
        1233.67     2.05949e+11 
        1234.79     2.08135e+11 
        1235.92     2.10031e+11 
        1237.05     2.11656e+11 
        1239.19     2.14082e+11 
         1239.3     2.14186e+11 
        1239.41     2.14289e+11 
        1239.63     2.14489e+11 
        1240.08     2.14867e+11 
        1240.96     2.15542e+11 
        1241.06     2.15612e+11 
        1242.74       2.166e+11 
        1244.41     2.17291e+11 
        1246.11     2.17738e+11 
        1247.76     2.17976e+11 
        1249.41     2.18046e+11 
        1251.02     2.17977e+11 
        1252.72     2.17783e+11 
        1254.41     2.17484e+11 
         1256.2     2.17073e+11 
        1257.81     2.16632e+11 
        1259.41     2.16135e+11 
        1260.84     2.15651e+11 
        1262.63     2.15001e+11 
        1264.41     2.14307e+11 
        1266.56     2.13431e+11 
        1267.98     2.12822e+11 
        1269.41     2.12196e+11 
        1270.13     2.11877e+11 
        1272.27     2.10905e+11 
        1274.41     2.09908e+11 
        1277.98     2.08208e+11 
         1278.7     2.07861e+11 
        1279.42     2.07513e+11 
        1280.85     2.06812e+11 
        1283.03     2.05743e+11 
        1283.72       2.054e+11 
        1284.42     2.05055e+11 
        1285.81     2.04364e+11 
        1287.77      2.0339e+11 
        1288.59     2.02978e+11 
        1289.42     2.02565e+11 
        1291.07      2.0174e+11 
        1294.23     2.00156e+11 
        1294.33      2.0011e+11 
        1294.37     2.00087e+11 
        1294.42     2.00064e+11 
         1294.6     1.99973e+11 
        1294.91     1.99817e+11 
        1294.97      1.9979e+11 
         1295.7     1.99423e+11 
        1297.16     1.98691e+11 
        1299.42     1.97566e+11 
        1303.43     1.95568e+11 
        1303.92     1.95323e+11 
        1304.42     1.95078e+11 
        1305.34      1.9462e+11 
         1305.4     1.94588e+11 
        1307.38     1.93612e+11 
        1309.42     1.92608e+11 
        1312.57     1.91063e+11 
        1313.12     1.90796e+11 
        1313.49     1.90612e+11 
        1314.42     1.90161e+11 
        1316.27     1.89263e+11 
        1319.42     1.87741e+11 
        1324.42     1.85349e+11 
        1329.42     1.82987e+11 
        1334.42     1.80657e+11 
        1339.42     1.78358e+11 
        1344.42     1.76092e+11 
        1349.42     1.73858e+11 
        1354.42     1.71657e+11 
        1359.42     1.69488e+11 
        1364.42     1.67351e+11 
        1365.19     1.67025e+11 
        1369.42     1.65246e+11 
        1373.65     1.63489e+11 
        1376.35     1.62383e+11 
        1377.88     1.61755e+11 
        1379.42      1.6113e+11 
        1380.57     1.60664e+11 
         1382.5     1.59889e+11 
        1384.42     1.59118e+11 
        1387.12     1.58046e+11 
        1388.27      1.5759e+11 
        1389.03     1.57291e+11 
        1389.42     1.57137e+11 
        1391.73     1.56234e+11 
        1394.42     1.55186e+11 
        1399.42     1.53264e+11 
        1404.42     1.51372e+11 
        1409.42     1.49508e+11 
        1414.42     1.47674e+11 
        1419.42     1.45867e+11 
        1424.42     1.44087e+11 
        1429.42     1.42334e+11 
        1434.42     1.40608e+11 
        1439.42     1.38907e+11 
        1444.42     1.37232e+11 
        1449.42     1.35581e+11 
        1454.42     1.33955e+11 
        1459.42     1.32353e+11 
        1464.42     1.30775e+11 
        1465.96     1.30294e+11 
        1469.42      1.2922e+11 
        1472.88     1.28157e+11 
        1473.27     1.28039e+11 
        1474.42     1.27688e+11 
        1476.35     1.27104e+11 
        1479.42     1.26178e+11 
        1484.42     1.24691e+11 
        1489.42     1.23226e+11 
        1494.42     1.21782e+11 
        1499.42     1.20359e+11 
        1504.42     1.18956e+11 
        1509.42     1.17574e+11 
        1514.42     1.16212e+11 
        1519.42     1.14869e+11 
        1524.42     1.13546e+11 
        1529.42     1.12242e+11 
        1534.42     1.10956e+11 
        1539.42     1.09689e+11 
        1544.42      1.0844e+11 
        1549.42     1.07209e+11 
        1554.42     1.05996e+11 
        1559.42     1.04799e+11 
        1564.42      1.0362e+11 
        1566.72     1.03081e+11 
        1569.42     1.02457e+11 
        1570.19      1.0228e+11 
        1572.11     1.01838e+11 
        1574.41     1.01311e+11 
         1574.8     1.01223e+11 
        1579.41     1.00181e+11 
        1584.41     9.90657e+10 
        1589.41     9.79665e+10 
        1594.41     9.68823e+10 
        1599.41     9.58129e+10 
        1604.41      9.4758e+10 
        1609.41     9.37178e+10 
        1614.41     9.26921e+10 
        1619.41     9.16802e+10 
        1624.41     9.06821e+10 
        1629.41     8.96975e+10 
        1634.41     8.87261e+10 
        1639.41     8.77679e+10 
        1644.41     8.68226e+10 
        1649.41     8.58902e+10 
        1654.41       8.497e+10 
        1659.41     8.40624e+10 
        1664.41     8.31668e+10 
        1665.56     8.29619e+10 
         1669.4      8.2283e+10 
        1670.17     8.21482e+10 
        1673.25     8.16114e+10 
         1674.4     8.14112e+10 
        1676.33     8.10792e+10 
         1679.4     8.05511e+10 
         1684.4     7.97025e+10 
         1689.4     7.88653e+10 
         1694.4     7.80387e+10 
         1699.4     7.72235e+10 
         1704.4     7.64186e+10 
         1709.4     7.56241e+10 
         1714.4       7.484e+10 
         1719.4     7.40662e+10 
         1724.4     7.33025e+10 
         1729.4     7.25482e+10 
         1734.4     7.18036e+10 
         1739.4     7.10688e+10 
         1744.4     7.03434e+10 
        1749.39     6.96271e+10 
        1754.39     6.89199e+10 
        1759.39     6.82219e+10 
        1764.39     6.75326e+10 
        1767.08     6.71651e+10 
        1767.85     6.70604e+10 
        1769.39     6.68521e+10 
         1771.7     6.65408e+10 
        1774.39     6.61802e+10 
        1775.55     6.60262e+10 
        1779.39     6.55163e+10 
        1784.39      6.4861e+10 
        1789.39     6.42142e+10 
        1794.39     6.35752e+10 
        1799.39      6.2944e+10 
        1809.39     6.17053e+10 
           1824     5.99488e+10 
        1829.38     5.93174e+10 
        1834.77     5.86941e+10 
        1845.54     5.74726e+10 
           1864     5.54513e+10 
        1867.07     5.51236e+10 
        1870.14     5.47982e+10 
        1876.29     5.41551e+10 
        1888.59     5.28966e+10 
        1906.98     5.10817e+10 
        1913.17     5.04879e+10 
        1919.37     4.99029e+10 
        1931.76     4.87585e+10 
        1944.47     4.76177e+10 
        1956.53     4.65666e+10 
         1967.6     4.56269e+10 
        1968.59     4.55443e+10 
        1992.71     4.35839e+10 
        2017.81     4.16541e+10 
         2018.8     4.15802e+10 
        2042.92     3.98313e+10 
        2067.03     3.81732e+10 
        2091.15     3.66014e+10 
        2114.28     3.51692e+10 
        2115.26     3.51095e+10 
        2116.25     3.50501e+10 
        2118.23     3.49314e+10 
        2122.19     3.46957e+10 
        2126.36     3.44491e+10 
         2130.1     3.42302e+10 
        2145.92     3.33219e+10 
        2165.47     3.22409e+10 
        2185.03     3.12036e+10 
        2194.48     3.07173e+10 
        2204.59     3.02076e+10 
         2205.9     3.01421e+10 
         2214.7     2.97084e+10 
        2234.91      2.8741e+10 
        2263.91     2.74205e+10 
         2272.7     2.70355e+10 
        2292.92     2.61755e+10 
        2313.13     2.53494e+10 
        2333.35     2.45559e+10 
        2344.77     2.41213e+10 
         2350.6     2.39033e+10 
        2353.56     2.37934e+10 
        2362.35      2.3471e+10 
        2379.94     2.28427e+10 
        2409.27     2.18404e+10 
        2421.03     2.14543e+10 
        2438.61     2.08926e+10 
        2451.59     2.04896e+10 
        2456.19     2.03492e+10 
        2460.79       2.021e+10 
        2466.76     2.00311e+10 
        2469.99     1.99351e+10 
        2488.39     1.93993e+10 
        2510.01     1.87922e+10 
        2531.64     1.82089e+10 
         2547.3     1.78006e+10 
        2553.26      1.7648e+10 
        2559.23      1.7497e+10 
        2571.17     1.72001e+10 
        2595.04     1.66249e+10 
        2618.91     1.60736e+10 
        2627.89     1.58721e+10 
        2642.78      1.5545e+10 
        2657.67     1.52262e+10 
        2687.45      1.4613e+10 
        2717.24     1.40304e+10 
        2737.93     1.36426e+10 
        2747.02     1.34765e+10 
        2756.11     1.33129e+10 
        2774.29     1.29932e+10 
        2810.65     1.23821e+10 
        2839.47     1.19232e+10 
        2846.59      1.1813e+10 
        2847.01     1.18066e+10 
        2854.55     1.16915e+10 
        2869.63     1.14656e+10 
        2873.19      1.1413e+10 
        2899.79     1.10298e+10 
        2926.39     1.06626e+10 
        2952.93     1.03112e+10 
        2952.98     1.03105e+10 
        2953.03     1.03099e+10 
        2953.13     1.03086e+10 
        2953.33      1.0306e+10 
        2953.73     1.03008e+10 
        2954.53     1.02905e+10 
        2956.13     1.02699e+10 
        2956.82      1.0261e+10 
        2959.33     1.02287e+10 
        2965.73     1.01471e+10 
        2978.53      9.98618e+9 
        3004.12      9.67384e+9 
        3051.42      9.12809e+9 
        3098.72      8.62053e+9 
        3142.18      8.18495e+9 
        3146.02      8.14781e+9 
        3149.86      8.11093e+9 
        3157.53       8.0378e+9 
        3158.83      8.02548e+9 
        3172.87      7.89394e+9 
        3203.56      7.61579e+9 
        3248.29      7.23195e+9 
        3293.03      6.87208e+9 
        3328.79      6.60036e+9 
        3337.76      6.53432e+9 
        3346.73       6.4691e+9 
        3355.94      6.40301e+9 
        3364.67      6.34115e+9 
        3400.55      6.09456e+9 
        3445.17      5.80453e+9 
        3489.78      5.53156e+9 
        3525.18      5.32632e+9 
        3532.76      5.28359e+9 
        3534.39      5.27448e+9 
         3543.6      5.22327e+9 
        3562.02      5.12278e+9 
        3591.28      4.96799e+9 
        3635.88      4.74308e+9 
        3638.96      4.72803e+9 
        3642.04      4.71305e+9 
        3643.12       4.7078e+9 
        3645.12      4.69813e+9 
        3645.28      4.69734e+9 
        3647.12      4.68848e+9 
        3648.96      4.67959e+9 
        3651.32      4.66825e+9 
        3652.64      4.66193e+9 
        3653.96      4.65562e+9 
        3654.24      4.65427e+9 
         3656.6      4.64302e+9 
        3658.96      4.63178e+9 
         3663.4      4.61073e+9 
        3663.68      4.60941e+9 
        3663.96      4.60809e+9 
        3664.52      4.60545e+9 
        3665.64      4.60017e+9 
         3666.8       4.5947e+9 
        3667.88      4.58965e+9 
        3668.28      4.58776e+9 
        3668.95      4.58456e+9 
        3671.11      4.57435e+9 
        3673.95      4.56109e+9 
         3675.2      4.55528e+9 
        3678.95      4.53787e+9 
        3682.58      4.52107e+9 
         3682.7      4.52053e+9 
        3682.82      4.51997e+9 
        3683.06      4.51887e+9 
        3683.18      4.51833e+9 
        3683.54      4.51664e+9 
         3684.5      4.51224e+9 
        3684.82      4.51076e+9 
        3685.83      4.50614e+9 
        3686.83      4.50153e+9 
        3688.74      4.49276e+9 
        3688.85      4.49229e+9 
        3688.94      4.49188e+9 
        3688.95      4.49182e+9 
        3689.16      4.49088e+9 
        3689.38      4.48987e+9 
        3689.73      4.48827e+9 
        3689.82      4.48786e+9 
         3689.9      4.48748e+9 
        3690.07       4.4867e+9 
        3690.41      4.48516e+9 
        3690.62      4.48415e+9 
        3691.09      4.48205e+9 
        3691.47      4.48032e+9 
        3691.55      4.47991e+9 
         3691.7      4.47925e+9 
        3692.48      4.47567e+9 
         3693.5      4.47105e+9 
         3694.4      4.46697e+9 
         3695.3      4.46288e+9 
        3695.81      4.46056e+9 
         3696.2       4.4588e+9 
        3696.53      4.45732e+9 
        3696.59      4.45704e+9 
        3696.65      4.45676e+9 
        3696.67      4.45669e+9 
        3696.76      4.45625e+9 
        3696.77      4.45622e+9 
        3696.87      4.45575e+9 
        3696.93       4.4555e+9 
        3696.99      4.45525e+9 
        3697.04        4.455e+9 
         3697.1      4.45475e+9 
        3697.15      4.45446e+9 
        3697.21      4.45421e+9 
        3697.26      4.45396e+9 
        3697.32      4.45371e+9 
        3697.35      4.45362e+9 
        3697.41      4.45333e+9 
        3697.43      4.45321e+9 
        3697.46      4.45308e+9 
         3697.5      4.45292e+9 
        3697.53      4.45277e+9 
        3697.58      4.45255e+9 
        3697.66       4.4522e+9 
        3697.82      4.45148e+9 
        3698.11      4.45016e+9 
        3698.43      4.44872e+9 
        3698.69      4.44752e+9 
        3698.89      4.44664e+9 
        3698.95      4.44636e+9 
        3699.01      4.44608e+9 
        3699.13      4.44554e+9 
        3699.37      4.44444e+9 
        3699.53      4.44372e+9 
        3699.86      4.44224e+9 
        3699.88      4.44215e+9 
        3700.19      4.44074e+9 
         3700.2       4.4407e+9 
         3700.5      4.43935e+9 
        3700.81      4.43797e+9 
        3700.84      4.43781e+9 
        3701.09      4.43668e+9 
        3701.42      4.43521e+9 
        3701.99      4.43263e+9 
        3702.44      4.43059e+9 
        3702.89      4.42858e+9 
        3703.12      4.42754e+9 
        3703.35      4.42654e+9 
        3703.46      4.42603e+9 
        3703.57      4.42553e+9 
        3703.63      4.42528e+9 
        3703.68      4.42503e+9 
        3703.74      4.42478e+9 
         3703.8      4.42452e+9 
        3703.85      4.42427e+9 
        3703.91      4.42402e+9 
        3703.97      4.42374e+9 
        3704.02      4.42349e+9 
        3704.09      4.42321e+9 
        3704.13      4.42299e+9 
        3704.18      4.42277e+9 
        3704.21      4.42267e+9 
        3704.22      4.42261e+9 
        3704.28      4.42233e+9 
        3704.31       4.4222e+9 
        3704.36      4.42198e+9 
        3704.41      4.42179e+9 
        3704.49      4.42138e+9 
        3704.57      4.42107e+9 
        3704.59      4.42094e+9 
        3704.69       4.4205e+9 
        3704.81      4.41997e+9 
        3705.05      4.41887e+9 
        3705.37      4.41746e+9 
        3705.54      4.41667e+9 
        3705.71      4.41592e+9 
        3706.05      4.41441e+9 
        3706.07      4.41431e+9 
        3706.73      4.41136e+9 
        3707.27      4.40897e+9 
        3707.39      4.40841e+9 
        3707.51      4.40784e+9 
        3707.61       4.4074e+9 
        3707.76      4.40674e+9 
        3707.91      4.40608e+9 
        3708.12      4.40517e+9 
        3708.21      4.40476e+9 
         3708.3      4.40432e+9 
        3708.49      4.40351e+9 
        3708.76      4.40228e+9 
        3708.85      4.40187e+9 
        3708.87      4.40178e+9 
        3708.95      4.40147e+9 
        3709.13      4.40065e+9 
        3709.21       4.4003e+9 
        3709.49      4.39905e+9 
        3710.11      4.39628e+9 
         3710.9      4.39273e+9 
        3711.01      4.39226e+9 
        3711.12      4.39179e+9 
        3711.21      4.39135e+9 
        3711.32      4.39088e+9 
        3711.34      4.39082e+9 
        3711.46      4.39025e+9 
        3711.52         4.39e+9 
        3711.58      4.38975e+9 
         3711.6      4.38962e+9 
        3711.69      4.38924e+9 
        3711.75      4.38899e+9 
         3711.8      4.38874e+9 
        3711.86      4.38849e+9 
        3711.91      4.38824e+9 
        3711.97      4.38799e+9 
        3712.03      4.38774e+9 
        3712.08      4.38749e+9 
        3712.14      4.38723e+9 
         3712.2      4.38695e+9 
        3712.25      4.38673e+9 
         3712.3      4.38651e+9 
        3712.33      4.38642e+9 
        3712.33      4.38639e+9 
         3712.4      4.38607e+9 
        3712.48      4.38573e+9 
        3712.63      4.38507e+9 
        3712.93      4.38372e+9 
        3713.23       4.3824e+9 
        3713.53      4.38108e+9 
        3713.83      4.37973e+9 
        3714.24       4.3779e+9 
        3714.42      4.37712e+9 
        3714.44      4.37702e+9 
        3714.64      4.37618e+9 
        3715.03      4.37442e+9 
        3715.64      4.37171e+9 
        3716.76      4.36675e+9 
        3716.79      4.36663e+9 
        3716.86      4.36631e+9 
        3716.95       4.3659e+9 
        3717.14      4.36505e+9 
        3717.52      4.36339e+9 
        3718.19      4.36047e+9 
        3718.26      4.36015e+9 
        3718.33      4.35984e+9 
        3718.47      4.35921e+9 
        3718.56      4.35883e+9 
        3718.63      4.35849e+9 
        3718.73      4.35805e+9 
        3718.75      4.35799e+9 
        3718.94      4.35714e+9 
        3719.25      4.35576e+9 
        3719.47      4.35478e+9 
        3719.77      4.35349e+9 
        3720.07      4.35217e+9 
        3720.36      4.35092e+9 
        3720.52      4.35016e+9 
        3720.67      4.34954e+9 
        3720.98      4.34818e+9 
         3721.2      4.34718e+9 
        3721.43       4.3462e+9 
        3721.54       4.3457e+9 
        3721.66       4.3452e+9 
        3721.71      4.34495e+9 
        3721.77       4.3447e+9 
        3721.82      4.34445e+9 
        3721.88      4.34419e+9 
        3721.94      4.34394e+9 
        3721.99      4.34369e+9 
        3722.05      4.34347e+9 
        3722.11      4.34322e+9 
        3722.22      4.34272e+9 
         3722.4      4.34193e+9 
        3722.45      4.34171e+9 
         3722.5      4.34149e+9 
         3722.6      4.34105e+9 
         3722.7      4.34064e+9 
         3722.8      4.34017e+9 
         3722.9      4.33973e+9 
        3723.11      4.33882e+9 
        3723.23      4.33829e+9 
        3723.52      4.33703e+9 
        3723.81      4.33574e+9 
        3724.38      4.33323e+9 
        3725.45      4.32855e+9 
        3725.53       4.3282e+9 
        3725.62      4.32783e+9 
        3725.75      4.32726e+9 
        3725.78       4.3271e+9 
        3725.92      4.32654e+9 
        3725.93      4.32648e+9 
        3726.11      4.32566e+9 
        3726.48      4.32406e+9 
        3727.04      4.32161e+9 
        3727.37      4.32019e+9 
        3728.15      4.31677e+9 
        3728.64      4.31466e+9 
        3728.94      4.31334e+9 
        3729.01      4.31303e+9 
        3729.24      4.31202e+9 
        3729.84      4.30942e+9 
        3730.68      4.30577e+9 
        3732.19      4.29921e+9 
        3732.34      4.29855e+9 
        3732.49      4.29789e+9 
        3732.79       4.2966e+9 
        3733.35      4.29418e+9 
        3733.38      4.29405e+9 
        3733.39      4.29399e+9 
         3733.4      4.29396e+9 
        3733.45      4.29374e+9 
        3733.55       4.2933e+9 
        3733.65      4.29289e+9 
        3733.75      4.29245e+9 
        3733.86      4.29201e+9 
           3734      4.29135e+9 
        3734.04       4.2912e+9 
        3734.06       4.2911e+9 
        3734.08      4.29101e+9 
        3734.13      4.29082e+9 
        3734.14      4.29076e+9 
        3734.16      4.29066e+9 
         3734.2      4.29054e+9 
        3734.25      4.29028e+9 
        3734.31      4.29003e+9 
        3734.37      4.28978e+9 
        3734.43      4.28953e+9 
        3734.48      4.28928e+9 
        3734.54      4.28906e+9 
        3734.65      4.28856e+9 
        3734.83       4.2878e+9 
        3734.88      4.28758e+9 
        3734.93      4.28736e+9 
        3735.03      4.28692e+9 
        3735.12      4.28651e+9 
        3735.17      4.28629e+9 
        3735.23      4.28607e+9 
        3735.33       4.2856e+9 
        3735.39      4.28535e+9 
        3735.49      4.28491e+9 
        3735.82      4.28353e+9 
           3736      4.28274e+9 
        3736.24      4.28168e+9 
        3736.49      4.28064e+9 
        3736.97      4.27854e+9 
        3737.83      4.27486e+9 
        3737.94      4.27436e+9 
        3738.06      4.27385e+9 
        3738.29      4.27285e+9 
        3738.59      4.27159e+9 
        3738.76      4.27084e+9 
        3738.94      4.27008e+9 
        3739.29      4.26858e+9 
         3739.5      4.26767e+9 
        3739.99      4.26556e+9 
        3740.48      4.26349e+9 
        3741.21      4.26031e+9 
        3741.45      4.25928e+9 
        3741.69      4.25824e+9 
        3742.09      4.25654e+9 
        3742.18       4.2562e+9 
        3742.26      4.25582e+9 
        3742.43       4.2551e+9 
        3742.67      4.25406e+9 
        3742.73      4.25381e+9 
        3742.76      4.25369e+9 
         3742.8      4.25353e+9 
        3742.86      4.25325e+9 
        3742.92      4.25299e+9 
        3743.17      4.25196e+9 
        3743.66      4.24982e+9 
        3744.62      4.24574e+9 
        3744.65      4.24558e+9 
        3746.45      4.23795e+9 
        3747.61      4.23301e+9 
        3748.27      4.23019e+9 
        3748.84      4.22774e+9 
         3748.9      4.22748e+9 
        3748.93      4.22736e+9 
        3748.96      4.22723e+9 
        3748.99      4.22714e+9 
        3749.08      4.22673e+9 
        3749.12      4.22657e+9 
        3749.18      4.22632e+9 
        3749.38      4.22547e+9 
        3749.41      4.22535e+9 
        3749.64      4.22437e+9 
        3749.75       4.2239e+9 
        3749.87       4.2234e+9 
        3749.92      4.22315e+9 
        3749.98      4.22293e+9 
        3750.04      4.22268e+9 
        3750.09      4.22243e+9 
        3750.15      4.22221e+9 
        3750.21      4.22195e+9 
        3750.27       4.2217e+9 
        3750.32      4.22148e+9 
        3750.44      4.22098e+9 
        3750.62      4.22023e+9 
        3750.66      4.22004e+9 
        3750.72      4.21982e+9 
        3750.82      4.21938e+9 
        3750.91      4.21897e+9 
        3751.02      4.21853e+9 
        3751.12      4.21809e+9 
        3751.33      4.21718e+9 
        3751.48      4.21658e+9 
        3751.76      4.21539e+9 
        3752.03      4.21423e+9 
        3752.59      4.21187e+9 
        3753.53      4.20788e+9 
         3753.7      4.20719e+9 
        3753.78      4.20684e+9 
        3753.86      4.20653e+9 
        3754.18      4.20515e+9 
        3754.27      4.20477e+9 
        3754.84      4.20238e+9 
        3755.89      4.19795e+9 
        3756.09      4.19714e+9 
        3757.47      4.19129e+9 
        3757.51      4.19114e+9 
        3757.55      4.19098e+9 
        3758.93      4.18517e+9 
        3760.39      4.17907e+9 
        3761.66      4.17376e+9 
        3762.72      4.16933e+9 
        3763.23      4.16717e+9 
        3764.81       4.1606e+9 
        3765.07      4.15953e+9 
         3766.9       4.1519e+9 
        3768.55      4.14508e+9 
        3768.74      4.14429e+9 
        3768.93      4.14348e+9 
        3768.97      4.14332e+9 
         3769.2      4.14238e+9 
        3769.31      4.14191e+9 
        3769.66      4.14049e+9 
        3769.89      4.13952e+9 
        3770.11      4.13858e+9 
        3770.23      4.13811e+9 
        3770.34      4.13763e+9 
         3770.4      4.13738e+9 
        3770.46      4.13716e+9 
        3770.51      4.13691e+9 
        3770.57      4.13669e+9 
        3770.63      4.13644e+9 
        3770.69      4.13622e+9 
        3770.74      4.13597e+9 
         3770.8      4.13575e+9 
        3770.87      4.13547e+9 
        3770.92      4.13528e+9 
        3770.97      4.13506e+9 
        3770.99      4.13496e+9 
           3771       4.1349e+9 
        3771.07      4.13465e+9 
        3771.15       4.1343e+9 
         3771.3      4.13368e+9 
         3771.6      4.13242e+9 
        3771.89      4.13126e+9 
        3771.95      4.13101e+9 
        3772.21      4.12994e+9 
        3772.52      4.12865e+9 
        3773.15      4.12604e+9 
        3774.36      4.12108e+9 
         3775.5       4.1164e+9 
        3776.76      4.11121e+9 
        3777.13      4.10971e+9 
        3778.03      4.10603e+9 
         3778.4      4.10449e+9 
        3778.93      4.10235e+9 
        3780.73        4.095e+9 
        3781.84      4.09042e+9 
        3783.05      4.08548e+9 
        3783.16      4.08508e+9 
        3784.26      4.08058e+9 
        3785.37      4.07609e+9 
        3786.22       4.0726e+9 
         3787.4      4.06783e+9 
        3787.57      4.06714e+9 
        3788.92      4.06167e+9 
        3790.45      4.05551e+9 
        3792.84      4.04587e+9 
        3793.49      4.04323e+9 
        3794.14      4.04062e+9 
         3794.9      4.03757e+9 
        3795.07      4.03692e+9 
        3795.44      4.03538e+9 
        3795.99      4.03321e+9 
        3796.45      4.03135e+9 
        3796.92       4.0295e+9 
        3797.15      4.02856e+9 
        3797.38      4.02765e+9 
        3797.49      4.02718e+9 
        3797.61       4.0267e+9 
        3797.67      4.02649e+9 
        3797.72      4.02627e+9 
        3797.78      4.02601e+9 
        3797.84      4.02579e+9 
         3797.9      4.02557e+9 
        3797.96      4.02532e+9 
        3798.01       4.0251e+9 
        3798.07      4.02485e+9 
        3798.19      4.02441e+9 
        3798.37      4.02369e+9 
        3798.42       4.0235e+9 
        3798.47      4.02328e+9 
        3798.57      4.02287e+9 
        3798.66      4.02253e+9 
        3798.75      4.02215e+9 
        3798.77      4.02209e+9 
        3798.84       4.0218e+9 
        3798.88      4.02165e+9 
        3798.92      4.02146e+9 
        3799.05      4.02099e+9 
        3799.09       4.0208e+9 
        3799.43      4.01945e+9 
        3799.47      4.01929e+9 
         3799.8      4.01794e+9 
        3800.56      4.01492e+9 
        3801.65      4.01059e+9 
        3802.32      4.00795e+9 
        3803.83      4.00192e+9 
        3805.35      3.99592e+9 
        3807.84      3.98608e+9 
        3808.38      3.98395e+9 
        3808.92      3.98181e+9 
           3810      3.97757e+9 
        3811.59      3.97132e+9 
        3812.16      3.96903e+9 
        3812.74      3.96676e+9 
         3813.9      3.96224e+9 
        3815.78      3.95486e+9 
        3816.09       3.9536e+9 
        3816.21      3.95316e+9 
        3816.64      3.95146e+9 
        3817.44      3.94832e+9 
         3817.5      3.94807e+9 
        3818.92      3.94254e+9 
        3820.39      3.93679e+9 
        3822.57      3.92831e+9 
        3823.35      3.92526e+9 
        3823.51      3.92463e+9 
        3824.13      3.92225e+9 
        3825.68      3.91618e+9 
         3826.8      3.91185e+9 
        3827.86      3.90773e+9 
        3828.91      3.90365e+9 
        3830.45      3.89771e+9 
        3831.02      3.89551e+9 
        3831.59      3.89331e+9 
           3832      3.89174e+9 
        3832.53      3.88973e+9 
        3832.73      3.88891e+9 
        3833.46      3.88612e+9 
        3833.93      3.88433e+9 
        3834.39      3.88254e+9 
        3834.63      3.88166e+9 
        3834.86      3.88075e+9 
        3834.97      3.88031e+9 
        3835.09      3.87987e+9 
        3835.15      3.87965e+9 
        3835.21      3.87943e+9 
        3835.27      3.87921e+9 
        3835.33      3.87899e+9 
        3835.38      3.87877e+9 
        3835.44      3.87855e+9 
         3835.5       3.8783e+9 
        3835.56      3.87808e+9 
        3835.63      3.87782e+9 
        3835.68      3.87764e+9 
        3835.73      3.87745e+9 
        3835.74      3.87739e+9 
        3835.77      3.87726e+9 
        3835.83      3.87707e+9 
        3835.91      3.87676e+9 
        3836.07      3.87613e+9 
        3836.38        3.875e+9 
        3836.65      3.87396e+9 
        3836.98       3.8727e+9 
        3837.03      3.87252e+9 
        3837.31      3.87148e+9 
        3837.97      3.86897e+9 
        3838.65      3.86642e+9 
        3838.91      3.86542e+9 
        3839.18      3.86444e+9 
         3839.7      3.86246e+9 
        3840.76      3.85822e+9 
        3842.75      3.85074e+9 
        3842.83      3.85043e+9 
        3842.87       3.8503e+9 
        3842.91      3.85015e+9 
        3843.07      3.84958e+9 
        3843.38      3.84839e+9 
           3844      3.84606e+9 
        3844.59      3.84386e+9 
        3845.25      3.84138e+9 
        3845.55      3.84028e+9 
        3845.91      3.83893e+9 
        3847.23        3.834e+9 
        3847.44      3.83321e+9 
        3848.91      3.82775e+9 
        3850.38      3.82228e+9 
        3851.98      3.81631e+9 
        3853.31      3.81135e+9 
        3854.64      3.80639e+9 
         3855.7      3.80243e+9 
         3857.3      3.79646e+9 
        3858.91      3.79049e+9 
        3862.01      3.77899e+9 
        3862.11      3.77858e+9 
        3862.22       3.7782e+9 
        3862.43      3.77742e+9 
        3862.85      3.77588e+9 
        3863.68      3.77274e+9 
        3865.17      3.76724e+9 
        3865.36      3.76652e+9 
        3865.56      3.76576e+9 
        3865.95      3.76432e+9 
        3866.73      3.76143e+9 
        3867.68      3.75791e+9 
        3868.29      3.75565e+9 
         3868.9      3.75335e+9 
        3870.13       3.7488e+9 
        3871.32       3.7444e+9 
        3872.59      3.73972e+9 
        3873.85      3.73501e+9 
        3876.32      3.72583e+9 
        3876.37      3.72568e+9 
        3876.37      3.72565e+9 
        3876.37      3.72565e+9 
        3876.42      3.72546e+9 
        3876.52      3.72508e+9 
        3876.72      3.72436e+9 
        3876.95      3.72354e+9 
        3877.12      3.72288e+9 
        3877.92      3.71993e+9 
         3878.9      3.71632e+9 
        3880.29      3.71119e+9 
        3880.85      3.70912e+9 
        3881.42      3.70705e+9 
        3882.55       3.7029e+9 
         3884.4      3.69612e+9 
         3884.8      3.69464e+9 
        3884.92       3.6942e+9 
         3885.2      3.69316e+9 
        3886.01      3.69024e+9 
        3886.15      3.68971e+9 
         3887.1      3.68628e+9 
        3887.57      3.68459e+9 
        3888.04      3.68289e+9 
        3888.28      3.68204e+9 
        3888.52      3.68122e+9 
        3888.63      3.68078e+9 
        3888.75      3.68038e+9 
        3888.84      3.68006e+9 
        3888.87      3.67997e+9 
        3888.87      3.67997e+9 
         3888.9      3.67987e+9 
        3888.93      3.67975e+9 
        3888.99      3.67953e+9 
        3889.05      3.67934e+9 
        3889.11      3.67912e+9 
        3889.17      3.67893e+9 
        3889.22      3.67871e+9 
        3889.29      3.67846e+9 
        3889.34       3.6783e+9 
        3889.39      3.67811e+9 
        3889.41      3.67808e+9 
        3889.45      3.67793e+9 
        3889.49      3.67777e+9 
        3889.58      3.67749e+9 
        3889.75      3.67689e+9 
        3890.05      3.67582e+9 
        3890.32      3.67494e+9 
        3890.47      3.67438e+9 
        3890.66      3.67375e+9 
           3891      3.67258e+9 
        3891.68      3.67026e+9 
        3892.89      3.66618e+9 
        3893.94      3.66263e+9 
        3894.46      3.66087e+9 
        3895.31      3.65801e+9 
        3896.22      3.65496e+9 
        3896.68      3.65342e+9 
        3898.89      3.64598e+9 
         3899.6      3.64359e+9 
        3901.57      3.63696e+9 
        3903.89       3.6292e+9 
        3904.25      3.62804e+9 
        3908.89      3.61245e+9 
        3913.89      3.59568e+9 
        3918.89      3.57871e+9 
        3923.89      3.56156e+9 
        3928.22      3.54651e+9 
        3928.35      3.54604e+9 
        3928.89      3.54419e+9 
        3929.56      3.54189e+9 
         3930.9      3.53724e+9 
        3933.45      3.52832e+9 
        3935.81         3.52e+9 
        3937.35      3.51447e+9 
        3938.89      3.50888e+9 
        3940.04      3.50482e+9 
        3941.96      3.49794e+9 
        3943.88      3.49103e+9 
        3946.58      3.48129e+9 
        3947.73      3.47708e+9 
        3948.88      3.47284e+9 
        3950.65      3.46624e+9 
        3951.01      3.46496e+9 
        3951.19      3.46433e+9 
        3951.72      3.46241e+9 
        3952.78      3.45852e+9 
        3954.55      3.45204e+9 
        3957.31       3.4418e+9 
        3958.09      3.43894e+9 
        3958.62      3.43703e+9 
        3958.88      3.43609e+9 
        3960.45      3.43034e+9 
        3962.28      3.42364e+9 
        3965.74      3.41133e+9 
        3965.94      3.41061e+9 
        3966.15      3.40988e+9 
        3966.56      3.40844e+9 
        3966.68      3.40803e+9 
        3967.28      3.40589e+9 
        3967.38      3.40555e+9 
        3968.08       3.4031e+9 
        3968.71      3.40093e+9 
        3968.88      3.40033e+9 
        3969.05      3.39977e+9 
        3969.23      3.39911e+9 
        3969.29      3.39892e+9 
        3969.38      3.39861e+9 
        3969.53       3.3981e+9 
        3969.65       3.3977e+9 
        3969.77      3.39729e+9 
        3969.83      3.39707e+9 
        3969.89      3.39688e+9 
        3969.95      3.39669e+9 
        3970.01       3.3965e+9 
        3970.07      3.39631e+9 
        3970.13      3.39612e+9 
        3970.19      3.39594e+9 
        3970.25      3.39578e+9 
        3970.32      3.39559e+9 
        3970.37      3.39543e+9 
        3970.42      3.39531e+9 
        3970.43      3.39528e+9 
        3970.49      3.39512e+9 
        3970.52      3.39502e+9 
        3970.61      3.39481e+9 
         3970.8       3.3943e+9 
         3971.1      3.39352e+9 
        3971.33      3.39292e+9 
        3971.59      3.39223e+9 
         3971.7      3.39195e+9 
        3972.06        3.391e+9 
        3972.79      3.38912e+9 
        3973.99      3.38604e+9 
        3974.94      3.38362e+9 
         3976.4      3.37995e+9 
        3976.84      3.37885e+9 
        3977.86       3.3763e+9 
        3978.87      3.37379e+9 
        3979.58      3.37209e+9 
         3980.9      3.36886e+9 
        3982.23      3.36559e+9 
        3984.18      3.36088e+9 
        3984.88      3.35918e+9 
        3985.12      3.35861e+9 
        3985.59      3.35748e+9 
        3986.99        3.354e+9 
        3988.87      3.34935e+9 
        3991.38      3.34319e+9 
        3992.62      3.34011e+9 
        3993.85      3.33703e+9 
        3993.87        3.337e+9 
        3996.36      3.33062e+9 
        3998.87      3.32415e+9 
        4003.87      3.31108e+9 
        4008.87      3.29754e+9 
        4013.86      3.28366e+9 
        4018.86      3.26958e+9 
        4023.86      3.25504e+9 
        4025.34      3.25061e+9 
        4028.86      3.23992e+9 
        4032.38      3.22893e+9 
        4032.95      3.22714e+9 
        4033.86      3.22422e+9 
         4035.9      3.21778e+9 
        4038.86      3.20832e+9 
        4043.86       3.1918e+9 
        4048.86       3.1748e+9 
        4053.86      3.15664e+9 
        4058.85       3.1369e+9 
        4063.85      3.11807e+9 
        4068.85      3.09784e+9 
        4073.85      3.07641e+9 
        4075.42      3.06964e+9 
        4078.85      3.05531e+9 
        4082.28      3.03986e+9 
        4082.56      3.03863e+9 
           4084      3.03217e+9 
         4085.7      3.02463e+9 
        4088.84      3.01025e+9 
         4089.7      3.00633e+9 
        4093.69      2.98831e+9 
        4096.52      2.97682e+9 
        4097.68      2.97257e+9 
        4098.01       2.9714e+9 
        4098.68      2.96929e+9 
        4098.84      2.96878e+9 
        4099.68      2.96638e+9 
        4100.17      2.96513e+9 
        4100.67      2.96403e+9 
        4100.92      2.96356e+9 
        4101.17       2.9631e+9 
         4101.3      2.96288e+9 
        4101.42      2.96266e+9 
        4101.48      2.96254e+9 
        4101.55      2.96242e+9 
        4101.61       2.9623e+9 
        4101.67      2.96216e+9 
        4101.73        2.962e+9 
         4101.8      2.96185e+9 
        4101.86      2.96168e+9 
        4101.92      2.96149e+9 
        4102.05      2.96111e+9 
         4102.3      2.96031e+9 
        4102.74      2.95892e+9 
        4102.79      2.95877e+9 
        4102.85      2.95863e+9 
        4102.94      2.95836e+9 
        4103.15       2.9578e+9 
         4103.3      2.95739e+9 
        4103.55      2.95676e+9 
        4103.79      2.95617e+9 
        4104.29      2.95507e+9 
        4104.78      2.95414e+9 
        4105.29      2.95321e+9 
        4105.79      2.95245e+9 
        4106.79      2.95106e+9 
        4108.68      2.94927e+9 
        4108.76      2.94921e+9 
         4108.8      2.94917e+9 
        4108.84      2.94914e+9 
        4108.86      2.94912e+9 
           4109        2.949e+9 
        4109.32      2.94869e+9 
        4109.78      2.94832e+9 
         4110.7      2.94788e+9 
        4111.32       2.9476e+9 
        4112.55      2.94691e+9 
        4113.77      2.94637e+9 
        4114.69      2.94602e+9 
        4116.23      2.94544e+9 
        4116.69      2.94525e+9 
        4117.77      2.94465e+9 
        4118.13      2.94439e+9 
        4118.84      2.94389e+9 
        4120.98      2.94278e+9 
        4123.84      2.94135e+9 
        4126.14      2.93964e+9 
        4128.84      2.93707e+9 
         4129.6      2.93664e+9 
        4131.53      2.93524e+9 
        4133.83      2.93331e+9 
        4134.22      2.93303e+9 
        4138.83      2.92844e+9 
        4143.83        2.922e+9 
        4148.83      2.91626e+9 
        4153.83      2.90915e+9 
        4158.83      2.90085e+9 
        4163.83      2.89203e+9 
        4168.82      2.88255e+9 
        4173.82      2.87285e+9 
        4178.82      2.86264e+9 
        4183.82      2.85199e+9 
        4188.82      2.84101e+9 
        4193.82      2.82976e+9 
        4198.82      2.81841e+9 
        4203.81      2.80682e+9 
        4208.81      2.79499e+9 
        4213.81      2.78295e+9 
        4216.52      2.77631e+9 
        4217.24      2.77454e+9 
        4218.81      2.77067e+9 
         4221.1      2.76497e+9 
        4223.81      2.75813e+9 
        4224.95      2.75523e+9 
        4228.81      2.74532e+9 
        4233.81      2.73216e+9 
        4238.81      2.71847e+9 
        4243.81      2.70426e+9 
         4248.8      2.68945e+9 
         4253.8      2.67459e+9 
         4258.8      2.65895e+9 
         4263.8      2.64236e+9 
         4268.8      2.62454e+9 
         4273.8      2.60547e+9 
         4278.8      2.58595e+9 
        4283.79      2.56527e+9 
        4288.79      2.54451e+9 
        4293.79      2.52151e+9 
        4298.79      2.49665e+9 
        4303.79      2.47357e+9 
        4308.79      2.44923e+9 
        4313.79      2.42203e+9 
        4314.07      2.42074e+9 
        4318.78      2.39755e+9 
        4320.85      2.38596e+9 
         4323.5      2.37135e+9 
        4326.14      2.35689e+9 
        4326.48      2.35491e+9 
        4328.78       2.3412e+9 
        4330.23      2.33285e+9 
        4331.09      2.32733e+9 
        4331.15      2.32693e+9 
        4331.95      2.32172e+9 
        4333.66      2.31043e+9 
        4334.06      2.30771e+9 
        4336.17      2.29191e+9 
        4337.79      2.27811e+9 
        4338.22      2.27423e+9 
        4338.28      2.27358e+9 
        4338.78      2.26838e+9 
        4338.81      2.26808e+9 
        4339.34      2.26244e+9 
         4339.6      2.25934e+9 
        4339.87      2.25614e+9 
           4340      2.25455e+9 
        4340.13      2.25306e+9 
         4340.2      2.25237e+9 
        4340.26      2.25179e+9 
        4340.33       2.2513e+9 
         4340.4      2.25095e+9 
        4340.46      2.25074e+9 
        4340.53      2.25071e+9 
        4340.59      2.25081e+9 
        4340.66      2.25105e+9 
        4340.79      2.25184e+9 
        4341.01      2.25351e+9 
        4341.06      2.25392e+9 
         4341.1      2.25438e+9 
         4341.2      2.25519e+9 
        4341.23      2.25535e+9 
        4341.24      2.25542e+9 
         4341.4      2.25683e+9 
        4341.58      2.25824e+9 
        4341.94      2.26083e+9 
        4342.64       2.2654e+9 
        4343.33      2.26921e+9 
        4343.57      2.27053e+9 
        4344.04      2.27267e+9 
        4344.75       2.2757e+9 
        4346.17      2.28106e+9 
        4348.58      2.28819e+9 
        4348.78       2.2888e+9 
        4348.98      2.28921e+9 
        4349.37      2.29044e+9 
        4350.17       2.2924e+9 
        4350.32      2.29278e+9 
        4351.76      2.29575e+9 
         4353.2      2.29808e+9 
        4354.73      2.30152e+9 
        4356.08      2.30386e+9 
        4356.08      2.30386e+9 
        4357.43      2.30562e+9 
        4358.77      2.30792e+9 
        4359.17      2.30851e+9 
        4361.47      2.31183e+9 
        4363.77      2.31469e+9 
        4367.98      2.31825e+9 
        4368.38      2.31892e+9 
        4368.52      2.31916e+9 
        4368.77      2.31955e+9 
        4369.56      2.32071e+9 
        4371.15      2.32268e+9 
        4373.77      2.32536e+9 
        4378.77      2.32852e+9 
        4383.77       2.3307e+9 
        4388.77      2.33451e+9 
        4393.77      2.33567e+9 
        4398.76      2.33486e+9 
        4403.76      2.33444e+9 
        4408.76      2.33252e+9 
        4413.76      2.33018e+9 
        4418.76      2.32647e+9 
        4423.76      2.32171e+9 
        4428.76      2.31612e+9 
        4433.75      2.31004e+9 
        4438.75      2.30378e+9 
        4443.75      2.29699e+9 
        4448.75      2.28975e+9 
        4453.75      2.28213e+9 
        4458.75      2.27426e+9 
        4463.75       2.2662e+9 
        4468.74        2.258e+9 
        4473.74      2.24967e+9 
        4478.74      2.24125e+9 
        4483.74      2.23275e+9 
        4488.74      2.22419e+9 
        4493.74       2.2156e+9 
        4498.74      2.20697e+9 
        4503.74      2.19831e+9 
        4508.73      2.18964e+9 
        4513.73      2.18095e+9 
        4514.12      2.18028e+9 
        4518.73      2.17226e+9 
        4523.35      2.16425e+9 
        4527.19      2.15757e+9 
        4527.96      2.15624e+9 
        4528.73       2.1549e+9 
        4530.27      2.15223e+9 
        4532.97      2.14755e+9 
        4533.29      2.14699e+9 
        4533.35      2.14689e+9 
        4533.73      2.14623e+9 
        4534.49      2.14491e+9 
        4536.01      2.14228e+9 
        4538.73      2.13757e+9 
        4543.73      2.12893e+9 
        4548.72      2.12031e+9 
        4553.72      2.11171e+9 
        4558.72      2.10312e+9 
        4563.72      2.09456e+9 
        4568.72      2.08602e+9 
        4573.72       2.0775e+9 
        4578.72      2.06901e+9 
        4583.72      2.06054e+9 
        4588.71      2.05209e+9 
        4593.71      2.04367e+9 
        4596.53      2.03893e+9 
        4596.98      2.03817e+9 
        4598.71      2.03527e+9 
        4600.89      2.03161e+9 
        4603.71      2.02693e+9 
         4604.8       2.0251e+9 
        4608.71      2.01857e+9 
        4613.71      2.01024e+9 
         4618.7      2.00193e+9 
         4623.7      1.99364e+9 
         4628.7      1.98536e+9 
         4633.7       1.9771e+9 
         4638.7      1.96883e+9 
         4643.7      1.96058e+9 
         4648.7      1.95234e+9 
         4653.7       1.9441e+9 
        4658.69      1.93587e+9 
        4663.69      1.92763e+9 
        4668.69      1.91939e+9 
        4673.69      1.91114e+9 
        4678.69      1.90287e+9 
        4683.69      1.89458e+9 
        4688.69      1.88626e+9 
        4693.69      1.87789e+9 
        4698.68      1.86944e+9 
        4703.68      1.86092e+9 
        4708.68      1.85232e+9 
        4713.68      1.84362e+9 
         4715.6      1.84024e+9 
        4718.68      1.83484e+9 
        4720.98      1.83077e+9 
        4721.76       1.8294e+9 
        4723.68      1.82597e+9 
        4724.83      1.82391e+9 
        4728.68      1.81695e+9 
        4733.68      1.80774e+9 
        4738.67      1.79834e+9 
        4743.67      1.78872e+9 
        4748.67      1.77882e+9 
        4753.67      1.76858e+9 
        4758.67      1.75814e+9 
        4763.67      1.74731e+9 
        4768.67      1.73601e+9 
        4773.66      1.72473e+9 
        4778.66      1.71302e+9 
        4783.66      1.70071e+9 
        4788.66      1.68769e+9 
        4793.66      1.67383e+9 
        4798.66      1.65962e+9 
        4803.66      1.64451e+9 
        4808.65      1.62946e+9 
        4813.65       1.6131e+9 
        4818.65      1.59523e+9 
        4823.65      1.57732e+9 
        4828.65      1.55837e+9 
        4833.65      1.53717e+9 
        4834.97       1.5315e+9 
        4838.65      1.51621e+9 
        4839.16      1.51398e+9 
        4842.32      1.49935e+9 
        4845.48      1.48453e+9 
         4845.5      1.48444e+9 
        4847.05      1.47724e+9 
        4848.64      1.46899e+9 
        4851.78      1.45358e+9 
        4854.39      1.44021e+9 
        4856.52       1.4298e+9 
         4858.4      1.42375e+9 
        4858.64      1.42344e+9 
        4858.66       1.4234e+9 
        4858.88        1.423e+9 
        4859.36      1.42334e+9 
        4859.47      1.42355e+9 
        4860.06      1.42592e+9 
        4860.36      1.42812e+9 
        4860.66      1.43189e+9 
        4860.81      1.43449e+9 
        4860.95      1.43728e+9 
        4861.03      1.43859e+9 
         4861.1      1.43981e+9 
        4861.18      1.44077e+9 
        4861.25      1.44135e+9 
        4861.32      1.44151e+9 
         4861.4      1.44119e+9 
        4861.47      1.44044e+9 
        4861.54      1.43933e+9 
        4861.64      1.43749e+9 
        4861.69      1.43657e+9 
        4861.69      1.43653e+9 
        4861.69      1.43648e+9 
        4861.69      1.43639e+9 
        4861.74       1.4354e+9 
        4861.84      1.43334e+9 
        4861.98      1.43062e+9 
        4861.99      1.43046e+9 
        4862.28      1.42613e+9 
        4862.58      1.42325e+9 
         4862.6       1.4231e+9 
        4863.18      1.41959e+9 
        4863.76      1.41783e+9 
        4864.93      1.41776e+9 
        4865.99      1.41947e+9 
        4866.06      1.41953e+9 
        4866.09      1.41956e+9 
        4866.13      1.41959e+9 
        4866.26       1.4197e+9 
        4866.53      1.42055e+9 
        4867.08      1.42219e+9 
        4867.69      1.42398e+9 
        4868.17      1.42515e+9 
        4868.31      1.42555e+9 
        4868.64      1.42639e+9 
        4869.59      1.42905e+9 
        4870.86      1.43301e+9 
        4872.06       1.4359e+9 
        4873.41      1.43975e+9 
        4874.75      1.44369e+9 
        4876.23       1.4476e+9 
        4876.95      1.44926e+9 
        4877.43       1.4502e+9 
        4878.64       1.4529e+9 
        4880.32       1.4573e+9 
        4882.91      1.46323e+9 
        4883.46      1.46437e+9 
        4883.64      1.46472e+9 
        4883.69      1.46484e+9 
        4884.48      1.46635e+9 
        4886.05      1.46928e+9 
        4888.63      1.47368e+9 
        4893.63      1.48284e+9 
        4898.63      1.48951e+9 
        4903.63      1.49499e+9 
        4908.63      1.50009e+9 
        4913.63      1.50369e+9 
        4915.55      1.50469e+9 
        4918.24      1.50577e+9 
        4918.63      1.50589e+9 
         4921.7      1.50718e+9 
        4923.62      1.50787e+9 
        4925.16       1.5083e+9 
        4928.62      1.50895e+9 
        4933.62      1.50953e+9 
        4938.62      1.50928e+9 
        4943.62       1.5083e+9 
        4948.62       1.5067e+9 
        4953.62      1.50459e+9 
        4958.61      1.50244e+9 
        4963.61      1.49983e+9 
        4968.61      1.49683e+9 
        4973.61      1.49361e+9 
        4978.61      1.49008e+9 
        4983.61      1.48627e+9 
        4988.61      1.48224e+9 
        4993.61      1.47804e+9 
         4998.6      1.47368e+9 
         5003.6      1.46918e+9 
         5008.6      1.46458e+9 
         5013.6      1.45991e+9 
         5018.6      1.45515e+9 
         5023.6      1.45032e+9 
         5028.6      1.44543e+9 
         5033.6      1.44048e+9 
        5038.59      1.43549e+9 
        5043.59      1.43046e+9 
        5048.59      1.42542e+9 
        5053.59      1.42036e+9 
        5058.59      1.41529e+9 
        5063.59      1.41021e+9 
        5068.59      1.40513e+9 
        5073.58      1.40005e+9 
        5078.58      1.39497e+9 
        5083.58      1.38989e+9 
        5088.58      1.38483e+9 
        5093.58      1.37977e+9 
        5098.58      1.37471e+9 
        5103.58      1.36967e+9 
        5108.57      1.36463e+9 
        5113.57      1.35962e+9 
        5118.57      1.35462e+9 
        5123.57      1.34963e+9 
        5128.57      1.34466e+9 
        5133.57      1.33971e+9 
        5138.57      1.33478e+9 
        5143.57      1.32986e+9 
        5148.56      1.32497e+9 
        5153.56      1.32008e+9 
        5158.56      1.31522e+9 
        5163.56      1.31038e+9 
        5168.56      1.30556e+9 
        5173.56      1.30076e+9 
        5178.56      1.29598e+9 
        5183.56      1.29121e+9 
        5188.55      1.28647e+9 
        5193.55      1.28174e+9 
        5198.55      1.27704e+9 
        5203.55      1.27235e+9 
        5208.55      1.26769e+9 
        5213.55      1.26305e+9 
        5218.55      1.25842e+9 
        5223.54      1.25382e+9 
        5228.54      1.24923e+9 
        5233.54      1.24466e+9 
        5238.54      1.24012e+9 
        5243.54      1.23559e+9 
        5248.54      1.23108e+9 
        5253.54      1.22659e+9 
        5258.53      1.22213e+9 
        5263.53      1.21768e+9 
        5268.53      1.21325e+9 
        5273.53      1.20884e+9 
        5278.53      1.20445e+9 
        5283.53      1.20008e+9 
        5288.53      1.19573e+9 
        5293.52      1.19139e+9 
        5298.52      1.18708e+9 
        5303.52      1.18278e+9 
        5308.52      1.17851e+9 
        5313.52      1.17425e+9 
        5318.52      1.17001e+9 
        5323.52      1.16579e+9 
        5328.52      1.16159e+9 
        5333.52      1.15741e+9 
        5338.51      1.15325e+9 
        5343.51       1.1491e+9 
        5348.51      1.14498e+9 
        5353.51      1.14087e+9 
        5358.51      1.13678e+9 
        5363.51      1.13287e+9 
        5368.51      1.12881e+9 
         5373.5      1.12477e+9 
         5378.5      1.12074e+9 
         5383.5      1.11674e+9 
         5388.5      1.11275e+9 
         5393.5      1.10877e+9 
         5398.5      1.10482e+9 
         5403.5      1.10088e+9 
        5408.49      1.09697e+9 
        5413.49      1.09306e+9 
        5418.49      1.08918e+9 
        5423.49      1.08531e+9 
        5428.49      1.08146e+9 
        5433.49      1.07763e+9 
        5438.49      1.07381e+9 
        5443.48      1.07001e+9 
        5448.48      1.06623e+9 
        5453.48      1.06246e+9 
        5458.48      1.05871e+9 
        5463.48      1.05498e+9 
        5468.48      1.05126e+9 
        5473.48      1.04756e+9 
        5478.48      1.04388e+9 
        5483.48      1.04021e+9 
        5488.47      1.03656e+9 
        5493.47      1.03292e+9 
        5498.47      1.02931e+9 
        5503.47       1.0257e+9 
        5508.47      1.02211e+9 
        5513.47      1.01854e+9 
        5518.47      1.01498e+9 
        5523.46      1.01144e+9 
        5528.46      1.00791e+9 
        5533.46       1.0044e+9 
        5538.46      1.00091e+9 
        5543.46      9.97427e+8 
        5548.46      9.93962e+8 
        5553.46      9.90513e+8 
        5558.45      9.87076e+8 
        5563.45      9.83655e+8 
        5568.45      9.80249e+8 
        5573.45      9.76859e+8 
        5578.45      9.73482e+8 
        5583.45      9.70121e+8 
        5588.45      9.66772e+8 
        5593.44      9.63439e+8 
        5598.44      9.60121e+8 
        5603.44      9.56816e+8 
        5608.44      9.53524e+8 
        5613.44       9.5025e+8 
        5618.44      9.46986e+8 
        5623.44      9.43738e+8 
        5628.44      9.40505e+8 
        5633.43      9.37285e+8 
        5638.43      9.34077e+8 
        5643.43      9.30882e+8 
        5648.43      9.27703e+8 
        5653.43      9.24539e+8 
        5658.43      9.21385e+8 
        5663.43      9.18247e+8 
        5668.43       9.1557e+8 
        5673.42      9.12454e+8 
        5673.98      9.12108e+8 
        5678.42       9.0935e+8 
        5682.86      9.06601e+8 
         5686.2      9.04546e+8 
        5687.31      9.03861e+8 
        5687.86      9.03519e+8 
        5688.42       9.0318e+8 
        5690.64      9.01816e+8 
        5693.42      9.00113e+8 
        5698.42       8.9706e+8 
        5703.41      8.94022e+8 
        5704.77      8.93199e+8 
        5708.41      8.90997e+8 
        5708.88      8.90714e+8 
        5712.06      8.88797e+8 
        5713.41      8.87981e+8 
        5715.23      8.86887e+8 
        5718.41       8.8498e+8 
        5723.41      8.81993e+8 
        5728.41      8.79018e+8 
        5733.41      8.76052e+8 
        5738.41      8.73102e+8 
         5743.4      8.70165e+8 
         5748.4       8.6724e+8 
         5753.4      8.64324e+8 
         5758.4      8.61425e+8 
         5763.4      8.58434e+8 
         5768.4      8.55556e+8 
         5773.4      8.52688e+8 
         5778.4      8.49835e+8 
        5783.39      8.46992e+8 
        5788.39      8.44162e+8 
        5793.39      8.41344e+8 
        5798.39      8.38538e+8 
        5803.39      8.35742e+8 
        5808.39      8.32959e+8 
        5813.39      8.30188e+8 
        5818.39      8.27426e+8 
        5823.38      8.24677e+8 
        5828.38      8.21941e+8 
        5833.38      8.19214e+8 
        5838.38        8.165e+8 
        5843.38      8.13795e+8 
        5848.38      8.11103e+8 
        5853.38       8.0842e+8 
        5858.37      8.05749e+8 
        5863.37      8.03092e+8 
        5868.37      8.00443e+8 
        5873.37      7.97804e+8 
        5878.37      7.95178e+8 
        5883.37      7.92561e+8 
        5888.37      7.89957e+8 
        5893.36      7.87362e+8 
        5898.36      7.84776e+8 
        5903.36      7.82203e+8 
        5908.36       7.7964e+8 
        5913.36      7.77086e+8 
        5918.36      7.74544e+8 
        5923.36      7.72012e+8 
        5928.35      7.69489e+8 
        5933.35      7.66976e+8 
        5938.35      7.64475e+8 
        5943.35      7.61984e+8 
        5948.35      7.59502e+8 
        5953.35       7.5703e+8 
        5958.35       7.5457e+8 
        5963.35      7.52116e+8 
        5968.34      7.49675e+8 
        5973.34      7.47244e+8 
        5978.34      7.44821e+8 
        5983.34      7.42409e+8 
        5988.34      7.40005e+8 
        5993.34      7.37611e+8 
        5998.34      7.35224e+8 
        6003.34      7.32852e+8 
        6008.33      7.30486e+8 
        6013.33       7.2813e+8 
        6018.33      7.25783e+8 
        6023.33      7.23446e+8 
        6028.33      7.21118e+8 
        6033.33        7.188e+8 
        6038.32       7.1649e+8 
        6043.32      7.14188e+8 
        6048.32      7.11897e+8 
        6053.32      7.09614e+8 
        6058.32      7.07339e+8 
        6063.32      7.05074e+8 
        6068.32      7.02818e+8 
        6073.32      7.00572e+8 
        6078.31      6.98332e+8 
        6083.31      6.96102e+8 
        6088.31      6.93877e+8 
        6093.31      6.91666e+8 
        6098.31       6.8946e+8 
        6103.31      6.87261e+8 
        6108.31      6.85075e+8 
        6113.31      6.82894e+8 
         6118.3       6.8072e+8 
         6123.3      6.78556e+8 
         6128.3      6.76401e+8 
         6133.3      6.74252e+8 
         6138.3      6.72109e+8 
         6143.3      6.69979e+8 
         6148.3      6.67855e+8 
        6153.29      6.65738e+8 
        6158.29      6.63627e+8 
        6163.29      6.61525e+8 
        6168.29      6.59433e+8 
        6173.29      6.57347e+8 
        6178.29      6.55267e+8 
        6183.29      6.53194e+8 
        6188.28       6.5113e+8 
        6193.28      6.49069e+8 
        6198.28      6.47017e+8 
        6203.28      6.44975e+8 
        6208.28       6.4294e+8 
        6213.28       6.4091e+8 
        6218.28      6.38887e+8 
        6223.28       6.3687e+8 
        6228.27      6.34856e+8 
        6233.27      6.32852e+8 
        6238.27      6.30854e+8 
        6243.27      6.28862e+8 
        6244.38      6.28419e+8 
        6248.27      6.26873e+8 
        6252.16      6.25334e+8 
        6253.82      6.24674e+8 
        6256.04      6.23795e+8 
        6258.27      6.22918e+8 
        6262.16      6.21385e+8 
        6262.71      6.21165e+8 
        6263.27      6.20948e+8 
        6264.37      6.20512e+8 
        6264.91      6.20298e+8 
        6266.59      6.19641e+8 
        6268.26      6.18982e+8 
        6269.97      6.18313e+8 
        6271.61      6.17669e+8 
        6273.26      6.17021e+8 
        6274.85      6.16399e+8 
        6276.56      6.15733e+8 
        6278.26      6.15067e+8 
        6280.08      6.14357e+8 
        6281.67      6.13735e+8 
        6283.26      6.13113e+8 
        6284.63      6.12582e+8 
        6286.44      6.11872e+8 
        6288.26      6.11165e+8 
        6290.52      6.10286e+8 
        6291.89      6.09755e+8 
        6293.26      6.09224e+8 
        6293.73      6.09039e+8 
        6295.99      6.08162e+8 
        6298.26      6.07286e+8 
        6302.31      6.05721e+8 
        6302.78      6.05539e+8 
        6303.25      6.05357e+8 
        6303.92      6.05099e+8 
         6304.2      6.04992e+8 
        6306.09      6.04263e+8 
        6308.25      6.03428e+8 
        6311.92      6.02011e+8 
        6312.59      6.01756e+8 
        6313.25      6.01502e+8 
        6314.58       6.0099e+8 
        6316.22      6.00358e+8 
        6317.23      5.99969e+8 
        6317.31      5.99937e+8 
        6318.25      5.99576e+8 
        6320.28      5.98797e+8 
        6323.25      5.97657e+8 
        6328.25      5.95737e+8 
        6333.25      5.93821e+8 
        6338.24      5.91911e+8 
        6343.24      5.90001e+8 
        6348.24       5.8809e+8 
        6353.24      5.86183e+8 
        6358.24       5.8427e+8 
        6363.24       5.8236e+8 
        6368.24      5.80444e+8 
        6373.23      5.78524e+8 
        6378.23      5.76602e+8 
        6383.23      5.74673e+8 
        6388.23      5.72734e+8 
        6393.23      5.70787e+8 
        6398.23      5.68829e+8 
        6403.23      5.66856e+8 
        6408.23      5.64868e+8 
        6413.22      5.62863e+8 
        6418.22      5.60837e+8 
        6423.22      5.58786e+8 
        6428.22      5.56706e+8 
        6433.22      5.54592e+8 
        6438.22      5.52446e+8 
        6443.22      5.50253e+8 
        6448.22      5.48013e+8 
        6453.21       5.4572e+8 
        6458.21      5.43367e+8 
        6463.21      5.40948e+8 
        6468.21       5.3845e+8 
        6473.21      5.35877e+8 
        6478.21      5.33223e+8 
         6483.2      5.30452e+8 
         6488.2      5.27561e+8 
         6493.2      5.24527e+8 
         6498.2      5.21332e+8 
         6503.2      5.17961e+8 
         6508.2      5.14423e+8 
         6513.2      5.10672e+8 
         6518.2      5.06638e+8 
        6523.19      5.02353e+8 
        6523.72      5.01888e+8 
        6528.19      4.97788e+8 
        6532.67      4.93397e+8 
         6536.1      4.89815e+8 
        6537.14      4.88772e+8 
        6537.38      4.88524e+8 
        6538.19      4.87682e+8 
        6540.29       4.8542e+8 
        6543.19      4.82093e+8 
        6546.46      4.78147e+8 
        6546.72      4.77827e+8 
        6548.19      4.75995e+8 
        6549.92      4.73658e+8 
        6553.11      4.69209e+8 
        6554.43      4.67133e+8 
        6556.31      4.64117e+8 
        6556.87      4.63083e+8 
         6557.9      4.61063e+8 
        6558.19      4.60473e+8 
         6558.7      4.59266e+8 
         6559.5      4.57108e+8 
         6560.3      4.54331e+8 
         6560.7      4.52524e+8 
         6561.1       4.5014e+8 
        6561.49      4.47074e+8 
        6561.85      4.42936e+8 
         6561.9      4.42179e+8 
        6561.94      4.41372e+8 
        6562.05      4.39631e+8 
         6562.1      4.38651e+8 
         6562.2      4.36898e+8 
        6562.24       4.3599e+8 
        6562.29      4.35004e+8 
        6562.44      4.32575e+8 
        6562.49      4.31938e+8 
        6562.49      4.31887e+8 
        6562.49      4.31834e+8 
        6562.54      4.31234e+8 
        6562.59      4.30709e+8 
        6562.69      4.30015e+8 
        6562.79      4.29754e+8 
        6562.89      4.29962e+8 
        6562.99      4.30615e+8 
        6563.09      4.31689e+8 
        6563.29      4.34705e+8 
        6563.29      4.34737e+8 
        6563.49      4.38346e+8 
        6563.69       4.4173e+8 
         6563.7      4.41802e+8 
        6563.89      4.44378e+8 
        6564.09      4.46439e+8 
        6564.49      4.49276e+8 
        6564.89      4.51441e+8 
        6565.27      4.52999e+8 
        6565.61      4.54136e+8 
        6565.68       4.5434e+8 
        6566.09      4.55405e+8 
         6566.9      4.57168e+8 
        6567.09       4.5752e+8 
        6568.18      4.59257e+8 
        6569.28      4.60711e+8 
        6570.48      4.61977e+8 
        6571.48      4.63061e+8 
        6572.47      4.64079e+8 
        6573.27      4.64805e+8 
        6574.47      4.65817e+8 
        6575.67      4.66778e+8 
        6577.95       4.6855e+8 
        6578.06      4.68631e+8 
        6578.18       4.6871e+8 
        6578.41      4.68867e+8 
        6578.87      4.69175e+8 
        6579.79      4.69756e+8 
        6580.08      4.69954e+8 
        6581.63      4.70972e+8 
        6583.18      4.71924e+8 
        6584.38      4.72618e+8 
        6586.28      4.73636e+8 
        6587.91      4.74434e+8 
        6588.18      4.74556e+8 
        6588.44      4.74679e+8 
        6588.98      4.74893e+8 
        6590.04      4.75373e+8 
        6591.02      4.75848e+8 
        6592.17      4.76375e+8 
        6593.01      4.76749e+8 
        6593.31      4.76878e+8 
        6595.59      4.77808e+8 
        6598.17      4.78741e+8 
        6603.34      4.80331e+8 
        6613.66      4.82567e+8 
        6623.98      4.83654e+8 
         6634.3      4.83922e+8 
        6644.62      4.83494e+8 
        6654.94      4.82536e+8 
        6675.58       4.7957e+8 
        6680.98      4.78615e+8 
        6696.23      4.75625e+8 
        6711.48      4.72326e+8 
        6741.98      4.65201e+8 
        6781.19      4.55609e+8 
        6802.98      4.50231e+8 
        6824.78      4.44868e+8 
        6868.37      4.34262e+8 
        6955.56      4.13719e+8 
        6976.35      4.08976e+8 
        7042.75      3.94248e+8 
        7109.15      3.80145e+8 
        7175.54      3.66658e+8 
        7241.94      3.53756e+8 
        7308.33      3.41416e+8 
        7355.95      3.32893e+8 
        7374.73      3.29619e+8 
        7393.51      3.26367e+8 
        7431.08       3.1999e+8 
        7506.22      3.07694e+8 
        7581.35      2.95983e+8 
         7635.1      2.87947e+8 
        7656.49      2.84824e+8 
        7677.88      2.81744e+8 
        7720.67      2.75707e+8 
        7806.23      2.64111e+8 
        7821.36      2.62126e+8 
         7891.8       2.5312e+8 
        7962.25      2.44497e+8 
        7982.84      2.42046e+8 
        8032.69      2.36238e+8 
        8082.55      2.30604e+8 
        8161.68      2.22002e+8 
        8182.26       2.1983e+8 
        8200.85      2.17892e+8 
        8202.85      2.17685e+8 
        8204.85      2.17478e+8 
        8208.85      2.17065e+8 
        8216.85      2.16241e+8 
        8232.84      2.14606e+8 
        8264.83      2.11381e+8 
        8289.72      2.08916e+8 
        8328.82      2.05113e+8 
        8343.44      2.03712e+8 
        8367.92      2.01396e+8 
        8371.47      2.01063e+8 
        8388.68      1.99456e+8 
        8392.39      1.99112e+8 
        8408.65      1.97613e+8 
        8413.32      1.97185e+8 
        8432.02      1.95482e+8 
        8437.95      1.94947e+8 
        8467.25      1.92325e+8 
        8473.98       1.9173e+8 
        8502.48      1.89232e+8 
        8516.58       1.8801e+8 
        8530.98      1.86774e+8 
        8545.38      1.85548e+8 
        8549.97      1.85159e+8 
        8574.18      1.83125e+8 
        8598.39       1.8112e+8 
         8628.6      1.78655e+8 
        8646.81       1.7719e+8 
        8652.39      1.76743e+8 
        8665.01      1.75739e+8 
        8685.59      1.74119e+8 
        8701.43      1.72883e+8 
        8750.47      1.69127e+8 
        8767.92      1.67815e+8 
        8815.35      1.64314e+8 
        8862.78      1.60905e+8 
        8900.38      1.58265e+8 
        8957.65      1.54345e+8 
        9014.91      1.50546e+8 
        9044.62      1.48622e+8 
        9072.17      1.46866e+8 
        9099.72      1.45135e+8 
        9154.81      1.41753e+8 
         9190.8      1.39594e+8 
         9209.9      1.38465e+8 
        9229.01      1.37349e+8 
        9267.22       1.3514e+8 
         9303.2      1.33112e+8 
        9343.64      1.30875e+8 
        9384.08      1.28682e+8 
        9464.96      1.24424e+8 
        9545.72      1.20337e+8 
        9545.84      1.20331e+8 
        9545.97      1.20325e+8 
        9546.21      1.20313e+8 
        9546.69       1.2029e+8 
        9546.87      1.20281e+8 
        9547.66      1.20242e+8 
        9549.59      1.20127e+8 
        9553.47      1.19939e+8 
        9561.21      1.19564e+8 
        9576.69       1.1882e+8 
        9607.66      1.17348e+8 
        9668.45      1.14514e+8 
        9729.24      1.11757e+8 
        9790.04      1.09065e+8 
        9850.83      1.06442e+8 
        9870.42      1.05605e+8 
        9911.62      1.03861e+8 
        9952.82      1.02141e+8 
        10021.1       9.9361e+7 
        10035.2      9.87946e+7 
        10049.4      9.82565e+7 
        10077.7      9.72109e+7 
        10134.2      9.52003e+7 
        10144.5      9.48425e+7 
        10190.8      9.32356e+7 
        10237.2      9.16481e+7 
        10329.9      8.85348e+7 
        10422.6       8.5527e+7 
        10515.3      8.25551e+7 
          10608      7.97317e+7 
        10700.7      7.69473e+7 
        10793.4      7.41856e+7 
        10834.1      7.29817e+7 
        10886.1       7.1454e+7 
        10912.1      7.06692e+7 
        10925.1      7.02567e+7 
        10938.1      6.98194e+7 
        10951.1      6.96111e+7 
        10964.1      6.93764e+7 
        10977.1      6.91229e+7 
        10990.1      6.88621e+7 
        11016.1      6.83199e+7 
          11068      6.72313e+7 
          11120      6.61418e+7 
          11172      6.50454e+7 
          11187      6.47256e+7 
          11224      6.39408e+7 
        11260.9      6.31592e+7 
        11334.8      6.15994e+7 
        11408.7       6.0071e+7 
        11482.5      5.86048e+7 
        11556.4      5.71493e+7 
        11630.3      5.57422e+7 
        11704.2      5.43744e+7 
        11778.1      5.30483e+7 
        11851.9      5.17593e+7 
        11925.8      5.05121e+7 
        11999.7      4.93023e+7 
        12073.6      4.81056e+7 
        12147.5      4.69593e+7 
          12158      4.67975e+7 
        12221.3      4.58421e+7 
        12284.6      4.49056e+7 
        12347.9      4.39832e+7 
        12411.2      4.30719e+7 
        12474.5      4.21674e+7 
        12537.8      4.12532e+7 
        12601.1      4.03289e+7 
        12664.4      3.93645e+7 
        12727.7      3.83466e+7 
        12763.9      3.77349e+7 
        12777.4       3.7515e+7 
          12791      3.73114e+7 
        12797.8      3.72244e+7 
        12804.5      3.71578e+7 
        12811.3      3.71289e+7 
          12818      3.72059e+7 
        12818.1      3.72056e+7 
        12818.1      3.72049e+7 
        12818.2      3.72034e+7 
        12818.4      3.71999e+7 
        12818.8      3.71902e+7 
        12819.6      3.71625e+7 
        12821.2      3.70959e+7 
        12824.4      3.69891e+7 
        12830.8      3.68669e+7 
        12837.2      3.67821e+7 
          12850      3.66592e+7 
        12875.6      3.64965e+7 
        12901.2       3.6341e+7 
        12952.4      3.59948e+7 
        13003.6      3.55902e+7 
        13054.8      3.51519e+7 
        13105.9      3.46857e+7 
        13157.1      3.42082e+7 
        13208.3      3.37219e+7 
        13210.6      3.36996e+7 
        13259.5       3.3234e+7 
        13308.4      3.27712e+7 
        13406.1      3.18579e+7 
        13503.8      3.09682e+7 
        13601.5      3.01055e+7 
        13699.2      2.92772e+7 
        13796.9      2.84687e+7 
        13894.6       2.7688e+7 
        13992.3      2.69338e+7 
          14090      2.62051e+7 
        14187.7      2.55009e+7 
        14238.8      2.51421e+7 
        14285.4      2.48201e+7 
        14332.1      2.45033e+7 
          14393      2.40963e+7 
        14425.3      2.38839e+7 
        14457.6      2.36739e+7 
        14461.3        2.365e+7 
        14522.3      2.32606e+7 
        14581.2      2.28916e+7 
        14583.2      2.28792e+7 
        14585.2      2.28669e+7 
        14589.2      2.28421e+7 
        14597.2      2.27928e+7 
        14613.2      2.26944e+7 
        14645.2      2.24993e+7 
        14709.2      2.21154e+7 
        14773.2      2.17396e+7 
        14837.1      2.13718e+7 
        14901.1      2.10118e+7 
        14965.1      2.06592e+7 
        15029.1      2.03141e+7 
        15093.1      1.99761e+7 
        15157.1      1.96451e+7 
          15221       1.9321e+7 
          15285      1.90035e+7 
          15349      1.86925e+7 
          15413      1.83879e+7 
        15471.6      1.81143e+7 
          15477      1.80894e+7 
        15482.4      1.80645e+7 
        15493.1      1.80149e+7 
        15514.7      1.79161e+7 
        15557.9      1.77206e+7 
        15644.2      1.73375e+7 
        15730.5      1.69647e+7 
        15816.8      1.66019e+7 
        15903.1      1.62487e+7 
        15989.4      1.59049e+7 
        16075.8      1.55701e+7 
        16162.1       1.5244e+7 
        16248.4      1.49265e+7 
        16289.9      1.47768e+7 
        16334.7      1.46172e+7 
        16379.5      1.44597e+7 
        16469.1      1.41512e+7 
        16558.8      1.38508e+7 
        16648.4      1.35584e+7 
          16738      1.32736e+7 
        16827.7      1.29963e+7 
        16917.3      1.27262e+7 
        17006.9      1.24631e+7 
        17096.6      1.22067e+7 
        17186.2      1.19569e+7 
        17275.8      1.17135e+7 
        17327.7      1.15754e+7 
        17365.5      1.14762e+7 
        17403.2       1.1378e+7 
        17478.8      1.11848e+7 
        17554.3      1.09957e+7 
        17629.9      1.08105e+7 
        17705.4      1.06293e+7 
          17781      1.04518e+7 
        17856.5      1.02781e+7 
        17932.1      1.01079e+7 
        18007.6      9.93438e+6 
        18083.2      9.76932e+6 
        18158.7      9.60693e+6 
        18234.3      9.44667e+6 
        18309.8      9.28758e+6 
        18343.7      9.21624e+6 
        18385.3      9.12859e+6 
          18427      9.04003e+6 
        18510.2      8.85744e+6 
        18593.4       8.6582e+6 
        18602.1      8.63574e+6 
        18639.3      8.53313e+6 
        18657.9      8.47774e+6 
        18676.6      8.41743e+6 
        18695.2      8.35126e+6 
        18704.5      8.31438e+6 
        18713.8      8.27172e+6 
        18723.2      8.22299e+6 
        18727.8      8.19365e+6 
        18732.5       8.1595e+6 
        18737.1      8.11797e+6 
        18741.8      8.06186e+6 
        18744.1      8.02272e+6 
        18746.5      7.96812e+6 
        18748.8      7.88025e+6 
        18749.9      7.82546e+6 
        18750.5      7.80588e+6 
        18751.1        7.798e+6 
        18751.7        7.804e+6 
        18752.3      7.82165e+6 
        18752.9      7.84594e+6 
        18753.4      7.87261e+6 
          18754      7.89696e+6 
        18754.6      7.91842e+6 
        18755.2      7.93657e+6 
        18755.8      7.95266e+6 
        18756.9      7.97836e+6 
        18759.3      8.01618e+6 
        18761.6      8.04285e+6 
        18763.9      8.06265e+6 
        18768.6      8.09039e+6 
        18777.9      8.12463e+6 
        18787.2      8.14244e+6 
        18796.5       8.1535e+6 
        18815.2      8.16063e+6 
        18833.8      8.15749e+6 
        18852.4      8.15011e+6 
        18889.7      8.12268e+6 
        18926.9      8.08536e+6 
        18964.2      8.04141e+6 
        19038.7      7.94069e+6 
        19113.3      7.83174e+6 
        19187.8       7.7193e+6 
        19262.3      7.60624e+6 
        19336.8      7.49367e+6 
        19372.1      7.44083e+6 
        19411.4      7.38224e+6 
        19450.7      7.32412e+6 
        19529.3      7.20926e+6 
        19607.9      7.09874e+6 
        19686.5      6.98728e+6 
          19765      6.87798e+6 
        19843.6      6.77082e+6 
        19922.2      6.66577e+6 
        20000.8      6.56269e+6 
        20079.4      6.46163e+6 
          20158      6.36251e+6 
        20236.6      6.26528e+6 
        20315.2       6.1699e+6 
        20393.8      6.07631e+6 
        20470.4      5.98684e+6 
        20472.4      5.98451e+6 
        20474.4      5.98219e+6 
        20478.4      5.97754e+6 
        20486.4      5.96827e+6 
        20502.5      5.94977e+6 
        20534.7      5.91298e+6 
          20599      5.84025e+6 
        20663.3      5.76866e+6 
        20727.5      5.69816e+6 
        20791.8       5.6287e+6 
        20856.1      5.56034e+6 
        20920.4      5.49298e+6 
        20984.7      5.42663e+6 
          21049      5.36132e+6 
        21113.3      5.29695e+6 
        21177.6      5.23355e+6 
        21241.9      5.17112e+6 
        21306.2      5.10958e+6 
        21370.5      5.04898e+6 
        21434.8      4.98929e+6 
        21499.1      4.93045e+6 
        21563.4      4.87248e+6 
        21624.7      4.81798e+6 
        21627.7      4.81537e+6 
        21630.6      4.81276e+6 
        21636.5      4.80755e+6 
        21648.3      4.79718e+6 
          21672      4.77648e+6 
        21719.3      4.73542e+6 
        21813.8      4.65462e+6 
        21908.4      4.57554e+6 
        22002.9      4.49813e+6 
        22097.5      4.42236e+6 
          22192      4.34818e+6 
        22286.6      4.27555e+6 
        22381.1      4.20442e+6 
        22475.7      4.13474e+6 
        22570.2      4.06654e+6 
        22664.8      3.99972e+6 
        22731.8      3.95316e+6 
        22759.3      3.93428e+6 
        22784.8      3.91684e+6 
        22786.8      3.91546e+6 
        22788.8      3.91411e+6 
        22792.8      3.91138e+6 
        22800.8      3.90594e+6 
        22816.8       3.8951e+6 
        22848.8      3.87352e+6 
        22912.8      3.83083e+6 
        22976.8       3.7887e+6 
        23040.8      3.74717e+6 
        23104.8       3.7062e+6 
        23168.7      3.66577e+6 
        23232.7       3.6259e+6 
        23296.7      3.58657e+6 
        23360.7       3.5478e+6 
        23424.7       3.5095e+6 
        23488.6      3.47174e+6 
        23552.6      3.43451e+6 
        23616.6      3.39776e+6 
        23680.6       3.3615e+6 
        23744.6      3.32572e+6 
        23808.6      3.29041e+6 
        23872.5      3.25557e+6 
        23936.5       3.2212e+6 
        24000.5      3.18727e+6 
        24064.5      3.15378e+6 
        24128.5      3.12074e+6 
        24192.5      3.08812e+6 
        24256.4      3.05594e+6 
        24320.4      3.02417e+6 
        24384.4      2.99281e+6 
        24448.4      2.96186e+6 
        24512.4       2.9313e+6 
        24576.3      2.90114e+6 
        24640.3      2.87137e+6 
        24704.3      2.84198e+6 
        24768.3      2.81296e+6 
        24832.3      2.78431e+6 
        24896.3      2.75602e+6 
        24960.2       2.7281e+6 
        25004.4      2.70901e+6 
        25024.2      2.70052e+6 
          25044      2.69207e+6 
        25083.6      2.67525e+6 
        25162.8      2.64202e+6 
        25241.9       2.6093e+6 
        25321.1      2.57709e+6 
        25400.2      2.54537e+6 
        25479.4      2.51413e+6 
        25558.5      2.48338e+6 
        25637.7      2.45309e+6 
        25716.9      2.42326e+6 
          25796      2.39388e+6 
        25875.2      2.36495e+6 
        25954.3      2.33645e+6 
        26033.5      2.30839e+6 
        26112.7      2.28074e+6 
        26191.8       2.2535e+6 
          26271      2.22667e+6 
        26350.1      2.20024e+6 
        26429.3      2.17419e+6 
        26508.4      2.14854e+6 
        26587.6      2.12325e+6 
        26666.8      2.09834e+6 
        26745.9      2.07379e+6 
        26825.1       2.0496e+6 
        26904.2      2.02576e+6 
        26983.4      2.00227e+6 
        27062.6      1.97912e+6 
        27141.7       1.9563e+6 
        27142.5      1.95606e+6 
        27220.9      1.93381e+6 
        27299.2      1.91187e+6 
        27377.5      1.89023e+6 
        27455.8       1.8689e+6 
        27534.2      1.84786e+6 
        27612.5      1.82712e+6 
        27690.8      1.80667e+6 
        27769.1      1.78651e+6 
        27847.5      1.76663e+6 
        27925.8      1.74702e+6 
        28004.1      1.72768e+6 
        28082.4      1.70861e+6 
        28160.8       1.6898e+6 
        28239.1      1.67126e+6 
        28317.4      1.65296e+6 
        28395.7      1.63491e+6 
          28474      1.61711e+6 
        28552.4      1.59955e+6 
        28630.7      1.58223e+6 
          28709      1.56514e+6 
        28787.3      1.54828e+6 
        28865.7      1.53165e+6 
          28944      1.51524e+6 
        29022.3      1.49905e+6 
        29100.6      1.48308e+6 
          29179      1.46732e+6 
        29257.3      1.45176e+6 
        29335.6      1.43641e+6 
        29413.9      1.42127e+6 
        29492.3      1.40632e+6 
        29570.6      1.39157e+6 
        29648.9      1.37701e+6 
        29727.2      1.36265e+6 
        29805.5      1.34847e+6 
        29883.9      1.33447e+6 
        29932.6      1.32585e+6 
        29962.2      1.32065e+6 
        29991.8      1.31548e+6 
