# Koester WD models
# teff = 80000 K (value for the effective temperature for the model. Temperatures are given in K)
# logg = 8.75 log(cm/s2) (value for Log(G) for the model.)
#
# column 1: WAVELENGTH (ANGSTROM), Wavelength in Angstrom
# column 2: FLUX (ERG/CM2/S/A), Flux in erg/cm2/s/A
         899.23     3.48481e+11 
        904.235     3.43706e+11 
         908.45     3.39735e+11 
        909.241     3.38994e+11 
        910.032     3.38252e+11 
        911.193     3.37165e+11 
        911.613     3.36769e+11 
        912.034     3.36377e+11 
        912.465     3.35974e+11 
        912.875     3.35588e+11 
        913.037     3.35437e+11 
        913.241     3.35246e+11 
        913.284     3.35205e+11 
        913.478     3.35023e+11 
        913.531     3.34972e+11 
        913.755     3.34762e+11 
        913.822     3.34699e+11 
         914.08     3.34454e+11 
        914.165     3.34375e+11 
        914.499     3.34058e+11 
        914.575     3.33986e+11 
        915.071     3.33511e+11 
         915.54     3.33056e+11 
        915.609      3.3299e+11 
        915.643     3.32955e+11 
        915.677     3.32927e+11 
        915.741     3.32871e+11 
        915.813     3.32808e+11 
        916.085     3.32569e+11 
        916.429     3.32258e+11 
        916.858     3.31868e+11 
        917.118      3.3162e+11 
        917.196     3.31548e+11 
        917.378     3.31372e+11 
        917.899     3.30873e+11 
        917.952     3.30819e+11 
        918.287     3.30467e+11 
        918.602     3.30125e+11 
        919.251     3.29446e+11 
        920.215     3.28727e+11 
        921.882     3.27137e+11 
        921.999     3.26939e+11 
        922.143     3.26688e+11 
        922.405      3.2627e+11 
         922.81       3.261e+11 
        923.621     3.26424e+11 
        924.432     3.25425e+11 
        925.001     3.23835e+11 
        925.242     3.23069e+11 
        925.484     3.22503e+11 
        925.564     3.22579e+11 
        925.725     3.22975e+11 
        925.966     3.23681e+11 
        926.164     3.24234e+11 
        926.369      3.2469e+11 
        926.669     3.25582e+11 
        927.173     3.26217e+11 
        927.276     3.26173e+11 
        927.678     3.25793e+11 
        927.729      3.2567e+11 
        928.182     3.23804e+11 
        928.636      3.2119e+11 
        928.917     3.18982e+11 
         928.98     3.18466e+11 
        929.089     3.17401e+11 
        929.261     3.15831e+11 
        929.317     3.15353e+11 
        929.543     3.13194e+11 
        929.655     3.12181e+11 
        929.769     3.11201e+11 
        929.827     3.10747e+11 
        929.883     3.10381e+11 
         929.91     3.10261e+11 
        929.939     3.10167e+11 
        929.954     3.10139e+11 
        929.968     3.10122e+11 
        929.982     3.10117e+11 
        929.996     3.10125e+11 
         930.01     3.10143e+11 
        930.024     3.10172e+11 
        930.038     3.10211e+11 
        930.052     3.10262e+11 
        930.081     3.10404e+11 
        930.137     3.10807e+11 
        930.201     3.11451e+11 
        930.247     3.11971e+11 
        930.249     3.11997e+11 
        930.251     3.12022e+11 
        930.301     3.12638e+11 
        930.326     3.12921e+11 
        930.329      3.1296e+11 
        930.402     3.13866e+11 
        930.478     3.14828e+11 
         930.63     3.16864e+11 
        930.931     3.20835e+11 
        931.229     3.24586e+11 
        931.534     3.28362e+11 
        931.838     3.31287e+11 
        932.142     3.33907e+11 
        932.447     3.35824e+11 
        932.751     3.36892e+11 
        933.055     3.37589e+11 
        933.265     3.37614e+11 
        933.315     3.37564e+11 
        933.359     3.37498e+11 
        933.403      3.3741e+11 
        933.432     3.37363e+11 
        933.542     3.37099e+11 
        933.652     3.36713e+11 
        933.872     3.35535e+11 
        933.973     3.34787e+11 
        934.073     3.33914e+11 
        934.092     3.33728e+11 
        934.312     3.31136e+11 
        934.362     3.30423e+11 
        934.652     3.27074e+11 
        934.941     3.22315e+11 
         935.23     3.16314e+11 
        935.473     3.11124e+11 
         935.52     3.10158e+11 
        935.688      3.0614e+11 
        935.809     3.02671e+11 
        936.144     2.94083e+11 
        936.372     2.87899e+11 
        936.601     2.82237e+11 
        936.714     2.79475e+11 
        936.829     2.76707e+11 
        936.887     2.75147e+11 
        936.944      2.7352e+11 
        936.973     2.72706e+11 
        937.001     2.71943e+11 
        937.015     2.71599e+11 
        937.029     2.71316e+11 
        937.043     2.71096e+11 
        937.058     2.70946e+11 
        937.072     2.70903e+11 
        937.086      2.7096e+11 
        937.101     2.71125e+11 
        937.115      2.7136e+11 
        937.143     2.72016e+11 
          937.2      2.7366e+11 
        937.314     2.76973e+11 
        937.493     2.81621e+11 
        937.542     2.82894e+11 
        937.593     2.84219e+11 
        937.694     2.86988e+11 
        937.788     2.89543e+11 
        937.894     2.92559e+11 
            938     2.96022e+11 
        938.212     3.02447e+11 
        938.359     3.06933e+11 
        938.636     3.15589e+11 
        938.914     3.23484e+11 
        939.111     3.29226e+11 
        939.191     3.31674e+11 
        939.271     3.33951e+11 
        939.431     3.38104e+11 
        939.591     3.41852e+11 
        939.752     3.45167e+11 
        940.072     3.52936e+11 
        940.392     3.59178e+11 
        940.628     3.62951e+11 
        940.684     3.63756e+11 
        940.712     3.64145e+11 
         940.74     3.64532e+11 
        940.853     3.66084e+11 
        941.077     3.68845e+11 
        941.525     3.73403e+11 
        941.974     3.76768e+11 
        942.422     3.78681e+11 
        942.693     3.79124e+11 
         942.87     3.79131e+11 
        943.048     3.78948e+11 
        943.402     3.77912e+11 
        943.756     3.75945e+11 
        944.111     3.72709e+11 
        944.331     3.69885e+11 
        944.465     3.67849e+11 
        944.575      3.6598e+11 
        944.819     3.61396e+11 
        945.063     3.56561e+11 
        945.308     3.50815e+11 
        945.552     3.44699e+11 
        945.796     3.37696e+11 
         946.04     3.29911e+11 
        946.284     3.21262e+11 
        946.388     3.18027e+11 
        946.529      3.1408e+11 
        946.581     3.12564e+11 
        946.773     3.06602e+11 
        946.966     3.00146e+11 
        947.004     2.98765e+11 
        947.158     2.93261e+11 
        947.273     2.88894e+11 
        947.544     2.79536e+11 
        947.621     2.76663e+11 
        947.813     2.69007e+11 
        948.083     2.58846e+11 
        948.314     2.49698e+11 
        948.546     2.41391e+11 
        948.661     2.37372e+11 
        948.777     2.33763e+11 
        948.835     2.32095e+11 
        948.893     2.30844e+11 
        948.922     2.30425e+11 
        948.951     2.30162e+11 
        948.966     2.30132e+11 
         948.98     2.30109e+11 
        948.994     2.30118e+11 
        949.009     2.30128e+11 
        949.023     2.30127e+11 
        949.037     2.30116e+11 
        949.052     2.30095e+11 
        949.066     2.30075e+11 
        949.095     2.30105e+11 
        949.153     2.30739e+11 
         949.23     2.32428e+11 
        949.258     2.33191e+11 
        949.269     2.33562e+11 
         949.28     2.33904e+11 
         949.33     2.35311e+11 
         949.36     2.36277e+11 
         949.43     2.38727e+11 
          949.5     2.40989e+11 
         949.64     2.45989e+11 
        949.795     2.51201e+11 
        949.879     2.54674e+11 
        949.921     2.56396e+11 
        949.963     2.58059e+11 
        950.047     2.61192e+11 
        950.131     2.64259e+11 
        950.467     2.77193e+11 
        950.888     2.92257e+11 
        951.308     3.07151e+11 
        951.559     3.15231e+11 
        952.149     3.36835e+11 
        952.444     3.47504e+11 
        952.738      3.5708e+11 
        953.032     3.66718e+11 
        953.328     3.75505e+11 
        953.622     3.84437e+11 
        953.917     3.92303e+11 
        954.211     3.99168e+11 
        954.507      4.0524e+11 
        954.801     4.10631e+11 
        955.096      4.1595e+11 
        955.357     4.20219e+11 
        955.686     4.24995e+11 
        956.014     4.29047e+11 
        956.342     4.32399e+11 
        956.999     4.37853e+11 
        957.655     4.41931e+11 
        958.312     4.44809e+11 
        958.648     4.45871e+11 
        958.969     4.46618e+11 
        959.289     4.47118e+11 
        959.429     4.47218e+11 
        959.929     4.47199e+11 
         960.43     4.46568e+11 
         960.93     4.45164e+11 
        961.431     4.43109e+11 
        961.931      4.4036e+11 
        962.431     4.36864e+11 
        962.634     4.35224e+11 
        962.932     4.32626e+11 
        963.033     4.31674e+11 
        963.432     4.27564e+11 
        963.832     4.22852e+11 
        964.231      4.1754e+11 
         964.63     4.11476e+11 
         965.03     4.04741e+11 
        965.429     3.97308e+11 
        965.828     3.89111e+11 
        966.228     3.80459e+11 
        966.627     3.71283e+11 
        966.819     3.66574e+11 
        967.026     3.61305e+11 
        967.426     3.50495e+11 
        968.032     3.32695e+11 
        968.335     3.23471e+11 
        968.639     3.13943e+11 
        968.942     3.03776e+11 
        969.193     2.95033e+11 
        969.245     2.93291e+11 
        969.292     2.91699e+11 
        969.297     2.91529e+11 
        969.401     2.87955e+11 
        969.609     2.80702e+11 
        969.927     2.69207e+11 
        970.248     2.57591e+11 
        970.401     2.52304e+11 
        970.561      2.4642e+11 
        970.874      2.3501e+11 
         971.11     2.26137e+11 
        971.348     2.17191e+11 
        971.467     2.13004e+11 
        971.585     2.08328e+11 
        971.644     2.05704e+11 
        971.703     2.02356e+11 
        971.732     2.00447e+11 
        971.762     1.98448e+11 
        971.778     1.97449e+11 
        971.792     1.96691e+11 
        971.806     1.96089e+11 
        971.821     1.95672e+11 
        971.836     1.95528e+11 
        971.851     1.95662e+11 
        971.866     1.96068e+11 
         971.88      1.9666e+11 
         971.91     1.98395e+11 
        971.969     2.02259e+11 
        972.037      2.0597e+11 
        972.087     2.08137e+11 
        972.137      2.1023e+11 
         972.15     2.10693e+11 
        972.237     2.13984e+11 
        972.324     2.16797e+11 
        972.499     2.23353e+11 
        972.548     2.25043e+11 
        972.673     2.29488e+11 
        972.798     2.34143e+11 
        972.851     2.35959e+11 
        973.048     2.42933e+11 
        973.298     2.51803e+11 
         973.64     2.63358e+11 
        973.746      2.6717e+11 
         974.14     2.80803e+11 
         974.64     2.97343e+11 
         975.14     3.13406e+11 
         975.64     3.28133e+11 
         976.14     3.42452e+11 
         976.64     3.55867e+11 
         977.14     3.68204e+11 
         977.64     3.79495e+11 
        977.974     3.87044e+11 
         978.14     3.90632e+11 
        978.639      4.0088e+11 
        979.305     4.13289e+11 
         979.97     4.24278e+11 
        980.636     4.34159e+11 
        981.301     4.42987e+11 
        981.967      4.5096e+11 
        982.632     4.58038e+11 
        982.672     4.58437e+11 
        983.298     4.64305e+11 
        983.923     4.69546e+11 
        985.174     4.78383e+11 
        986.232     4.84496e+11 
        986.242      4.8455e+11 
        986.425     4.85492e+11 
        986.618     4.86454e+11 
        987.005     4.88238e+11 
        987.777     4.91433e+11 
        989.312     4.96522e+11 
        990.847     4.99991e+11 
        990.885     5.00063e+11 
        992.382     5.02369e+11 
         993.88     5.03795e+11 
          995.3     5.04144e+11 
        995.377     5.04144e+11 
        996.874      5.0377e+11 
        997.574     5.03352e+11 
        997.806     5.03183e+11 
        998.447     5.02627e+11 
        999.319     5.01574e+11 
        999.435     5.01408e+11 
        1001.06     4.98583e+11 
        1002.69     4.94829e+11 
        1004.32      4.9001e+11 
        1005.84     4.84239e+11 
        1005.95     4.83746e+11 
        1007.58     4.75995e+11 
        1008.45     4.71123e+11 
        1009.33     4.65669e+11 
         1010.2     4.59496e+11 
        1011.07     4.52609e+11 
         1011.3     4.50643e+11 
        1011.94     4.44897e+11 
        1012.06     4.43803e+11 
        1012.82     4.36298e+11 
        1013.57     4.28061e+11 
        1014.33     4.18985e+11 
        1015.09     4.09001e+11 
        1015.84     3.98096e+11 
         1016.6     3.86205e+11 
        1017.36     3.73265e+11 
        1018.11     3.59175e+11 
         1018.4     3.53432e+11 
        1018.87      3.4392e+11 
        1019.33     3.33964e+11 
        1019.48     3.30759e+11 
         1019.8      3.2354e+11 
        1020.26     3.12667e+11 
        1021.04     2.93242e+11 
        1021.83     2.72612e+11 
        1022.18     2.62917e+11 
        1022.61     2.50651e+11 
        1023.04     2.38096e+11 
        1023.77     2.16412e+11 
         1023.9      2.1224e+11 
        1024.04     2.08087e+11 
        1024.09     2.06721e+11 
        1024.31     1.99631e+11 
        1024.54     1.92166e+11 
         1024.7     1.86567e+11 
        1024.74     1.84751e+11 
        1024.77     1.83846e+11 
        1024.79     1.82844e+11 
        1024.85      1.7987e+11 
        1024.88     1.77882e+11 
        1024.91     1.75629e+11 
        1024.95     1.72913e+11 
        1024.98     1.70256e+11 
        1024.99     1.69102e+11 
        1025.01     1.68037e+11 
        1025.03     1.67261e+11 
        1025.04     1.66779e+11 
        1025.04     1.66701e+11 
        1025.05     1.66583e+11 
        1025.06     1.66576e+11 
        1025.06     1.66572e+11 
        1025.07     1.66693e+11 
        1025.09     1.67086e+11 
         1025.1     1.67792e+11 
        1025.13     1.69888e+11 
         1025.2     1.75174e+11 
        1025.27     1.80045e+11 
        1025.32     1.82444e+11 
        1025.37     1.84537e+11 
        1025.47     1.88299e+11 
        1025.57     1.91653e+11 
        1025.67     1.94982e+11 
        1025.87     2.01095e+11 
        1025.87     2.01187e+11 
        1026.07     2.07147e+11 
        1026.47     2.18858e+11 
        1027.07     2.36018e+11 
        1027.67     2.52604e+11 
        1028.27     2.68399e+11 
        1028.67     2.78485e+11 
         1028.8     2.81506e+11 
        1028.87      2.8331e+11 
        1029.07     2.88054e+11 
        1029.34      2.9444e+11 
        1029.88     3.06694e+11 
        1030.42     3.18265e+11 
        1030.96     3.29173e+11 
        1031.51     3.39455e+11 
        1032.05     3.49081e+11 
        1032.59     3.58113e+11 
        1033.08     3.65738e+11 
        1033.13      3.6652e+11 
        1033.19     3.67299e+11 
        1033.29     3.68842e+11 
         1033.5      3.7187e+11 
        1033.91     3.77679e+11 
        1034.75     3.88367e+11 
        1034.89     3.90136e+11 
        1035.58     3.97939e+11 
        1036.27     4.05008e+11 
        1036.95     4.11388e+11 
         1037.3     4.14395e+11 
        1037.64     4.17163e+11 
        1038.32     4.22381e+11 
        1039.34     4.29179e+11 
        1040.37      4.3495e+11 
        1040.48     4.35516e+11 
        1041.39     4.39836e+11 
        1041.44     4.40074e+11 
        1042.41     4.43938e+11 
        1043.38     4.47187e+11 
        1044.35     4.49885e+11 
        1046.28      4.5396e+11 
        1047.08     4.55195e+11 
        1048.22     4.56571e+11 
        1049.35     4.57579e+11 
        1051.62     4.58654e+11 
        1053.41     4.58795e+11 
        1053.88     4.58748e+11 
        1054.35     4.58669e+11 
        1055.02     4.58506e+11 
         1055.3     4.58424e+11 
        1057.18     4.57633e+11 
        1059.36     4.56319e+11 
        1063.03     4.53379e+11 
        1063.69     4.52773e+11 
        1064.36     4.52147e+11 
        1065.69      4.5085e+11 
        1067.33     4.49166e+11 
        1068.34     4.48085e+11 
        1068.42     4.48001e+11 
        1069.36      4.4698e+11 
        1071.39     4.44705e+11 
        1074.36     4.41265e+11 
        1076.29     4.38978e+11 
        1078.98      4.3572e+11 
        1079.36     4.35252e+11 
        1082.44     4.31469e+11 
        1084.37     4.29088e+11 
         1085.9     4.27175e+11 
        1089.37     4.22862e+11 
        1094.37     4.16625e+11 
        1099.37     4.10418e+11 
        1104.37     4.04263e+11 
        1109.38     3.98169e+11 
        1114.38     3.92149e+11 
        1118.68     3.87029e+11 
        1119.38     3.86205e+11 
        1120.08     3.85382e+11 
        1121.47     3.83746e+11 
        1123.78     3.81044e+11 
        1124.25     3.80488e+11 
        1124.73     3.79932e+11 
        1125.68     3.78826e+11 
        1125.79       3.787e+11 
        1127.08     3.77211e+11 
        1127.59      3.7662e+11 
        1127.85     3.76322e+11 
        1129.38     3.74547e+11 
        1131.69     3.71899e+11 
        1134.38     3.68829e+11 
        1135.54     3.67522e+11 
        1139.39     3.63184e+11 
        1144.39     3.57598e+11 
        1149.39     3.52059e+11 
        1154.39     3.46555e+11 
        1159.39     3.41061e+11 
        1164.39     3.35538e+11 
        1169.39      3.2993e+11 
         1174.4     3.24137e+11 
        1177.86     3.19937e+11 
         1179.4     3.17998e+11 
        1180.94     3.16003e+11 
        1182.86     3.13409e+11 
        1184.01     3.11785e+11 
        1185.17     3.10103e+11 
        1185.56     3.09522e+11 
        1187.48     3.06528e+11 
         1189.4     3.03282e+11 
        1192.09     2.98182e+11 
        1193.24     2.95728e+11 
         1194.4     2.93076e+11 
        1196.72     2.87025e+11 
        1198.67     2.80918e+11 
        1199.04     2.79636e+11 
         1199.4     2.78307e+11 
        1200.14     2.75498e+11 
        1201.61     2.69201e+11 
        1201.76     2.68492e+11 
        1203.08     2.61793e+11 
        1203.74     2.58045e+11 
         1204.4     2.54002e+11 
        1205.06     2.49637e+11 
        1205.72     2.44912e+11 
        1206.38     2.39815e+11 
        1207.04     2.34296e+11 
        1207.32      2.3182e+11 
         1207.7     2.28328e+11 
        1207.84     2.27004e+11 
        1208.37     2.21878e+11 
        1208.48     2.20649e+11 
        1208.88     2.16433e+11 
        1208.94     2.15784e+11 
         1209.4     2.10646e+11 
        1209.87     2.05234e+11 
        1210.33     1.99537e+11 
        1210.79     1.93559e+11 
        1211.24     1.87279e+11 
        1211.64     1.81653e+11 
         1211.7     1.80688e+11 
        1212.16     1.73804e+11 
        1212.69     1.65563e+11 
        1213.22     1.56967e+11 
        1213.61     1.50244e+11 
        1213.74     1.47976e+11 
        1213.81     1.46879e+11 
        1213.88     1.45687e+11 
        1214.14     1.41036e+11 
        1214.17     1.40426e+11 
        1214.32     1.37711e+11 
        1214.47     1.34832e+11 
        1214.62     1.31651e+11 
        1214.76     1.27681e+11 
        1214.84       1.246e+11 
        1214.91     1.18555e+11 
        1214.95     1.14693e+11 
        1214.98      1.1114e+11 
           1215     1.09646e+11 
        1215.02     1.08577e+11 
        1215.04     1.07808e+11 
        1215.06      1.0732e+11 
        1215.08     1.07165e+11 
         1215.1     1.07313e+11 
        1215.11     1.07794e+11 
        1215.13     1.08556e+11 
        1215.17     1.11103e+11 
        1215.19     1.13292e+11 
        1215.19     1.13483e+11 
        1215.24     1.18483e+11 
        1215.29     1.23019e+11 
        1215.39      1.2753e+11 
        1215.49     1.30218e+11 
        1215.59     1.32498e+11 
        1215.69     1.34517e+11 
        1215.69     1.34668e+11 
        1215.79     1.36408e+11 
        1215.99     1.40002e+11 
        1216.28        1.45e+11 
        1216.86      1.5463e+11 
         1217.4     1.63037e+11 
        1217.43     1.63494e+11 
        1217.45     1.63721e+11 
        1217.46     1.63949e+11 
        1217.52     1.64854e+11 
        1217.64     1.66653e+11 
        1217.88     1.70179e+11 
        1218.36     1.76947e+11 
        1218.84     1.83369e+11 
        1219.24     1.88384e+11 
        1219.32     1.89393e+11 
        1219.32     1.89417e+11 
        1219.41     1.90438e+11 
        1219.58      1.9245e+11 
        1219.83     1.95404e+11 
        1220.34     2.01038e+11 
        1220.85     2.06296e+11 
        1221.35     2.11188e+11 
        1221.86     2.15734e+11 
        1222.37     2.19952e+11 
        1222.88     2.23855e+11 
        1223.38      2.2747e+11 
        1224.18     2.32594e+11 
         1224.4     2.33878e+11 
        1224.62     2.35121e+11 
        1225.05     2.37476e+11 
        1225.92     2.41702e+11 
        1226.79      2.4535e+11 
        1227.66     2.48489e+11 
        1228.53     2.51174e+11 
        1229.35     2.53349e+11 
        1229.38     2.53423e+11 
        1229.39     2.53459e+11 
        1229.41     2.53495e+11 
        1229.47     2.53639e+11 
        1229.48     2.53665e+11 
        1229.59     2.53922e+11 
        1229.75     2.54291e+11 
        1229.83     2.54469e+11 
        1230.18     2.55222e+11 
        1230.88     2.56585e+11 
        1231.01     2.56827e+11 
        1232.27     2.58797e+11 
        1233.53     2.60305e+11 
        1234.79     2.61425e+11 
        1235.22     2.61732e+11 
        1237.32     2.62773e+11 
         1238.6     2.63103e+11 
        1239.41     2.63218e+11 
         1241.5     2.63227e+11 
        1244.41     2.62719e+11 
        1249.41     2.60928e+11 
        1254.41     2.58469e+11 
        1259.41     2.55654e+11 
        1264.41     2.52646e+11 
        1269.41     2.49539e+11 
        1274.41     2.46387e+11 
        1279.42     2.43223e+11 
        1284.42     2.40066e+11 
        1289.42     2.36931e+11 
        1294.42     2.33824e+11 
        1299.42     2.30752e+11 
        1304.42     2.27719e+11 
        1309.42     2.24728e+11 
        1314.42     2.21779e+11 
        1319.42     2.18873e+11 
        1324.42     2.16011e+11 
        1329.42     2.13193e+11 
        1334.42     2.10417e+11 
        1339.42     2.07685e+11 
        1344.42     2.04995e+11 
        1349.42     2.02346e+11 
        1354.42     1.99738e+11 
        1359.42     1.97171e+11 
        1364.42     1.94644e+11 
        1365.19     1.94259e+11 
        1369.42     1.92157e+11 
        1373.65     1.90083e+11 
        1376.35     1.88777e+11 
        1377.88     1.88036e+11 
        1379.42     1.87298e+11 
        1380.57     1.86748e+11 
         1382.5     1.85834e+11 
        1384.42     1.84925e+11 
        1387.12     1.83661e+11 
        1388.27     1.83124e+11 
        1389.03     1.82771e+11 
        1389.42     1.82589e+11 
        1391.73     1.81525e+11 
        1394.42      1.8029e+11 
        1399.42     1.78027e+11 
        1404.42     1.75798e+11 
        1409.42     1.73605e+11 
        1414.42     1.71446e+11 
        1419.42      1.6932e+11 
        1424.42     1.67228e+11 
        1429.42     1.65167e+11 
        1434.42     1.63139e+11 
        1439.42     1.61141e+11 
        1444.42     1.59174e+11 
        1449.42     1.57236e+11 
        1454.42     1.55329e+11 
        1459.42     1.53449e+11 
        1464.42     1.51598e+11 
        1465.96     1.51035e+11 
        1469.42     1.49775e+11 
        1472.88     1.48529e+11 
        1473.27     1.48392e+11 
        1474.42      1.4798e+11 
        1476.35     1.47296e+11 
        1479.42     1.46211e+11 
        1484.42     1.44469e+11 
        1489.42     1.42753e+11 
        1494.42     1.41062e+11 
        1499.42     1.39396e+11 
        1504.42     1.37753e+11 
        1509.42     1.36135e+11 
        1514.42      1.3454e+11 
        1519.42     1.32969e+11 
        1524.42      1.3142e+11 
        1529.42     1.29894e+11 
        1534.42      1.2839e+11 
        1539.42     1.26907e+11 
        1544.42     1.25446e+11 
        1549.42     1.24006e+11 
        1554.42     1.22587e+11 
        1559.42     1.21187e+11 
        1564.42     1.19808e+11 
        1566.72     1.19178e+11 
        1569.42     1.18448e+11 
        1570.19     1.18241e+11 
        1572.11     1.17725e+11 
        1574.41     1.17109e+11 
         1574.8     1.17006e+11 
        1579.41     1.15787e+11 
        1584.41     1.14485e+11 
        1589.41       1.132e+11 
        1594.41     1.11934e+11 
        1599.41     1.10686e+11 
        1604.41     1.09455e+11 
        1609.41     1.08241e+11 
        1614.41     1.07044e+11 
        1619.41     1.05864e+11 
        1624.41     1.04699e+11 
        1629.41     1.03551e+11 
        1634.41     1.02418e+11 
        1639.41     1.01301e+11 
        1644.41     1.00199e+11 
        1649.41     9.91122e+10 
        1654.41       9.804e+10 
        1659.41     9.69825e+10 
        1664.41     9.59392e+10 
        1665.56     9.57005e+10 
         1669.4       9.491e+10 
        1670.17     9.47529e+10 
        1673.25     9.41275e+10 
         1674.4     9.38944e+10 
        1676.33     9.35073e+10 
         1679.4     9.28925e+10 
         1684.4     9.19042e+10 
         1689.4     9.09287e+10 
         1694.4     8.99664e+10 
         1699.4     8.90167e+10 
         1704.4     8.80796e+10 
         1709.4     8.71547e+10 
         1714.4     8.62421e+10 
         1719.4     8.53414e+10 
         1724.4     8.44523e+10 
         1729.4     8.35745e+10 
         1734.4     8.27084e+10 
         1739.4     8.18536e+10 
         1744.4     8.10097e+10 
        1749.39     8.01766e+10 
        1754.39     7.93544e+10 
        1759.39     7.85426e+10 
        1764.39     7.77415e+10 
        1767.08     7.73143e+10 
        1767.85     7.71927e+10 
        1769.39     7.69505e+10 
         1771.7     7.65889e+10 
        1774.39     7.61695e+10 
        1775.55     7.59907e+10 
        1779.39     7.53985e+10 
        1784.39     7.46373e+10 
        1789.39     7.38859e+10 
        1794.39     7.31438e+10 
        1799.39     7.24109e+10 
        1809.39     7.09727e+10 
           1824     6.89344e+10 
        1829.38     6.82018e+10 
        1834.77     6.74786e+10 
        1845.54     6.60617e+10 
           1864     6.37178e+10 
        1867.07     6.33376e+10 
        1870.14     6.29603e+10 
        1876.29     6.22145e+10 
        1888.59     6.07556e+10 
        1906.98     5.86516e+10 
        1913.17      5.7964e+10 
        1919.37     5.72863e+10 
        1931.76     5.59609e+10 
        1944.47     5.46398e+10 
        1956.53     5.34231e+10 
         1967.6     5.23355e+10 
        1968.59       5.224e+10 
        1992.71     4.99724e+10 
        2017.81     4.77412e+10 
         2018.8     4.76561e+10 
        2042.92     4.56348e+10 
        2067.03     4.37197e+10 
        2091.15     4.19044e+10 
        2114.28     4.02513e+10 
        2115.26     4.01825e+10 
        2116.25     4.01137e+10 
        2118.23     3.99771e+10 
        2122.19      3.9705e+10 
        2126.36     3.94204e+10 
         2130.1     3.91678e+10 
        2145.92     3.81204e+10 
        2165.47     3.68735e+10 
        2185.03     3.56775e+10 
        2194.48      3.5117e+10 
        2204.59     3.45296e+10 
         2205.9     3.44542e+10 
         2214.7     3.39546e+10 
        2234.91     3.28403e+10 
        2263.91     3.13201e+10 
         2272.7      3.0877e+10 
        2292.92     2.98872e+10 
        2313.13     2.89368e+10 
        2333.35     2.80241e+10 
        2344.77     2.75243e+10 
         2350.6     2.72736e+10 
        2353.56     2.71472e+10 
        2362.35     2.67766e+10 
        2379.94     2.60543e+10 
        2409.27     2.49024e+10 
        2421.03     2.44589e+10 
        2438.61     2.38137e+10 
        2451.59      2.3351e+10 
        2456.19     2.31898e+10 
        2460.79       2.303e+10 
        2466.76     2.28247e+10 
        2469.99     2.27145e+10 
        2488.39     2.20997e+10 
        2510.01     2.14033e+10 
        2531.64     2.07341e+10 
         2547.3     2.02659e+10 
        2553.26      2.0091e+10 
        2559.23     1.99179e+10 
        2571.17     1.95775e+10 
        2595.04     1.89181e+10 
        2618.91     1.82863e+10 
        2627.89     1.80555e+10 
        2642.78     1.76806e+10 
        2657.67     1.73155e+10 
        2687.45     1.66133e+10 
        2717.24     1.59464e+10 
        2737.93     1.55027e+10 
        2747.02     1.53128e+10 
        2756.11     1.51256e+10 
        2774.29     1.47601e+10 
        2810.65     1.40615e+10 
        2839.47     1.35369e+10 
        2846.59      1.3411e+10 
        2847.01     1.34037e+10 
        2854.55     1.32722e+10 
        2869.63     1.30139e+10 
        2873.19     1.29539e+10 
        2899.79     1.25161e+10 
        2926.39     1.20966e+10 
        2952.93     1.16954e+10 
        2952.98     1.16947e+10 
        2953.03      1.1694e+10 
        2953.13     1.16925e+10 
        2953.33     1.16895e+10 
        2953.73     1.16836e+10 
        2954.53     1.16718e+10 
        2956.13     1.16482e+10 
        2956.82     1.16381e+10 
        2959.33     1.16012e+10 
        2965.73      1.1508e+10 
        2978.53     1.13244e+10 
        3004.12      1.0968e+10 
        3051.42     1.03456e+10 
        3098.72      9.76693e+9 
        3142.18      9.27043e+9 
        3146.02      9.22815e+9 
        3149.86      9.18611e+9 
        3157.53      9.10273e+9 
        3158.83      9.08872e+9 
        3172.87      8.93884e+9 
        3203.56      8.62198e+9 
        3248.29      8.18482e+9 
        3293.03      7.77519e+9 
        3328.79      7.46606e+9 
        3337.76      7.39091e+9 
        3346.73      7.31674e+9 
        3355.94      7.24156e+9 
        3364.67      7.17119e+9 
        3400.55      6.89077e+9 
        3445.17        6.561e+9 
        3489.78      6.25076e+9 
        3525.18      6.01753e+9 
        3532.76      5.96903e+9 
        3534.39      5.95866e+9 
         3543.6      5.90051e+9 
        3562.02      5.78631e+9 
        3591.28      5.61054e+9 
        3635.88      5.35522e+9 
        3638.96      5.33813e+9 
        3642.04       5.3211e+9 
        3643.12      5.31517e+9 
        3645.12      5.30417e+9 
        3645.28      5.30329e+9 
        3647.12      5.29321e+9 
        3648.96      5.28315e+9 
        3651.32      5.27027e+9 
        3652.64      5.26308e+9 
        3653.96      5.25592e+9 
        3654.24      5.25441e+9 
         3656.6      5.24162e+9 
        3658.96      5.22887e+9 
         3663.4      5.20499e+9 
        3663.68      5.20348e+9 
        3663.96      5.20197e+9 
        3664.52      5.19899e+9 
        3665.64      5.19299e+9 
         3666.8       5.1868e+9 
        3667.88      5.18102e+9 
        3668.28      5.17888e+9 
        3668.95      5.17527e+9 
        3671.11      5.16371e+9 
        3673.95      5.14863e+9 
         3675.2      5.14203e+9 
        3678.95      5.12227e+9 
        3682.58      5.10323e+9 
         3682.7      5.10261e+9 
        3682.82      5.10198e+9 
        3683.06      5.10072e+9 
        3683.18      5.10009e+9 
        3683.54      5.09821e+9 
         3684.5      5.09318e+9 
        3684.82      5.09152e+9 
        3685.83      5.08627e+9 
        3686.83      5.08102e+9 
        3688.74       5.0711e+9 
        3688.85      5.07056e+9 
        3688.94      5.07009e+9 
        3688.95      5.07003e+9 
        3689.16      5.06893e+9 
        3689.38       5.0678e+9 
        3689.73      5.06598e+9 
        3689.82      5.06554e+9 
         3689.9       5.0651e+9 
        3690.07      5.06422e+9 
        3690.41      5.06246e+9 
        3690.62      5.06133e+9 
        3691.09      5.05891e+9 
        3691.47      5.05696e+9 
        3691.55      5.05652e+9 
         3691.7      5.05577e+9 
        3692.48      5.05171e+9 
         3693.5      5.04647e+9 
         3694.4      5.04182e+9 
         3695.3       5.0372e+9 
        3695.81      5.03456e+9 
         3696.2      5.03255e+9 
        3696.53      5.03085e+9 
        3696.59      5.03054e+9 
        3696.65      5.03022e+9 
        3696.67      5.03013e+9 
        3696.76      5.02966e+9 
        3696.77       5.0296e+9 
        3696.87      5.02909e+9 
        3696.93      5.02878e+9 
        3696.99       5.0285e+9 
        3697.04      5.02821e+9 
         3697.1      5.02793e+9 
        3697.15      5.02765e+9 
        3697.21      5.02733e+9 
        3697.26      5.02705e+9 
        3697.32      5.02677e+9 
        3697.35      5.02664e+9 
        3697.41      5.02633e+9 
        3697.43       5.0262e+9 
        3697.46      5.02605e+9 
         3697.5      5.02586e+9 
        3697.53       5.0257e+9 
        3697.58      5.02545e+9 
        3697.66      5.02504e+9 
        3697.82      5.02422e+9 
        3698.11      5.02272e+9 
        3698.43      5.02108e+9 
        3698.69      5.01976e+9 
        3698.89      5.01873e+9 
        3698.95      5.01841e+9 
        3699.01       5.0181e+9 
        3699.13      5.01747e+9 
        3699.37      5.01624e+9 
        3699.53      5.01543e+9 
        3699.86      5.01373e+9 
        3699.88      5.01364e+9 
        3700.19      5.01203e+9 
         3700.2        5.012e+9 
         3700.5      5.01046e+9 
        3700.81      5.00889e+9 
        3700.84       5.0087e+9 
        3701.09      5.00745e+9 
        3701.42      5.00578e+9 
        3701.99      5.00283e+9 
        3702.44      5.00054e+9 
        3702.89      4.99821e+9 
        3703.12      4.99708e+9 
        3703.35      4.99592e+9 
        3703.46      4.99535e+9 
        3703.57      4.99479e+9 
        3703.63      4.99447e+9 
        3703.68      4.99419e+9 
        3703.74      4.99391e+9 
         3703.8      4.99362e+9 
        3703.85      4.99334e+9 
        3703.91      4.99306e+9 
        3703.97      4.99278e+9 
        3704.02      4.99249e+9 
        3704.09      4.99215e+9 
        3704.13       4.9919e+9 
        3704.18      4.99165e+9 
        3704.21      4.99152e+9 
        3704.22      4.99146e+9 
        3704.28      4.99114e+9 
        3704.31      4.99099e+9 
        3704.36      4.99077e+9 
        3704.41      4.99051e+9 
        3704.49      4.99007e+9 
        3704.57       4.9897e+9 
        3704.59      4.98957e+9 
        3704.69      4.98907e+9 
        3704.81      4.98847e+9 
        3705.05      4.98722e+9 
        3705.37      4.98561e+9 
        3705.54      4.98473e+9 
        3705.71      4.98389e+9 
        3706.05      4.98216e+9 
        3706.07      4.98203e+9 
        3706.73       4.9787e+9 
        3707.27      4.97597e+9 
        3707.39      4.97534e+9 
        3707.51      4.97471e+9 
        3707.61      4.97421e+9 
        3707.76      4.97346e+9 
        3707.91       4.9727e+9 
        3708.12      4.97166e+9 
        3708.21      4.97119e+9 
         3708.3      4.97072e+9 
        3708.49      4.96978e+9 
        3708.76       4.9684e+9 
        3708.85      4.96793e+9 
        3708.87      4.96783e+9 
        3708.95      4.96745e+9 
        3709.13      4.96654e+9 
        3709.21      4.96614e+9 
        3709.49      4.96472e+9 
        3710.11      4.96158e+9 
         3710.9      4.95756e+9 
        3711.01      4.95702e+9 
        3711.12      4.95646e+9 
        3711.21      4.95599e+9 
        3711.32      4.95545e+9 
        3711.34      4.95536e+9 
        3711.46      4.95473e+9 
        3711.52      4.95445e+9 
        3711.58      4.95417e+9 
         3711.6      4.95404e+9 
        3711.69       4.9536e+9 
        3711.75      4.95332e+9 
         3711.8      4.95303e+9 
        3711.86      4.95275e+9 
        3711.91      4.95247e+9 
        3711.97      4.95219e+9 
        3712.03       4.9519e+9 
        3712.08      4.95159e+9 
        3712.14      4.95131e+9 
         3712.2      4.95099e+9 
        3712.25      4.95074e+9 
         3712.3      4.95049e+9 
        3712.33      4.95036e+9 
        3712.33      4.95036e+9 
         3712.4      4.94999e+9 
        3712.48      4.94961e+9 
        3712.63      4.94886e+9 
        3712.93      4.94732e+9 
        3713.23      4.94584e+9 
        3713.53       4.9443e+9 
        3713.83      4.94279e+9 
        3714.24      4.94072e+9 
        3714.42      4.93984e+9 
        3714.44      4.93975e+9 
        3714.64      4.93874e+9 
        3715.03      4.93676e+9 
        3715.64      4.93371e+9 
        3716.76      4.92806e+9 
        3716.79      4.92793e+9 
        3716.86      4.92759e+9 
        3716.95      4.92712e+9 
        3717.14      4.92614e+9 
        3717.52      4.92426e+9 
        3718.19      4.92093e+9 
        3718.26      4.92058e+9 
        3718.33      4.92021e+9 
        3718.47      4.91951e+9 
        3718.56      4.91907e+9 
        3718.63       4.9187e+9 
        3718.73      4.91819e+9 
        3718.75       4.9181e+9 
        3718.94      4.91716e+9 
        3719.25      4.91559e+9 
        3719.47      4.91449e+9 
        3719.77      4.91301e+9 
        3720.07       4.9115e+9 
        3720.36      4.91009e+9 
        3720.52      4.90924e+9 
        3720.67      4.90855e+9 
        3720.98      4.90698e+9 
         3721.2      4.90588e+9 
        3721.43      4.90472e+9 
        3721.54      4.90415e+9 
        3721.66      4.90359e+9 
        3721.71      4.90333e+9 
        3721.77      4.90305e+9 
        3721.82      4.90277e+9 
        3721.88      4.90249e+9 
        3721.94       4.9022e+9 
        3721.99      4.90192e+9 
        3722.05      4.90164e+9 
        3722.11      4.90136e+9 
        3722.22      4.90079e+9 
         3722.4      4.89991e+9 
        3722.45      4.89966e+9 
         3722.5      4.89941e+9 
         3722.6      4.89891e+9 
         3722.7      4.89843e+9 
         3722.8       4.8979e+9 
         3722.9       4.8974e+9 
        3723.11      4.89636e+9 
        3723.23      4.89576e+9 
        3723.52      4.89432e+9 
        3723.81       4.8929e+9 
        3724.38      4.89001e+9 
        3725.45      4.88474e+9 
        3725.53       4.8843e+9 
        3725.62      4.88389e+9 
        3725.75      4.88323e+9 
        3725.78      4.88307e+9 
        3725.92      4.88241e+9 
        3725.93      4.88235e+9 
        3726.11      4.88144e+9 
        3726.48      4.87962e+9 
        3727.04      4.87685e+9 
        3727.37      4.87525e+9 
        3728.15      4.87135e+9 
        3728.64      4.86893e+9 
        3728.94      4.86746e+9 
        3729.01      4.86711e+9 
        3729.24      4.86598e+9 
        3729.84        4.863e+9 
        3730.68      4.85888e+9 
        3732.19       4.8514e+9 
        3732.34      4.85068e+9 
        3732.49      4.84993e+9 
        3732.79      4.84845e+9 
        3733.35      4.84572e+9 
        3733.38      4.84556e+9 
        3733.39       4.8455e+9 
         3733.4      4.84547e+9 
        3733.45      4.84522e+9 
        3733.55      4.84471e+9 
        3733.65      4.84424e+9 
        3733.75      4.84374e+9 
        3733.86      4.84324e+9 
           3734      4.84251e+9 
        3734.04      4.84233e+9 
        3734.06       4.8422e+9 
        3734.08      4.84211e+9 
        3734.13      4.84189e+9 
        3734.14      4.84185e+9 
        3734.16      4.84173e+9 
         3734.2      4.84157e+9 
        3734.25      4.84129e+9 
        3734.31      4.84101e+9 
        3734.37      4.84072e+9 
        3734.43      4.84044e+9 
        3734.48      4.84016e+9 
        3734.54      4.83987e+9 
        3734.65      4.83934e+9 
        3734.83      4.83846e+9 
        3734.88      4.83821e+9 
        3734.93      4.83796e+9 
        3735.03      4.83749e+9 
        3735.12      4.83702e+9 
        3735.17      4.83676e+9 
        3735.23      4.83651e+9 
        3735.33      4.83598e+9 
        3735.39       4.8357e+9 
        3735.49      4.83519e+9 
        3735.82      4.83362e+9 
           3736      4.83271e+9 
        3736.24      4.83155e+9 
        3736.49      4.83036e+9 
        3736.97      4.82797e+9 
        3737.83      4.82379e+9 
        3737.94      4.82322e+9 
        3738.06      4.82266e+9 
        3738.29       4.8215e+9 
        3738.59      4.82008e+9 
        3738.76      4.81923e+9 
        3738.94      4.81839e+9 
        3739.29      4.81666e+9 
         3739.5      4.81565e+9 
        3739.99      4.81327e+9 
        3740.48      4.81088e+9 
        3741.21       4.8073e+9 
        3741.45       4.8061e+9 
        3741.69      4.80494e+9 
        3742.09      4.80302e+9 
        3742.18      4.80262e+9 
        3742.26      4.80221e+9 
        3742.43      4.80139e+9 
        3742.67       4.8002e+9 
        3742.73      4.79988e+9 
        3742.76      4.79976e+9 
         3742.8       4.7996e+9 
        3742.86      4.79925e+9 
        3742.92        4.799e+9 
        3743.17      4.79778e+9 
        3743.66      4.79539e+9 
        3744.62      4.79074e+9 
        3744.65      4.79058e+9 
        3746.45      4.78191e+9 
        3747.61      4.77629e+9 
        3748.27      4.77308e+9 
        3748.84      4.77032e+9 
         3748.9      4.77004e+9 
        3748.93      4.76988e+9 
        3748.96      4.76972e+9 
        3748.99      4.76963e+9 
        3749.08      4.76916e+9 
        3749.12        4.769e+9 
        3749.18      4.76869e+9 
        3749.38      4.76774e+9 
        3749.41      4.76759e+9 
        3749.64      4.76649e+9 
        3749.75      4.76595e+9 
        3749.87      4.76539e+9 
        3749.92       4.7651e+9 
        3749.98      4.76485e+9 
        3750.04      4.76457e+9 
        3750.09      4.76429e+9 
        3750.15      4.76401e+9 
        3750.21      4.76375e+9 
        3750.27      4.76347e+9 
        3750.32      4.76319e+9 
        3750.44      4.76265e+9 
        3750.62      4.76177e+9 
        3750.66      4.76155e+9 
        3750.72       4.7613e+9 
        3750.82      4.76083e+9 
        3750.91      4.76039e+9 
        3751.02      4.75986e+9 
        3751.12      4.75936e+9 
        3751.33      4.75835e+9 
        3751.48      4.75763e+9 
        3751.76      4.75631e+9 
        3752.03      4.75499e+9 
        3752.59      4.75232e+9 
        3753.53      4.74779e+9 
         3753.7      4.74701e+9 
        3753.78       4.7466e+9 
        3753.86      4.74626e+9 
        3754.18      4.74468e+9 
        3754.27      4.74424e+9 
        3754.84      4.74157e+9 
        3755.89      4.73652e+9 
        3756.09      4.73561e+9 
        3757.47      4.72898e+9 
        3757.51      4.72882e+9 
        3757.55      4.72863e+9 
        3758.93      4.72203e+9 
        3760.39      4.71509e+9 
        3761.66      4.70909e+9 
        3762.72      4.70406e+9 
        3763.23      4.70161e+9 
        3764.81      4.69414e+9 
        3765.07      4.69294e+9 
         3766.9      4.68427e+9 
        3768.55      4.67651e+9 
        3768.74       4.6756e+9 
        3768.93      4.67469e+9 
        3768.97       4.6745e+9 
         3769.2      4.67343e+9 
        3769.31       4.6729e+9 
        3769.66       4.6713e+9 
        3769.89       4.6702e+9 
        3770.11      4.66913e+9 
        3770.23       4.6686e+9 
        3770.34      4.66806e+9 
         3770.4      4.66778e+9 
        3770.46      4.66753e+9 
        3770.51      4.66724e+9 
        3770.57      4.66699e+9 
        3770.63      4.66671e+9 
        3770.69      4.66646e+9 
        3770.74      4.66618e+9 
         3770.8      4.66592e+9 
        3770.87      4.66561e+9 
        3770.92      4.66539e+9 
        3770.97      4.66514e+9 
        3770.99      4.66505e+9 
           3771      4.66498e+9 
        3771.07      4.66467e+9 
        3771.15      4.66429e+9 
         3771.3      4.66357e+9 
         3771.6      4.66215e+9 
        3771.89      4.66084e+9 
        3771.95      4.66055e+9 
        3772.21      4.65936e+9 
        3772.52      4.65788e+9 
        3773.15      4.65493e+9 
        3774.36      4.64934e+9 
         3775.5      4.64403e+9 
        3776.76      4.63815e+9 
        3777.13      4.63646e+9 
        3778.03      4.63228e+9 
         3778.4      4.63055e+9 
        3778.93      4.62813e+9 
        3780.73      4.61977e+9 
        3781.84      4.61462e+9 
        3783.05      4.60903e+9 
        3783.16      4.60853e+9 
        3784.26      4.60344e+9 
        3785.37      4.59835e+9 
        3786.22      4.59439e+9 
         3787.4      4.58896e+9 
        3787.57      4.58817e+9 
        3788.92      4.58198e+9 
        3790.45      4.57498e+9 
        3792.84      4.56398e+9 
        3793.49        4.561e+9 
        3794.14      4.55801e+9 
         3794.9      4.55459e+9 
        3795.07       4.5538e+9 
        3795.44      4.55207e+9 
        3795.99      4.54959e+9 
        3796.45      4.54746e+9 
        3796.92      4.54535e+9 
        3797.15      4.54431e+9 
        3797.38      4.54328e+9 
        3797.49      4.54274e+9 
        3797.61      4.54221e+9 
        3797.67      4.54196e+9 
        3797.72      4.54171e+9 
        3797.78      4.54142e+9 
        3797.84      4.54117e+9 
         3797.9      4.54092e+9 
        3797.96      4.54064e+9 
        3798.01      4.54039e+9 
        3798.07      4.54014e+9 
        3798.19       4.5396e+9 
        3798.37      4.53878e+9 
        3798.42      4.53856e+9 
        3798.47      4.53834e+9 
        3798.57       4.5379e+9 
        3798.66       4.5375e+9 
        3798.75      4.53706e+9 
        3798.77      4.53699e+9 
        3798.84      4.53668e+9 
        3798.88      4.53649e+9 
        3798.92       4.5363e+9 
        3799.05      4.53574e+9 
        3799.09      4.53555e+9 
        3799.43      4.53404e+9 
        3799.47      4.53382e+9 
         3799.8      4.53234e+9 
        3800.56      4.52895e+9 
        3801.65      4.52408e+9 
        3802.32       4.5211e+9 
        3803.83      4.51434e+9 
        3805.35      4.50759e+9 
        3807.84      4.49653e+9 
        3808.38      4.49411e+9 
        3808.92      4.49172e+9 
           3810      4.48692e+9 
        3811.59      4.47985e+9 
        3812.16      4.47727e+9 
        3812.74       4.4747e+9 
         3813.9      4.46958e+9 
        3815.78      4.46119e+9 
        3816.09       4.4598e+9 
        3816.21      4.45927e+9 
        3816.64      4.45735e+9 
        3817.44       4.4538e+9 
         3817.5      4.45352e+9 
        3818.92      4.44721e+9 
        3820.39      4.44061e+9 
        3822.57      4.43097e+9 
        3823.35      4.42751e+9 
        3823.51      4.42676e+9 
        3824.13      4.42402e+9 
        3825.68      4.41708e+9 
         3826.8      4.41212e+9 
        3827.86       4.4074e+9 
        3828.91      4.40272e+9 
        3830.45      4.39587e+9 
        3831.02      4.39336e+9 
        3831.59      4.39085e+9 
           3832      4.38906e+9 
        3832.53      4.38673e+9 
        3832.73      4.38582e+9 
        3833.46      4.38262e+9 
        3833.93      4.38057e+9 
        3834.39      4.37853e+9 
        3834.63      4.37753e+9 
        3834.86      4.37649e+9 
        3834.97      4.37599e+9 
        3835.09      4.37548e+9 
        3835.15      4.37523e+9 
        3835.21      4.37498e+9 
        3835.27      4.37473e+9 
        3835.33      4.37448e+9 
        3835.38      4.37423e+9 
        3835.44      4.37398e+9 
         3835.5      4.37373e+9 
        3835.56      4.37351e+9 
        3835.63      4.37322e+9 
        3835.68        4.373e+9 
        3835.73      4.37278e+9 
        3835.74      4.37272e+9 
        3835.77      4.37259e+9 
        3835.83      4.37237e+9 
        3835.91      4.37203e+9 
        3836.07      4.37134e+9 
        3836.38      4.37008e+9 
        3836.65      4.36895e+9 
        3836.98      4.36757e+9 
        3837.03      4.36735e+9 
        3837.31      4.36619e+9 
        3837.97      4.36345e+9 
        3838.65      4.36066e+9 
        3838.91      4.35956e+9 
        3839.18      4.35846e+9 
         3839.7      4.35629e+9 
        3840.76      4.35183e+9 
        3842.75      4.34366e+9 
        3842.83      4.34335e+9 
        3842.87      4.34316e+9 
        3842.91        4.343e+9 
        3843.07      4.34237e+9 
        3843.38      4.34108e+9 
           3844      4.33854e+9 
        3844.59      4.33612e+9 
        3845.25      4.33339e+9 
        3845.55      4.33216e+9 
        3845.91      4.33069e+9 
        3847.23      4.32528e+9 
        3847.44       4.3244e+9 
        3848.91      4.31837e+9 
        3850.38      4.31231e+9 
        3851.98      4.30571e+9 
        3853.31      4.30015e+9 
        3854.64      4.29459e+9 
         3855.7      4.29013e+9 
         3857.3      4.28334e+9 
        3858.91      4.27662e+9 
        3862.01      4.26355e+9 
        3862.11      4.26311e+9 
        3862.22      4.26267e+9 
        3862.43      4.26179e+9 
        3862.85         4.26e+9 
        3863.68      4.25642e+9 
        3865.17      4.25001e+9 
        3865.36      4.24916e+9 
        3865.56      4.24831e+9 
        3865.95      4.24662e+9 
        3866.73      4.24325e+9 
        3867.68      4.23917e+9 
        3868.29       4.2365e+9 
         3868.9      4.23383e+9 
        3870.13      4.22852e+9 
        3871.32      4.22337e+9 
        3872.59      4.21784e+9 
        3873.85      4.21222e+9 
        3876.32      4.20125e+9 
        3876.37      4.20106e+9 
        3876.37      4.20106e+9 
        3876.37      4.20103e+9 
        3876.42      4.20081e+9 
        3876.52      4.20037e+9 
        3876.72      4.19949e+9 
        3876.95      4.19852e+9 
        3877.12      4.19776e+9 
        3877.92      4.19421e+9 
         3878.9      4.18988e+9 
        3880.29      4.18369e+9 
        3880.85      4.18121e+9 
        3881.42      4.17873e+9 
        3882.55      4.17373e+9 
         3884.4      4.16559e+9 
         3884.8       4.1638e+9 
        3884.92       4.1633e+9 
         3885.2      4.16208e+9 
        3886.01      4.15856e+9 
        3886.15      4.15796e+9 
         3887.1      4.15391e+9 
        3887.57      4.15193e+9 
        3888.04      4.14998e+9 
        3888.28      4.14901e+9 
        3888.52      4.14806e+9 
        3888.63      4.14759e+9 
        3888.75      4.14712e+9 
        3888.84      4.14678e+9 
        3888.87      4.14668e+9 
        3888.87      4.14668e+9 
         3888.9      4.14656e+9 
        3888.93      4.14643e+9 
        3888.99      4.14621e+9 
        3889.05      4.14599e+9 
        3889.11      4.14574e+9 
        3889.17      4.14552e+9 
        3889.22       4.1453e+9 
        3889.29      4.14505e+9 
        3889.34      4.14486e+9 
        3889.39      4.14467e+9 
        3889.41      4.14461e+9 
        3889.45      4.14445e+9 
        3889.49      4.14429e+9 
        3889.58      4.14395e+9 
        3889.75      4.14332e+9 
        3890.05      4.14222e+9 
        3890.32      4.14128e+9 
        3890.47      4.14071e+9 
        3890.66      4.14009e+9 
           3891      4.13889e+9 
        3891.68      4.13654e+9 
        3892.89      4.13245e+9 
        3893.94      4.12893e+9 
        3894.46       4.1272e+9 
        3895.31      4.12438e+9 
        3896.22      4.12139e+9 
        3896.68      4.11985e+9 
        3898.89       4.1125e+9 
         3899.6      4.11018e+9 
        3901.57      4.10355e+9 
        3903.89      4.09576e+9 
        3904.25      4.09463e+9 
        3908.89      4.07879e+9 
        3913.89      4.06129e+9 
        3918.89      4.04292e+9 
        3923.89      4.02394e+9 
        3928.22      4.00679e+9 
        3928.35      4.00625e+9 
        3928.89      4.00412e+9 
        3929.56      4.00145e+9 
         3930.9      3.99601e+9 
        3933.45      3.98539e+9 
        3935.81      3.97521e+9 
        3937.35       3.9683e+9 
        3938.89      3.96123e+9 
        3940.04      3.95624e+9 
        3941.96      3.94763e+9 
        3943.88       3.9388e+9 
        3946.58      3.92599e+9 
        3947.73      3.92033e+9 
        3948.88      3.91458e+9 
        3950.65      3.90553e+9 
        3951.01      3.90384e+9 
        3951.19      3.90302e+9 
        3951.72      3.90044e+9 
        3952.78       3.8952e+9 
        3954.55      3.88621e+9 
        3957.31      3.87173e+9 
        3958.09      3.86771e+9 
        3958.62      3.86507e+9 
        3958.88      3.86375e+9 
        3960.45      3.85549e+9 
        3962.28      3.84603e+9 
        3965.74      3.82869e+9 
        3965.94      3.82769e+9 
        3966.15      3.82671e+9 
        3966.56       3.8247e+9 
        3966.68      3.82414e+9 
        3967.28      3.82115e+9 
        3967.38      3.82065e+9 
        3968.08      3.81725e+9 
        3968.71      3.81424e+9 
        3968.88      3.81342e+9 
        3969.05      3.81261e+9 
        3969.23      3.81166e+9 
        3969.29      3.81141e+9 
        3969.38      3.81097e+9 
        3969.53      3.81025e+9 
        3969.65      3.80968e+9 
        3969.77      3.80915e+9 
        3969.83      3.80887e+9 
        3969.89      3.80862e+9 
        3969.95       3.8084e+9 
        3970.01      3.80814e+9 
        3970.07      3.80796e+9 
        3970.13      3.80777e+9 
        3970.19      3.80758e+9 
        3970.25      3.80742e+9 
        3970.32      3.80726e+9 
        3970.37      3.80717e+9 
        3970.42      3.80704e+9 
        3970.43      3.80701e+9 
        3970.49      3.80689e+9 
        3970.52      3.80686e+9 
        3970.61      3.80667e+9 
         3970.8      3.80635e+9 
         3971.1      3.80582e+9 
        3971.33      3.80541e+9 
        3971.59      3.80497e+9 
         3971.7      3.80478e+9 
        3972.06      3.80412e+9 
        3972.79      3.80284e+9 
        3973.99      3.80082e+9 
        3974.94      3.79922e+9 
         3976.4      3.79687e+9 
        3976.84      3.79614e+9 
        3977.86      3.79457e+9 
        3978.87      3.79303e+9 
        3979.58      3.79203e+9 
         3980.9      3.79024e+9 
        3982.23      3.78816e+9 
        3984.18      3.78537e+9 
        3984.88      3.78433e+9 
        3985.12      3.78405e+9 
        3985.59      3.78339e+9 
        3986.99      3.78116e+9 
        3988.87      3.77786e+9 
        3991.38      3.77368e+9 
        3992.62      3.77154e+9 
        3993.85      3.76935e+9 
        3993.87      3.76931e+9 
        3996.36      3.76438e+9 
        3998.87      3.75904e+9 
        4003.87      3.74783e+9 
        4008.87      3.73542e+9 
        4013.86      3.72162e+9 
        4018.86      3.70717e+9 
        4023.86      3.69175e+9 
        4025.34      3.68697e+9 
        4028.86      3.67529e+9 
        4032.38      3.66307e+9 
        4032.95      3.66105e+9 
        4033.86      3.65776e+9 
         4035.9       3.6505e+9 
        4038.86      3.63975e+9 
        4043.86      3.62069e+9 
        4048.86      3.60008e+9 
        4053.86      3.57746e+9 
        4058.85      3.55217e+9 
        4063.85      3.52713e+9 
        4068.85      3.49835e+9 
        4073.85      3.46775e+9 
        4075.42      3.45801e+9 
        4078.85      3.43643e+9 
        4082.28      3.41199e+9 
        4082.56      3.41014e+9 
           4084       3.4003e+9 
         4085.7      3.38836e+9 
        4088.84      3.36436e+9 
         4089.7      3.35783e+9 
        4093.69       3.3267e+9 
        4096.52      3.30681e+9 
        4097.68      3.29952e+9 
        4098.01      3.29754e+9 
        4098.68      3.29421e+9 
        4098.84      3.29343e+9 
        4099.68      3.28984e+9 
        4100.17      3.28824e+9 
        4100.67      3.28711e+9 
        4100.92      3.28683e+9 
        4101.17      3.28667e+9 
         4101.3      3.28664e+9 
        4101.42      3.28658e+9 
        4101.48      3.28655e+9 
        4101.55      3.28651e+9 
        4101.61      3.28642e+9 
        4101.67      3.28633e+9 
        4101.73      3.28617e+9 
         4101.8      3.28595e+9 
        4101.86      3.28573e+9 
        4101.92      3.28545e+9 
        4102.05      3.28482e+9 
         4102.3       3.2835e+9 
        4102.74      3.28136e+9 
        4102.79      3.28111e+9 
        4102.85      3.28095e+9 
        4102.94      3.28061e+9 
        4103.15      3.27992e+9 
         4103.3      3.27941e+9 
        4103.55      3.27872e+9 
        4103.79      3.27819e+9 
        4104.29      3.27731e+9 
        4104.78      3.27693e+9 
        4105.29      3.27652e+9 
        4105.79      3.27656e+9 
        4106.79      3.27696e+9 
        4108.68      3.27957e+9 
        4108.76      3.27967e+9 
         4108.8      3.27973e+9 
        4108.84      3.27979e+9 
        4108.86      3.27979e+9 
           4109      3.27998e+9 
        4109.32      3.28029e+9 
        4109.78      3.28092e+9 
         4110.7      3.28293e+9 
        4111.32      3.28438e+9 
        4112.55      3.28689e+9 
        4113.77      3.28906e+9 
        4114.69      3.29082e+9 
        4116.23      3.29387e+9 
        4116.69      3.29471e+9 
        4117.77      3.29638e+9 
        4118.13      3.29682e+9 
        4118.84       3.2976e+9 
        4120.98      3.29993e+9 
        4123.84      3.30376e+9 
        4126.14      3.30555e+9 
        4128.84      3.30612e+9 
         4129.6      3.30656e+9 
        4131.53      3.30709e+9 
        4133.83      3.30747e+9 
        4134.22      3.30769e+9 
        4138.83      3.30769e+9 
        4143.83      3.30389e+9 
        4148.83      3.30012e+9 
        4153.83      3.29399e+9 
        4158.83      3.28595e+9 
        4163.83      3.27646e+9 
        4168.82      3.26594e+9 
        4173.82      3.25504e+9 
        4178.82      3.24347e+9 
        4183.82      3.23129e+9 
        4188.82      3.21872e+9 
        4193.82      3.20584e+9 
        4198.82      3.19277e+9 
        4203.81      3.17945e+9 
        4208.81      3.16597e+9 
        4213.81      3.15234e+9 
        4216.52      3.14483e+9 
        4217.24      3.14285e+9 
        4218.81       3.1385e+9 
         4221.1      3.13211e+9 
        4223.81      3.12448e+9 
        4224.95      3.12125e+9 
        4228.81      3.11027e+9 
        4233.81      3.09584e+9 
        4238.81      3.08099e+9 
        4243.81      3.06577e+9 
         4248.8       3.0501e+9 
         4253.8      3.03399e+9 
         4258.8      3.01716e+9 
         4263.8      2.99941e+9 
         4268.8      2.98046e+9 
         4273.8      2.96031e+9 
         4278.8      2.93985e+9 
        4283.79      2.91768e+9 
        4288.79      2.89356e+9 
        4293.79      2.86698e+9 
        4298.79      2.83838e+9 
        4303.79      2.81097e+9 
        4308.79      2.77946e+9 
        4313.79      2.74503e+9 
        4314.07      2.74323e+9 
        4318.78      2.71007e+9 
        4320.85      2.69308e+9 
         4323.5      2.67297e+9 
        4326.14      2.65096e+9 
        4326.48      2.64792e+9 
        4328.78      2.62737e+9 
        4330.23       2.6155e+9 
        4331.09       2.6075e+9 
        4331.15      2.60691e+9 
        4331.95      2.59958e+9 
        4333.66      2.58391e+9 
        4334.06      2.58007e+9 
        4336.17      2.55891e+9 
        4337.79      2.53967e+9 
        4338.22      2.53406e+9 
        4338.28      2.53306e+9 
        4338.78      2.52503e+9 
        4338.81      2.52454e+9 
        4339.34      2.51516e+9 
         4339.6      2.50967e+9 
        4339.87      2.50359e+9 
           4340      2.50041e+9 
        4340.13      2.49729e+9 
         4340.2      2.49589e+9 
        4340.26      2.49495e+9 
        4340.33      2.49399e+9 
         4340.4      2.49332e+9 
        4340.46        2.493e+9 
        4340.53      2.49305e+9 
        4340.59      2.49344e+9 
        4340.66      2.49412e+9 
        4340.79      2.49594e+9 
        4341.01      2.50014e+9 
        4341.06       2.5011e+9 
         4341.1      2.50217e+9 
         4341.2      2.50404e+9 
        4341.23      2.50441e+9 
        4341.24      2.50458e+9 
         4341.4      2.50753e+9 
        4341.58      2.51045e+9 
        4341.94      2.51549e+9 
        4342.64      2.52383e+9 
        4343.33      2.53014e+9 
        4343.57      2.53219e+9 
        4344.04      2.53552e+9 
        4344.75      2.54057e+9 
        4346.17      2.54849e+9 
        4348.58      2.56059e+9 
        4348.78      2.56164e+9 
        4348.98      2.56265e+9 
        4349.37      2.56453e+9 
        4350.17      2.56847e+9 
        4350.32      2.56921e+9 
        4351.76      2.57502e+9 
         4353.2      2.57995e+9 
        4354.73      2.58755e+9 
        4356.08      2.59306e+9 
        4356.08      2.59307e+9 
        4357.43      2.59757e+9 
        4358.77      2.60193e+9 
        4359.17      2.60306e+9 
        4361.47      2.61035e+9 
        4363.77      2.61716e+9 
        4367.98      2.62568e+9 
        4368.38      2.62665e+9 
        4368.52        2.627e+9 
        4368.77      2.62758e+9 
        4369.56      2.62931e+9 
        4371.15      2.63231e+9 
        4373.77      2.63696e+9 
        4378.77      2.64255e+9 
        4383.77      2.64507e+9 
        4388.77      2.64868e+9 
        4393.77      2.64958e+9 
        4398.76        2.648e+9 
        4403.76      2.64479e+9 
        4408.76      2.64016e+9 
        4413.76      2.63522e+9 
        4418.76      2.62895e+9 
        4423.76      2.62169e+9 
        4428.76      2.61367e+9 
        4433.75      2.60512e+9 
        4438.75      2.59618e+9 
        4443.75       2.5869e+9 
        4448.75      2.57732e+9 
        4453.75      2.56748e+9 
        4458.75      2.55751e+9 
        4463.75      2.54745e+9 
        4468.74      2.53732e+9 
        4473.74      2.52713e+9 
        4478.74      2.51692e+9 
        4483.74      2.50669e+9 
        4488.74      2.49646e+9 
        4493.74      2.48623e+9 
        4498.74      2.47601e+9 
        4503.74      2.46581e+9 
        4508.73      2.45564e+9 
        4513.73      2.44548e+9 
        4514.12       2.4447e+9 
        4518.73      2.43535e+9 
        4523.35      2.42603e+9 
        4527.19      2.41828e+9 
        4527.96      2.41674e+9 
        4528.73      2.41519e+9 
        4530.27       2.4121e+9 
        4532.97      2.40668e+9 
        4533.29      2.40604e+9 
        4533.35      2.40592e+9 
        4533.73      2.40516e+9 
        4534.49      2.40364e+9 
        4536.01       2.4006e+9 
        4538.73      2.39517e+9 
        4543.73      2.38521e+9 
        4548.72      2.37529e+9 
        4553.72      2.36542e+9 
        4558.72      2.35558e+9 
        4563.72      2.34578e+9 
        4568.72      2.33602e+9 
        4573.72      2.32631e+9 
        4578.72      2.31663e+9 
        4583.72        2.307e+9 
        4588.71      2.29741e+9 
        4593.71      2.28786e+9 
        4596.53      2.28249e+9 
        4596.98      2.28163e+9 
        4598.71      2.27834e+9 
        4600.89      2.27421e+9 
        4603.71       2.2689e+9 
         4604.8      2.26684e+9 
        4608.71      2.25946e+9 
        4613.71      2.25007e+9 
         4618.7      2.24072e+9 
         4623.7       2.2314e+9 
         4628.7      2.22213e+9 
         4633.7      2.21289e+9 
         4638.7      2.20368e+9 
         4643.7      2.19451e+9 
         4648.7      2.18537e+9 
         4653.7      2.17627e+9 
        4658.69       2.1672e+9 
        4663.69      2.15815e+9 
        4668.69      2.14913e+9 
        4673.69      2.14013e+9 
        4678.69      2.13115e+9 
        4683.69       2.1222e+9 
        4688.69      2.11325e+9 
        4693.69       2.1043e+9 
        4698.68      2.09534e+9 
        4703.68      2.08636e+9 
        4708.68      2.07737e+9 
        4713.68      2.06836e+9 
         4715.6      2.06488e+9 
        4718.68      2.05931e+9 
        4720.98      2.05513e+9 
        4721.76      2.05373e+9 
        4723.68      2.05022e+9 
        4724.83      2.04812e+9 
        4728.68      2.04106e+9 
        4733.68      2.03183e+9 
        4738.67      2.02249e+9 
        4743.67      2.01307e+9 
        4748.67      2.00348e+9 
        4753.67       1.9937e+9 
        4758.67      1.98386e+9 
        4763.67       1.9738e+9 
        4768.67      1.96344e+9 
        4773.66       1.9528e+9 
        4778.66      1.94175e+9 
        4783.66      1.93018e+9 
        4788.66      1.91799e+9 
        4793.66      1.90503e+9 
        4798.66      1.89168e+9 
        4803.66      1.87733e+9 
        4808.65      1.86194e+9 
        4813.65      1.84516e+9 
        4818.65      1.82681e+9 
        4823.65      1.80791e+9 
        4828.65      1.78684e+9 
        4833.65      1.76318e+9 
        4834.97      1.75667e+9 
        4838.65      1.73811e+9 
        4839.16      1.73532e+9 
        4842.32       1.7173e+9 
        4845.48      1.69867e+9 
         4845.5      1.69855e+9 
        4847.05      1.68882e+9 
        4848.64      1.67795e+9 
        4851.78      1.65745e+9 
        4854.39      1.63897e+9 
        4856.52      1.62283e+9 
         4858.4      1.60801e+9 
        4858.64      1.60589e+9 
        4858.66      1.60572e+9 
        4858.88      1.60381e+9 
        4859.36      1.60052e+9 
        4859.47      1.59975e+9 
        4860.06      1.59667e+9 
        4860.36      1.59639e+9 
        4860.66      1.59815e+9 
        4860.81       1.6004e+9 
        4860.95      1.60352e+9 
        4861.03      1.60508e+9 
         4861.1      1.60662e+9 
        4861.18      1.60786e+9 
        4861.25      1.60863e+9 
        4861.32      1.60885e+9 
         4861.4      1.60845e+9 
        4861.47      1.60749e+9 
        4861.54      1.60609e+9 
        4861.64      1.60379e+9 
        4861.69      1.60272e+9 
        4861.69      1.60268e+9 
        4861.69      1.60262e+9 
        4861.69      1.60252e+9 
        4861.74      1.60137e+9 
        4861.84      1.59911e+9 
        4861.98      1.59669e+9 
        4861.99      1.59655e+9 
        4862.28      1.59411e+9 
        4862.58      1.59365e+9 
         4862.6      1.59369e+9 
        4863.18      1.59534e+9 
        4863.73      1.59769e+9 
        4863.76      1.59793e+9 
        4864.93      1.60441e+9 
        4866.13      1.61112e+9 
        4868.41      1.62264e+9 
        4868.53      1.62312e+9 
        4868.64      1.62358e+9 
        4868.86      1.62448e+9 
        4869.32      1.62633e+9 
        4869.58      1.62771e+9 
        4870.22      1.63082e+9 
        4870.86      1.63375e+9 
        4872.13      1.63906e+9 
        4874.62      1.64881e+9 
        4874.69      1.64907e+9 
        4874.75      1.64933e+9 
        4874.87      1.64985e+9 
        4875.12      1.65086e+9 
        4875.61      1.65283e+9 
        4876.61       1.6565e+9 
        4878.45      1.66252e+9 
        4878.54      1.66283e+9 
        4878.59      1.66299e+9 
        4878.64      1.66314e+9 
        4878.82      1.66376e+9 
        4879.19      1.66496e+9 
        4879.53      1.66604e+9 
        4879.92      1.66728e+9 
        4880.32      1.66849e+9 
        4880.94       1.6703e+9 
        4881.12      1.67081e+9 
        4882.71      1.67565e+9 
        4884.48      1.68042e+9 
         4887.4      1.68697e+9 
        4888.02      1.68817e+9 
        4888.63      1.68949e+9 
        4889.87      1.69216e+9 
        4891.06      1.69453e+9 
        4892.35      1.69689e+9 
        4893.63       1.6991e+9 
        4893.78      1.69933e+9 
         4896.2      1.70295e+9 
        4898.63      1.70593e+9 
        4903.34      1.71023e+9 
        4903.48      1.71033e+9 
        4903.63      1.71043e+9 
        4903.92      1.71063e+9 
         4904.5      1.71112e+9 
        4905.66      1.71208e+9 
        4907.33      1.71326e+9 
        4907.98      1.71367e+9 
        4908.63      1.71404e+9 
        4909.93      1.71471e+9 
        4911.43      1.71534e+9 
        4912.53      1.71575e+9 
        4913.01       1.7159e+9 
        4913.63      1.71607e+9 
        4915.55      1.71646e+9 
        4915.82      1.71649e+9 
        4918.24      1.71665e+9 
        4918.63      1.71664e+9 
         4921.7      1.71643e+9 
        4923.62       1.7161e+9 
        4925.16      1.71573e+9 
        4928.62      1.71455e+9 
        4933.62      1.71249e+9 
        4938.62      1.70968e+9 
        4943.62      1.70626e+9 
        4948.62      1.70234e+9 
        4953.62      1.69801e+9 
        4958.61       1.6934e+9 
        4963.61      1.68851e+9 
        4968.61      1.68339e+9 
        4973.61       1.6782e+9 
        4978.61      1.67283e+9 
        4983.61      1.66732e+9 
        4988.61       1.6617e+9 
        4993.61      1.65602e+9 
         4998.6      1.65025e+9 
         5003.6      1.64443e+9 
         5008.6      1.63856e+9 
         5013.6      1.63267e+9 
         5018.6      1.62675e+9 
         5023.6      1.62082e+9 
         5028.6      1.61488e+9 
         5033.6      1.60892e+9 
        5038.59      1.60296e+9 
        5043.59        1.597e+9 
        5048.59      1.59106e+9 
        5053.59      1.58513e+9 
        5058.59      1.57921e+9 
        5063.59      1.57331e+9 
        5068.59      1.56742e+9 
        5073.58      1.56155e+9 
        5078.58       1.5557e+9 
        5083.58      1.54987e+9 
        5088.58      1.54407e+9 
        5093.58      1.53828e+9 
        5098.58      1.53252e+9 
        5103.58      1.52678e+9 
        5108.57      1.52106e+9 
        5113.57      1.51537e+9 
        5118.57       1.5097e+9 
        5123.57      1.50406e+9 
        5128.57      1.49843e+9 
        5133.57      1.49283e+9 
        5138.57      1.48726e+9 
        5143.57      1.48171e+9 
        5148.56      1.47618e+9 
        5153.56      1.47068e+9 
        5158.56       1.4652e+9 
        5163.56      1.45975e+9 
        5168.56      1.45432e+9 
        5173.56      1.44892e+9 
        5178.56      1.44353e+9 
        5183.56      1.43818e+9 
        5188.55      1.43285e+9 
        5193.55      1.42754e+9 
        5198.55      1.42225e+9 
        5203.55      1.41699e+9 
        5208.55      1.41175e+9 
        5213.55      1.40654e+9 
        5218.55      1.40135e+9 
        5223.54      1.39618e+9 
        5228.54      1.39103e+9 
        5233.54      1.38591e+9 
        5238.54      1.38082e+9 
        5243.54      1.37574e+9 
        5248.54      1.37069e+9 
        5253.54      1.36566e+9 
        5258.53      1.36066e+9 
        5263.53      1.35567e+9 
        5268.53      1.35071e+9 
        5273.53      1.34577e+9 
        5278.53      1.34086e+9 
        5283.53      1.33596e+9 
        5288.53      1.33109e+9 
        5293.52      1.32624e+9 
        5298.52      1.32141e+9 
        5303.52      1.31661e+9 
        5308.52      1.31182e+9 
        5313.52      1.30706e+9 
        5318.52      1.30232e+9 
        5323.52       1.2976e+9 
        5328.52       1.2929e+9 
        5333.52      1.28822e+9 
        5338.51      1.28356e+9 
        5343.51      1.27892e+9 
        5348.51      1.27431e+9 
        5353.51      1.26971e+9 
        5358.51      1.26514e+9 
        5363.51      1.26065e+9 
        5368.51      1.25612e+9 
         5373.5       1.2516e+9 
         5378.5      1.24711e+9 
         5383.5      1.24263e+9 
         5388.5      1.23817e+9 
         5393.5      1.23374e+9 
         5398.5      1.22932e+9 
         5403.5      1.22493e+9 
        5408.49      1.22055e+9 
        5413.49       1.2162e+9 
        5418.49      1.21186e+9 
        5423.49      1.20754e+9 
        5428.49      1.20324e+9 
        5433.49      1.19896e+9 
        5438.49       1.1947e+9 
        5443.48      1.19046e+9 
        5448.48      1.18624e+9 
        5453.48      1.18203e+9 
        5458.48      1.17785e+9 
        5463.48      1.17368e+9 
        5468.48      1.16953e+9 
        5473.48      1.16541e+9 
        5478.48      1.16129e+9 
        5483.48       1.1572e+9 
        5488.47      1.15312e+9 
        5493.47      1.14907e+9 
        5498.47      1.14503e+9 
        5503.47        1.141e+9 
        5508.47        1.137e+9 
        5513.47      1.13301e+9 
        5518.47      1.12904e+9 
        5523.46      1.12509e+9 
        5528.46      1.12116e+9 
        5533.46      1.11724e+9 
        5538.46      1.11334e+9 
        5543.46      1.10945e+9 
        5548.46      1.10559e+9 
        5553.46      1.10174e+9 
        5558.45       1.0979e+9 
        5563.45      1.09409e+9 
        5568.45      1.09029e+9 
        5573.45       1.0865e+9 
        5578.45      1.08274e+9 
        5583.45      1.07899e+9 
        5588.45      1.07525e+9 
        5593.44      1.07153e+9 
        5598.44      1.06783e+9 
        5603.44      1.06415e+9 
        5608.44      1.06048e+9 
        5613.44      1.05682e+9 
        5618.44      1.05318e+9 
        5623.44      1.04956e+9 
        5628.44      1.04595e+9 
        5633.43      1.04236e+9 
        5638.43      1.03878e+9 
        5643.43      1.03522e+9 
        5648.43      1.03168e+9 
        5653.43      1.02815e+9 
        5658.43      1.02463e+9 
        5663.43      1.02113e+9 
        5668.43      1.01776e+9 
        5673.42      1.01429e+9 
        5673.98      1.01391e+9 
        5678.42      1.01083e+9 
        5682.86      1.00777e+9 
         5686.2      1.00548e+9 
        5687.31      1.00472e+9 
        5687.86      1.00434e+9 
        5688.42      1.00396e+9 
        5690.64      1.00244e+9 
        5693.42      1.00054e+9 
        5698.42      9.97145e+8 
        5703.41      9.93761e+8 
        5704.77      9.92847e+8 
        5708.41       9.9039e+8 
        5708.88      9.90076e+8 
        5712.06      9.87943e+8 
        5713.41      9.87032e+8 
        5715.23      9.85813e+8 
        5718.41      9.83692e+8 
        5723.41      9.80362e+8 
        5728.41      9.77048e+8 
        5733.41      9.73749e+8 
        5738.41      9.70463e+8 
         5743.4       9.6719e+8 
         5748.4      9.63932e+8 
         5753.4      9.60686e+8 
         5758.4      9.57457e+8 
         5763.4      9.54202e+8 
         5768.4      9.50998e+8 
         5773.4      9.47806e+8 
         5778.4       9.4463e+8 
        5783.39      9.41466e+8 
        5788.39      9.38315e+8 
        5793.39      9.35177e+8 
        5798.39      9.32054e+8 
        5803.39      9.28941e+8 
        5808.39      9.25843e+8 
        5813.39      9.22758e+8 
        5818.39      9.19686e+8 
        5823.38      9.16626e+8 
        5828.38      9.13578e+8 
        5833.38      9.10544e+8 
        5838.38      9.07521e+8 
        5843.38      9.04512e+8 
        5848.38      9.01515e+8 
        5853.38       8.9853e+8 
        5858.37      8.95558e+8 
        5863.37      8.92599e+8 
        5868.37      8.89649e+8 
        5873.37      8.86715e+8 
        5878.37       8.8379e+8 
        5883.37      8.80877e+8 
        5888.37      8.77978e+8 
        5893.36      8.75091e+8 
        5898.36      8.72216e+8 
        5903.36      8.69351e+8 
        5908.36      8.66498e+8 
        5913.36      8.63658e+8 
        5918.36      8.60828e+8 
        5923.36       8.5801e+8 
        5928.35      8.55204e+8 
        5933.35      8.52408e+8 
        5938.35      8.49625e+8 
        5943.35      8.46854e+8 
        5948.35      8.44093e+8 
        5953.35      8.41344e+8 
        5958.35      8.38604e+8 
        5963.35      8.35877e+8 
        5968.34       8.3316e+8 
        5973.34      8.30455e+8 
        5978.34      8.27763e+8 
        5983.34      8.25076e+8 
        5988.34      8.22406e+8 
        5993.34      8.19742e+8 
        5998.34      8.17091e+8 
        6003.34      8.14452e+8 
        6008.33      8.11822e+8 
        6013.33      8.09205e+8 
        6018.33      8.06594e+8 
        6023.33         8.04e+8 
        6028.33      8.01411e+8 
        6033.33      7.98835e+8 
        6038.32      7.96268e+8 
        6043.32      7.93711e+8 
        6048.32      7.91163e+8 
        6053.32      7.88628e+8 
        6058.32      7.86102e+8 
        6063.32      7.83585e+8 
        6068.32      7.81078e+8 
        6073.32      7.78584e+8 
        6078.31      7.76096e+8 
        6083.31       7.7362e+8 
        6088.31      7.71151e+8 
        6093.31      7.68694e+8 
        6098.31      7.66247e+8 
        6103.31      7.63809e+8 
        6108.31      7.61381e+8 
        6113.31      7.58962e+8 
         6118.3      7.56549e+8 
         6123.3      7.54149e+8 
         6128.3      7.51758e+8 
         6133.3      7.49377e+8 
         6138.3      7.47002e+8 
         6143.3      7.44639e+8 
         6148.3      7.42286e+8 
        6153.29      7.39939e+8 
        6158.29      7.37602e+8 
        6163.29      7.35277e+8 
        6168.29      7.32956e+8 
        6173.29      7.30646e+8 
        6178.29      7.28347e+8 
        6183.29      7.26053e+8 
        6188.28       7.2377e+8 
        6193.28      7.21492e+8 
        6198.28      7.19227e+8 
        6203.28      7.16968e+8 
        6208.28      7.14719e+8 
        6213.28      7.12476e+8 
        6218.28      7.10242e+8 
        6223.28      7.08014e+8 
        6228.27      7.05796e+8 
        6233.27      7.03588e+8 
        6238.27      7.01386e+8 
        6243.27       6.9919e+8 
        6244.38      6.98703e+8 
        6248.27      6.97003e+8 
        6252.16      6.95307e+8 
        6253.82      6.94584e+8 
        6256.04      6.93617e+8 
        6258.27      6.92655e+8 
        6262.16      6.90971e+8 
        6262.71      6.90729e+8 
        6263.27      6.90491e+8 
        6264.37      6.90013e+8 
        6264.91      6.89781e+8 
        6266.59      6.89058e+8 
        6268.26      6.88336e+8 
        6269.97      6.87604e+8 
        6271.61      6.86894e+8 
        6273.26      6.86187e+8 
        6274.85      6.85505e+8 
        6276.56      6.84776e+8 
        6278.26      6.84047e+8 
        6280.08      6.83271e+8 
        6281.67      6.82593e+8 
        6283.26      6.81911e+8 
        6284.63       6.8133e+8 
        6286.44      6.80557e+8 
        6288.26      6.79784e+8 
        6290.52      6.78823e+8 
        6291.89      6.78245e+8 
        6293.26      6.77664e+8 
        6293.73      6.77466e+8 
        6295.99      6.76507e+8 
        6298.26      6.75552e+8 
        6302.31      6.73846e+8 
        6302.78      6.73649e+8 
        6303.25      6.73451e+8 
        6303.92      6.73171e+8 
         6304.2      6.73052e+8 
        6306.09       6.7226e+8 
        6308.25      6.71352e+8 
        6311.92      6.69816e+8 
        6312.59      6.69536e+8 
        6313.25       6.6926e+8 
        6314.58      6.68707e+8 
        6316.22      6.68022e+8 
        6317.23      6.67598e+8 
        6317.31      6.67563e+8 
        6318.25      6.67174e+8 
        6320.28      6.66329e+8 
        6323.25      6.65094e+8 
        6328.25      6.63021e+8 
        6333.25      6.60953e+8 
        6338.24      6.58893e+8 
        6343.24      6.56835e+8 
        6348.24      6.54783e+8 
        6353.24      6.52735e+8 
        6358.24      6.50693e+8 
        6363.24      6.48651e+8 
        6368.24      6.46615e+8 
        6373.23      6.44583e+8 
        6378.23      6.42553e+8 
        6383.23      6.40524e+8 
        6388.23      6.38494e+8 
        6393.23      6.36468e+8 
        6398.23      6.34438e+8 
        6403.23      6.32406e+8 
        6408.23       6.3037e+8 
        6413.22      6.28328e+8 
        6418.22      6.26283e+8 
        6423.22      6.24225e+8 
        6428.22      6.22161e+8 
        6433.22      6.20081e+8 
        6438.22      6.17986e+8 
        6443.22      6.15865e+8 
        6448.22       6.1372e+8 
        6453.21      6.11546e+8 
        6458.21      6.09334e+8 
        6463.21      6.07081e+8 
        6468.21      6.04775e+8 
        6473.21      6.02407e+8 
        6478.21      5.99963e+8 
         6483.2      5.97424e+8 
         6488.2      5.94791e+8 
         6493.2      5.92033e+8 
         6498.2      5.89121e+8 
         6503.2      5.86023e+8 
         6508.2      5.82709e+8 
         6513.2      5.79134e+8 
         6518.2      5.75226e+8 
        6523.19      5.70969e+8 
        6523.72      5.70501e+8 
        6528.19      5.66294e+8 
        6532.67      5.61667e+8 
         6536.1      5.57796e+8 
        6537.14       5.5658e+8 
        6537.38      5.56298e+8 
        6538.19       5.5533e+8 
        6540.29      5.52732e+8 
        6543.19      5.48883e+8 
        6546.46      5.44281e+8 
        6546.72      5.43895e+8 
        6548.19      5.41711e+8 
        6549.92      5.38984e+8 
        6553.11      5.33885e+8 
        6554.43      5.31567e+8 
        6556.31      5.28014e+8 
        6556.87      5.26795e+8 
         6557.9      5.24536e+8 
        6558.19      5.23857e+8 
         6558.7      5.22494e+8 
         6559.5      5.20078e+8 
         6560.3      5.17002e+8 
         6560.7      5.14945e+8 
         6561.1      5.12083e+8 
        6561.49      5.08231e+8 
        6561.85      5.03016e+8 
         6561.9      5.02102e+8 
        6561.94      5.01134e+8 
        6562.05      4.99133e+8 
         6562.1      4.98068e+8 
         6562.2       4.9601e+8 
        6562.24      4.94939e+8 
        6562.29      4.93805e+8 
        6562.44      4.91169e+8 
        6562.49      4.90481e+8 
        6562.49      4.90431e+8 
        6562.49      4.90384e+8 
        6562.54      4.89755e+8 
        6562.59      4.89165e+8 
        6562.69      4.88436e+8 
        6562.79      4.88156e+8 
        6562.89      4.88376e+8 
        6562.99      4.89055e+8 
        6563.09      4.90214e+8 
        6563.29        4.935e+8 
        6563.49      4.97716e+8 
        6563.64       5.0065e+8 
        6563.69      5.01518e+8 
        6563.69      5.01552e+8 
        6563.69      5.01587e+8 
        6563.74      5.02473e+8 
        6563.84      5.04144e+8 
        6564.04      5.06865e+8 
        6564.29      5.09573e+8 
        6564.39      5.10377e+8 
        6564.44      5.10744e+8 
        6564.49      5.11093e+8 
        6564.69      5.12501e+8 
        6565.08      5.14643e+8 
        6565.64      5.16786e+8 
        6565.86      5.17502e+8 
        6566.09      5.18124e+8 
        6566.54      5.19211e+8 
        6566.69      5.19594e+8 
        6567.09       5.2049e+8 
        6567.44      5.21168e+8 
        6568.18      5.22441e+8 
        6569.28      5.24109e+8 
        6570.48      5.25673e+8 
        6571.48       5.2688e+8 
        6572.47      5.28001e+8 
        6573.27      5.28831e+8 
        6574.47      5.29984e+8 
        6575.67      5.31089e+8 
        6577.95      5.33197e+8 
        6578.06      5.33295e+8 
        6578.18      5.33392e+8 
        6578.41      5.33587e+8 
        6578.87      5.33964e+8 
        6579.79      5.34699e+8 
        6580.08      5.34928e+8 
        6581.63       5.3611e+8 
        6583.18      5.37209e+8 
        6584.38      5.38017e+8 
        6586.28      5.39192e+8 
        6587.91      5.40099e+8 
        6588.18      5.40241e+8 
        6588.44      5.40379e+8 
        6588.98      5.40646e+8 
        6590.04      5.41164e+8 
        6591.02      5.41639e+8 
        6592.17      5.42154e+8 
        6593.01      5.42518e+8 
        6593.31      5.42641e+8 
        6595.59      5.43499e+8 
        6598.17      5.44319e+8 
        6603.34      5.45547e+8 
        6613.66      5.46716e+8 
        6623.98      5.46533e+8 
         6634.3       5.4544e+8 
        6654.94      5.41611e+8 
        6675.58      5.36597e+8 
        6680.98       5.3518e+8 
        6696.23      5.31027e+8 
        6711.48      5.26738e+8 
        6741.98      5.18002e+8 
        6781.19      5.06755e+8 
        6802.98      5.00569e+8 
        6824.78      4.94449e+8 
        6868.37      4.82445e+8 
        6955.56      4.59417e+8 
        6976.35       4.5412e+8 
        7042.75      4.37693e+8 
        7109.15      4.21991e+8 
        7175.54      4.06984e+8 
        7241.94      3.92636e+8 
        7308.33      3.78917e+8 
        7355.95      3.69442e+8 
        7374.73      3.65791e+8 
        7393.51      3.62182e+8 
        7431.08      3.55094e+8 
        7506.22      3.41428e+8 
        7581.35      3.28416e+8 
         7635.1      3.19487e+8 
        7656.49      3.16019e+8 
        7677.88      3.12597e+8 
        7720.67      3.05891e+8 
        7806.23       2.9301e+8 
        7821.36      2.90804e+8 
         7891.8        2.808e+8 
        7962.25      2.71222e+8 
        7982.84        2.685e+8 
        8032.69       2.6205e+8 
        8082.55      2.55792e+8 
        8161.68      2.46239e+8 
        8182.26      2.43827e+8 
        8200.85      2.41674e+8 
        8202.85      2.41444e+8 
        8204.85      2.41214e+8 
        8208.85      2.40755e+8 
        8216.85      2.39841e+8 
        8232.84      2.38025e+8 
        8264.83      2.34444e+8 
        8289.72      2.31706e+8 
        8328.82      2.27483e+8 
        8343.44      2.25929e+8 
        8367.92      2.23357e+8 
        8371.47      2.22986e+8 
        8388.68      2.21202e+8 
        8392.39      2.20821e+8 
        8408.65      2.19156e+8 
        8413.32      2.18681e+8 
        8432.02      2.16791e+8 
        8437.95      2.16196e+8 
        8467.25      2.13285e+8 
        8473.98      2.12624e+8 
        8502.48      2.09851e+8 
        8516.58      2.08495e+8 
        8530.98      2.07122e+8 
        8545.38      2.05761e+8 
        8549.97      2.05329e+8 
        8574.18      2.03072e+8 
        8598.39      2.00845e+8 
         8628.6       1.9811e+8 
        8646.81      1.96483e+8 
        8652.39      1.95988e+8 
        8665.01      1.94873e+8 
        8685.59      1.93074e+8 
        8701.43      1.91703e+8 
        8750.47      1.87532e+8 
        8767.92      1.86076e+8 
        8815.35      1.82188e+8 
        8862.78      1.78406e+8 
        8900.38       1.7548e+8 
        8957.65      1.71127e+8 
        9014.91      1.66907e+8 
        9044.62      1.64776e+8 
        9072.17       1.6283e+8 
        9099.72       1.6091e+8 
        9154.81      1.57154e+8 
         9190.8      1.54751e+8 
         9209.9      1.53494e+8 
        9229.01      1.52254e+8 
        9267.22      1.49815e+8 
         9303.2      1.47581e+8 
        9343.64      1.45109e+8 
        9384.08      1.42674e+8 
        9464.96      1.37916e+8 
        9545.72      1.33292e+8 
        9545.84      1.33286e+8 
        9545.97      1.33279e+8 
        9546.21      1.33266e+8 
        9546.69       1.3324e+8 
        9546.87      1.33231e+8 
        9547.66      1.33188e+8 
        9549.59      1.33068e+8 
        9553.47      1.32866e+8 
        9561.21      1.32464e+8 
        9576.69      1.31666e+8 
        9607.66      1.30075e+8 
        9668.45      1.26986e+8 
        9729.24       1.2395e+8 
        9790.04       1.2097e+8 
        9850.83      1.18045e+8 
        9870.42      1.17108e+8 
        9911.62      1.15132e+8 
        9952.82      1.13164e+8 
        10021.1      1.09906e+8 
        10035.2       1.0925e+8 
        10049.4      1.08651e+8 
        10077.7      1.07526e+8 
        10134.2      1.05444e+8 
        10144.5      1.05065e+8 
        10190.8      1.03344e+8 
        10237.2      1.01615e+8 
        10329.9      9.81729e+7 
        10422.6      9.48268e+7 
        10515.3      9.15601e+7 
          10608      8.84371e+7 
        10700.7      8.53643e+7 
        10793.4      8.22617e+7 
        10834.1      8.08734e+7 
        10886.1      7.90488e+7 
        10912.1      7.80777e+7 
        10925.1      7.75395e+7 
        10931.6      7.72339e+7 
        10938.1      7.68763e+7 
        10944.6      7.68779e+7 
        10951.1      7.68264e+7 
        10957.6      7.67447e+7 
        10964.1       7.6647e+7 
        10970.6      7.65383e+7 
        10977.1      7.64205e+7 
        10983.6      7.63033e+7 
        10990.1      7.61761e+7 
        11003.1      7.59169e+7 
          11029      7.53721e+7 
          11081       7.4227e+7 
          11133      7.30263e+7 
          11185      7.18055e+7 
          11213      7.11357e+7 
          11237      7.05643e+7 
        11260.9      6.99931e+7 
        11308.8      6.88559e+7 
        11404.6      6.66304e+7 
        11500.4       6.4495e+7 
        11596.1      6.24256e+7 
        11691.9      6.04389e+7 
        11787.7      5.85304e+7 
        11883.5      5.66966e+7 
        11979.3      5.49342e+7 
          12075      5.32293e+7 
        12170.8      5.15953e+7 
        12248.5      5.03123e+7 
        12266.6      5.00198e+7 
        12284.6      4.97292e+7 
        12320.7       4.9153e+7 
        12392.9      4.80192e+7 
          12465      4.69065e+7 
        12537.2      4.58013e+7 
        12609.4       4.4681e+7 
        12681.5      4.34947e+7 
        12689.3      4.33565e+7 
        12753.7      4.21322e+7 
        12785.9      4.14068e+7 
        12818.1      4.10609e+7 
        12834.2      4.06349e+7 
        12850.3      4.06057e+7 
        12866.4      4.05702e+7 
        12882.5      4.05143e+7 
        12914.7      4.03302e+7 
        12946.9      4.00792e+7 
          12979      3.97946e+7 
        13043.4      3.91471e+7 
        13107.8      3.84547e+7 
        13172.2      3.77509e+7 
        13236.6      3.70491e+7 
        13293.7      3.64349e+7 
          13301      3.63564e+7 
        13308.4      3.62782e+7 
          13323      3.61223e+7 
        13352.4      3.58123e+7 
        13411.2      3.52009e+7 
          13470      3.46015e+7 
        13528.7       3.4014e+7 
        13587.5      3.34385e+7 
        13646.3      3.28777e+7 
          13705      3.23251e+7 
        13763.8      3.17841e+7 
        13822.6      3.12545e+7 
        13881.3      3.07359e+7 
        13940.1      3.02279e+7 
        13998.9      2.97304e+7 
        14057.7      2.92431e+7 
        14116.4      2.87657e+7 
        14175.2      2.82981e+7 
          14234      2.78398e+7 
        14253.4      2.76904e+7 
        14292.7      2.73909e+7 
        14332.1      2.70954e+7 
        14363.9      2.68595e+7 
        14410.7      2.65161e+7 
        14457.6      2.61782e+7 
        14519.6      2.57397e+7 
        14551.4      2.55184e+7 
        14581.2      2.53132e+7 
        14583.2      2.52995e+7 
        14585.2      2.52859e+7 
        14589.2      2.52585e+7 
        14597.2      2.52039e+7 
        14613.2      2.50952e+7 
        14645.2      2.48794e+7 
        14709.2      2.44549e+7 
        14773.2      2.40394e+7 
        14837.1      2.36326e+7 
        14901.1      2.32345e+7 
        14965.1      2.28447e+7 
        15029.1       2.2463e+7 
        15093.1      2.20893e+7 
        15157.1      2.17233e+7 
          15221      2.13648e+7 
          15285      2.10138e+7 
          15349      2.06699e+7 
          15413       2.0333e+7 
        15471.6      2.00305e+7 
          15477      2.00029e+7 
        15482.4      1.99754e+7 
        15493.1      1.99205e+7 
        15514.7      1.98113e+7 
        15557.9      1.95951e+7 
        15644.2      1.91714e+7 
        15730.5      1.87592e+7 
        15816.8      1.83579e+7 
        15903.1      1.79674e+7 
        15989.4      1.75871e+7 
        16075.8      1.72169e+7 
        16162.1      1.68564e+7 
        16248.4      1.65053e+7 
        16289.9      1.63397e+7 
        16334.7      1.61632e+7 
        16379.5      1.59891e+7 
        16469.1       1.5648e+7 
        16558.8      1.53159e+7 
        16648.4      1.49926e+7 
          16738      1.46778e+7 
        16827.7      1.43712e+7 
        16917.3      1.40726e+7 
        17006.9      1.37817e+7 
        17096.6      1.34982e+7 
        17186.2      1.32221e+7 
        17275.8      1.29529e+7 
        17327.7      1.28003e+7 
        17365.5      1.26906e+7 
        17403.2       1.2582e+7 
        17478.8      1.23684e+7 
        17554.3      1.21593e+7 
        17629.9      1.19547e+7 
        17705.4      1.17543e+7 
          17781      1.15581e+7 
        17856.5       1.1366e+7 
        17932.1      1.11778e+7 
        18007.6      1.09911e+7 
        18083.2        1.081e+7 
        18158.7      1.06322e+7 
        18234.3      1.04576e+7 
        18309.8      1.02857e+7 
        18343.7      1.02091e+7 
        18385.3      1.01156e+7 
          18427      1.00222e+7 
        18510.2      9.83287e+6 
        18593.4      9.63099e+6 
        18602.1      9.60825e+6 
        18639.3      9.50448e+6 
        18657.9      9.44711e+6 
        18676.6      9.38441e+6 
        18695.2      9.31291e+6 
        18704.5      9.27376e+6 
        18713.8      9.22742e+6 
        18723.2      9.17427e+6 
        18727.8      9.14291e+6 
        18732.5      9.10459e+6 
        18737.1      9.05705e+6 
        18739.5      9.02674e+6 
        18741.8      8.99033e+6 
        18744.1      8.94173e+6 
        18745.3      8.91091e+6 
        18746.5      8.87399e+6 
        18747.6      8.82665e+6 
        18748.8      8.75992e+6 
        18749.9      8.68273e+6 
        18750.5      8.65524e+6 
        18751.1      8.64525e+6 
        18751.7      8.65314e+6 
        18752.3      8.67852e+6 
        18752.9       8.7145e+6 
        18753.4      8.75141e+6 
        18754.6       8.8138e+6 
        18755.8      8.85675e+6 
        18756.9      8.88926e+6 
        18759.3      8.93673e+6 
        18761.6      8.97028e+6 
        18763.9      8.99403e+6 
        18768.6      9.02693e+6 
        18773.2      9.05033e+6 
        18777.9      9.06447e+6 
        18787.2      9.08307e+6 
        18805.8      9.09799e+6 
        18824.5      9.09654e+6 
        18861.7      9.07031e+6 
          18899      9.02677e+6 
        18973.5      8.91499e+6 
        19048.1       8.7897e+6 
        19122.6      8.66052e+6 
        19197.1      8.53115e+6 
        19271.6      8.40297e+6 
        19346.2      8.27662e+6 
        19390.7      8.20204e+6 
        19420.7      8.15228e+6 
        19450.7      8.10286e+6 
        19510.6      8.00506e+6 
        19570.6      7.90965e+6 
        19630.6      7.81449e+6 
        19690.5      7.72075e+6 
        19750.5      7.62838e+6 
        19810.4       7.5374e+6 
        19870.4      7.44781e+6 
        19930.4      7.35949e+6 
        19990.3      7.27254e+6 
        20050.3       7.1868e+6 
        20110.2      7.10236e+6 
        20170.2      7.01917e+6 
        20230.2      6.93717e+6 
        20290.1      6.85637e+6 
        20350.1      6.77673e+6 
        20410.1      6.69825e+6 
        20465.6       6.6265e+6 
          20470      6.62091e+6 
        20474.4      6.61528e+6 
        20483.2       6.6041e+6 
        20500.7      6.58179e+6 
        20535.7      6.53743e+6 
        20605.8      6.44985e+6 
        20675.8       6.3637e+6 
        20745.9      6.27904e+6 
          20816      6.19572e+6 
          20886      6.11382e+6 
        20956.1      6.03327e+6 
        21026.1      5.95401e+6 
        21096.2      5.87607e+6 
        21166.3      5.79938e+6 
        21236.3      5.72395e+6 
        21306.4      5.64975e+6 
        21376.5      5.57674e+6 
        21446.5      5.50492e+6 
        21516.6      5.43423e+6 
        21542.7      5.40819e+6 
        21586.7      5.36468e+6 
        21630.6      5.32161e+6 
        21718.5      5.23672e+6 
        21806.5      5.15353e+6 
        21894.4      5.07198e+6 
        21982.3      4.99205e+6 
        22070.2      4.91367e+6 
        22158.2      4.83683e+6 
        22246.1      4.76146e+6 
          22334       4.6876e+6 
        22421.9      4.61513e+6 
        22509.8      4.54406e+6 
        22597.8      4.47435e+6 
        22685.7      4.40599e+6 
        22760.4      4.34891e+6 
        22773.6      4.33892e+6 
        22784.8      4.33043e+6 
        22786.8      4.32893e+6 
        22788.8      4.32742e+6 
        22792.8      4.32443e+6 
        22800.8       4.3184e+6 
        22816.8       4.3064e+6 
        22848.8      4.28256e+6 
        22912.8      4.23531e+6 
        22976.8      4.18872e+6 
        23040.8      4.14276e+6 
        23104.8      4.09745e+6 
        23168.7      4.05272e+6 
        23232.7      4.00864e+6 
        23296.7      3.96513e+6 
        23360.7      3.92222e+6 
        23424.7       3.8799e+6 
        23488.6      3.83812e+6 
        23552.6      3.79693e+6 
        23616.6      3.75628e+6 
        23680.6      3.71616e+6 
        23744.6      3.67657e+6 
        23808.6      3.63752e+6 
        23872.5      3.59901e+6 
        23936.5        3.561e+6 
        24000.5      3.52345e+6 
        24064.5      3.48645e+6 
        24128.5      3.44988e+6 
        24192.5      3.41381e+6 
        24256.4      3.37822e+6 
        24320.4      3.34309e+6 
        24384.4      3.30841e+6 
        24448.4       3.2742e+6 
        24512.4       3.2404e+6 
        24576.3      3.20703e+6 
        24640.3      3.17411e+6 
        24704.3      3.14162e+6 
        24768.3      3.10953e+6 
        24832.3      3.07785e+6 
        24896.3      3.04657e+6 
        24960.2      3.01569e+6 
        25004.4      2.99458e+6 
        25024.2      2.98519e+6 
          25044      2.97584e+6 
        25083.6      2.95724e+6 
        25162.8      2.92049e+6 
        25241.9       2.8843e+6 
        25321.1      2.84867e+6 
        25400.2      2.81359e+6 
        25479.4      2.77905e+6 
        25558.5      2.74503e+6 
        25637.7      2.71153e+6 
        25716.9      2.67854e+6 
          25796      2.64625e+6 
        25875.2      2.61425e+6 
        25954.3      2.58274e+6 
        26033.5      2.55169e+6 
        26112.7      2.52111e+6 
        26191.8      2.49099e+6 
          26271      2.46131e+6 
        26350.1      2.43207e+6 
        26429.3      2.40327e+6 
        26508.4      2.37489e+6 
        26587.6      2.34693e+6 
        26666.8      2.31938e+6 
        26745.9      2.29223e+6 
        26825.1      2.26548e+6 
        26904.2      2.23912e+6 
        26983.4      2.21313e+6 
        27062.6      2.18753e+6 
        27141.7      2.16229e+6 
        27142.5      2.16203e+6 
        27220.9      2.13741e+6 
        27299.2      2.11315e+6 
        27377.5      2.08923e+6 
        27455.8      2.06565e+6 
        27534.2       2.0424e+6 
        27612.5      2.01948e+6 
        27690.8      1.99687e+6 
        27769.1      1.97459e+6 
        27847.5      1.95261e+6 
        27925.8      1.93094e+6 
        28004.1      1.90956e+6 
        28082.4      1.88848e+6 
        28160.8       1.8677e+6 
        28239.1      1.84719e+6 
        28317.4      1.82697e+6 
        28395.7      1.80702e+6 
          28474      1.78734e+6 
        28552.4      1.76793e+6 
        28630.7      1.74879e+6 
          28709       1.7299e+6 
        28787.3      1.71126e+6 
        28865.7      1.69288e+6 
          28944      1.67474e+6 
        29022.3      1.65684e+6 
        29100.6      1.63918e+6 
          29179      1.62176e+6 
        29257.3      1.60457e+6 
        29335.6       1.5876e+6 
        29413.9      1.57086e+6 
        29492.3      1.55434e+6 
        29570.6      1.53803e+6 
        29648.9      1.52194e+6 
        29727.2      1.50605e+6 
        29805.5      1.49038e+6 
        29883.9      1.47491e+6 
        29932.6      1.46538e+6 
        29962.2      1.45954e+6 
        29991.8      1.45391e+6 
