# Koester WD models
# teff = 80000 K (value for the effective temperature for the model. Temperatures are given in K)
# logg = 9.25 log(cm/s2) (value for Log(G) for the model.)
#
# column 1: WAVELENGTH (ANGSTROM), Wavelength in Angstrom
# column 2: FLUX (ERG/CM2/S/A), Flux in erg/cm2/s/A
         899.23     3.42924e+11 
        904.235     3.38227e+11 
         908.45     3.34319e+11 
        909.241      3.3359e+11 
        910.032     3.32861e+11 
        911.193      3.3179e+11 
        911.613     3.31403e+11 
        912.034     3.31017e+11 
        912.465     3.30618e+11 
        912.875     3.30241e+11 
        913.037     3.30093e+11 
        913.241     3.29905e+11 
        913.284     3.29864e+11 
        913.478     3.29685e+11 
        913.531     3.29635e+11 
        913.755     3.29431e+11 
        913.822     3.29368e+11 
         914.08     3.29129e+11 
        914.165      3.2905e+11 
        914.499     3.28739e+11 
        914.575      3.2867e+11 
        915.071     3.28208e+11 
         915.54     3.27766e+11 
        915.609     3.27703e+11 
        915.643     3.27671e+11 
        915.677      3.2764e+11 
        915.741     3.27583e+11 
        915.813     3.27517e+11 
        916.085     3.27272e+11 
        916.429     3.26958e+11 
        916.858     3.26565e+11 
        917.118      3.2632e+11 
        917.196     3.26248e+11 
        917.378     3.26078e+11 
        917.899     3.25585e+11 
        917.952     3.25535e+11 
        918.287     3.25205e+11 
        918.602     3.24891e+11 
        919.251     3.24244e+11 
        920.215     3.23427e+11 
        921.882     3.21825e+11 
        921.999     3.21677e+11 
        922.143     3.21492e+11 
        922.405     3.21168e+11 
         922.81     3.20823e+11 
        923.621     3.20549e+11 
        925.001     3.18837e+11 
        925.242      3.1841e+11 
        925.484     3.18058e+11 
        925.564     3.18033e+11 
        925.966     3.18181e+11 
        926.164     3.18253e+11 
        926.369     3.18272e+11 
        926.669     3.18476e+11 
        927.173      3.1841e+11 
        927.276     3.18312e+11 
        927.678     3.17917e+11 
        928.182     3.16761e+11 
        928.917     3.14473e+11 
         928.98     3.14241e+11 
        929.089     3.13772e+11 
        929.261     3.13084e+11 
        929.317      3.1288e+11 
        929.543     3.11971e+11 
        929.655      3.1155e+11 
        929.769     3.11149e+11 
        929.827      3.1097e+11 
        929.883     3.10826e+11 
         929.91      3.1078e+11 
        929.939     3.10744e+11 
        929.954     3.10734e+11 
        929.968     3.10728e+11 
        929.982     3.10728e+11 
        929.996     3.10732e+11 
         930.01     3.10741e+11 
        930.024     3.10753e+11 
        930.038      3.1077e+11 
        930.052     3.10793e+11 
        930.081     3.10853e+11 
        930.137     3.11021e+11 
        930.201     3.11286e+11 
        930.247     3.11499e+11 
        930.249      3.1151e+11 
        930.251      3.1152e+11 
        930.301     3.11776e+11 
        930.326     3.11894e+11 
        930.329      3.1191e+11 
        930.402     3.12292e+11 
        930.478     3.12693e+11 
         930.63     3.13549e+11 
        930.931     3.15209e+11 
        931.229     3.16789e+11 
         931.49     3.18162e+11 
        931.534     3.18366e+11 
        931.838      3.1956e+11 
        931.968     3.20028e+11 
        932.447     3.21376e+11 
        932.925     3.21743e+11 
        933.265     3.21511e+11 
        933.403     3.21231e+11 
        933.432     3.21184e+11 
        933.542     3.20967e+11 
        933.652     3.20681e+11 
        933.872     3.19899e+11 
        933.973     3.19412e+11 
        934.073      3.1885e+11 
        934.312     3.17078e+11 
        934.362     3.16625e+11 
        934.652     3.14646e+11 
        934.941     3.12003e+11 
         935.23      3.0858e+11 
        935.473     3.05581e+11 
         935.52     3.05055e+11 
        935.688     3.02867e+11 
        935.809     3.00967e+11 
        936.144     2.96154e+11 
        936.372     2.92746e+11 
        936.601     2.89693e+11 
        936.714      2.8822e+11 
        936.829     2.86726e+11 
        936.887     2.85881e+11 
        936.944     2.85017e+11 
        936.973     2.84594e+11 
        937.001     2.84201e+11 
        937.015     2.84028e+11 
        937.029     2.83888e+11 
        937.043     2.83783e+11 
        937.058     2.83715e+11 
        937.072     2.83703e+11 
        937.086     2.83744e+11 
        937.101     2.83844e+11 
        937.115     2.83979e+11 
        937.143     2.84352e+11 
          937.2     2.85294e+11 
        937.314     2.87255e+11 
        937.493     2.90031e+11 
        937.542     2.90805e+11 
        937.593     2.91614e+11 
        937.694     2.93266e+11 
        937.788     2.94804e+11 
        937.894     2.96662e+11 
            938     2.98707e+11 
        938.212     3.02577e+11 
        938.359     3.05357e+11 
        938.556     3.09082e+11 
        938.636     3.10447e+11 
        938.914     3.15268e+11 
        939.271      3.2146e+11 
        939.628     3.26606e+11 
        939.986      3.3163e+11 
        940.343     3.35962e+11 
         940.58     3.38249e+11 
         940.66     3.38931e+11 
          940.7     3.39257e+11 
         940.74     3.39578e+11 
        940.901     3.40944e+11 
        941.221     3.43216e+11 
        941.541     3.45082e+11 
        941.861     3.46499e+11 
        941.957     3.46822e+11 
        942.182      3.4741e+11 
        942.502     3.47765e+11 
        943.048     3.47137e+11 
         943.32     3.46339e+11 
        943.593     3.45267e+11 
        943.865     3.43684e+11 
        944.139     3.41526e+11 
        944.411     3.38689e+11 
        944.684     3.35063e+11 
        944.956     3.30995e+11 
        945.151     3.27668e+11 
         945.23     3.26204e+11 
        945.308     3.24662e+11 
        945.464     3.21891e+11 
        945.776      3.1595e+11 
        946.088     3.08774e+11 
        946.401     3.00781e+11 
        946.892     2.89497e+11 
        947.025     2.86043e+11 
        947.158     2.82408e+11 
        947.425     2.75006e+11 
        947.831     2.63567e+11 
        947.957     2.59677e+11 
        948.083     2.56253e+11 
        948.125     2.55014e+11 
        948.335     2.48683e+11 
        948.546     2.43481e+11 
        948.693      2.4027e+11 
        948.735     2.39546e+11 
        948.756     2.39214e+11 
        948.777     2.38878e+11 
        948.829     2.38145e+11 
        948.835     2.38102e+11 
        948.861     2.37884e+11 
        948.893     2.37709e+11 
        948.922     2.37663e+11 
        948.951     2.37737e+11 
        948.966     2.37798e+11 
         948.98     2.37862e+11 
        948.994     2.37924e+11 
        949.009     2.37966e+11 
        949.023     2.37977e+11 
        949.037     2.37957e+11 
        949.052     2.37906e+11 
        949.066     2.37835e+11 
        949.095     2.37692e+11 
        949.153     2.37627e+11 
         949.23     2.38172e+11 
        949.258     2.38533e+11 
        949.269      2.3872e+11 
         949.28     2.38893e+11 
         949.33     2.39598e+11 
         949.36     2.40189e+11 
         949.43     2.41674e+11 
          949.5     2.43176e+11 
         949.64     2.46629e+11 
        949.781     2.50226e+11 
        949.795     2.50594e+11 
        949.879     2.53236e+11 
        949.921     2.54507e+11 
        949.963     2.55734e+11 
        950.047     2.58059e+11 
        950.131     2.60441e+11 
        950.467     2.70423e+11 
        950.888     2.82269e+11 
        951.308     2.93676e+11 
        951.559     3.00169e+11 
        951.854     3.08373e+11 
        952.149     3.16955e+11 
        952.444     3.24674e+11 
        952.738      3.3174e+11 
        953.032     3.39638e+11 
        953.328      3.4676e+11 
        953.622     3.53681e+11 
        953.917     3.59769e+11 
        954.211     3.65154e+11 
        954.507     3.69945e+11 
        955.096     3.78593e+11 
        955.357     3.82112e+11 
        955.686     3.86011e+11 
        956.014      3.8935e+11 
        956.342     3.92143e+11 
        956.999     3.96695e+11 
        957.655      4.0016e+11 
        958.312     4.02551e+11 
        958.648     4.03406e+11 
        958.969     4.03987e+11 
        959.289     4.04342e+11 
        959.429     4.04411e+11 
        959.929     4.04329e+11 
         960.43     4.03704e+11 
         960.93     4.02419e+11 
        961.431     4.00547e+11 
        961.931     3.98049e+11 
        962.431      3.9487e+11 
        962.634     3.93381e+11 
        962.932     3.91021e+11 
        963.033     3.90161e+11 
        963.432     3.86444e+11 
        963.832     3.82203e+11 
        964.231      3.7755e+11 
         964.63     3.72288e+11 
         965.03     3.66391e+11 
        965.429     3.59879e+11 
        965.828     3.52694e+11 
        966.228     3.45154e+11 
        966.627     3.37307e+11 
        966.819     3.33285e+11 
        967.026     3.28821e+11 
        967.426     3.19695e+11 
         967.98     3.05904e+11 
        968.032     3.04547e+11 
        968.309      2.9762e+11 
        968.639     2.89488e+11 
        968.668     2.88735e+11 
        968.968     2.80657e+11 
        968.979      2.8035e+11 
        969.297     2.71448e+11 
        969.927      2.5364e+11 
        970.401     2.39921e+11 
        970.874     2.26212e+11 
         971.11     2.19401e+11 
        971.348     2.12364e+11 
        971.467     2.09049e+11 
        971.585     2.05169e+11 
        971.644     2.02894e+11 
        971.703     1.99835e+11 
        971.732     1.98067e+11 
        971.762       1.962e+11 
        971.778     1.95287e+11 
        971.792     1.94612e+11 
        971.806     1.94076e+11 
        971.821     1.93706e+11 
        971.836     1.93576e+11 
        971.851     1.93696e+11 
        971.866     1.94056e+11 
         971.88     1.94582e+11 
         971.91     1.96148e+11 
        971.969      1.9974e+11 
        972.037     2.03142e+11 
        972.087     2.04983e+11 
        972.137     2.06659e+11 
         972.15     2.07024e+11 
        972.199     2.08577e+11 
        972.237     2.09802e+11 
        972.324     2.11983e+11 
        972.499     2.17077e+11 
        972.798     2.25394e+11 
        973.047     2.32239e+11 
        973.396     2.41944e+11 
        973.746     2.51786e+11 
        974.444     2.70674e+11 
        974.645     2.76084e+11 
        975.143     2.88803e+11 
         975.64     3.00633e+11 
        976.137     3.12863e+11 
        976.635     3.24263e+11 
        977.132     3.34853e+11 
         977.63     3.44705e+11 
        978.127     3.54661e+11 
        978.624     3.63888e+11 
        978.939     3.69332e+11 
        979.122      3.7237e+11 
        979.305     3.75317e+11 
        979.671     3.80915e+11 
        980.404     3.91622e+11 
        981.136      4.0126e+11 
        981.869     4.10003e+11 
        982.601     4.17785e+11 
        982.744     4.19205e+11 
        983.334     4.24721e+11 
        983.923     4.29745e+11 
        985.102     4.38588e+11 
        985.944     4.44108e+11 
        986.281     4.46125e+11 
        986.618     4.48045e+11 
        987.293     4.51503e+11 
        987.971      4.5462e+11 
        988.642     4.57369e+11 
        989.312     4.59825e+11 
        990.109     4.62267e+11 
        990.653     4.63737e+11 
        991.994     4.66753e+11 
         993.88     4.69712e+11 
        995.765     4.70856e+11 
        996.854     4.70909e+11 
        997.574     4.70708e+11 
         997.65     4.70673e+11 
        998.447     4.70208e+11 
        999.319     4.69329e+11 
        1001.06     4.66505e+11 
         1001.3     4.66036e+11 
        1002.81     4.62389e+11 
        1004.32     4.57623e+11 
        1005.84     4.51397e+11 
        1007.35     4.43734e+11 
         1008.4     4.37467e+11 
        1008.86     4.34413e+11 
        1009.33     4.31171e+11 
        1010.25      4.2404e+11 
        1011.18     4.16085e+11 
        1012.11     4.07257e+11 
        1013.04     3.97531e+11 
        1013.61     3.91087e+11 
        1013.97      3.8679e+11 
        1014.33     3.82329e+11 
        1015.05     3.72935e+11 
        1015.77     3.62835e+11 
        1016.49     3.52103e+11 
        1016.53     3.51488e+11 
        1017.21     3.40646e+11 
        1017.23     3.40319e+11 
        1017.93     3.28548e+11 
        1018.63     3.16022e+11 
        1019.33     3.02764e+11 
        1020.03     2.88827e+11 
        1020.42     2.80811e+11 
        1020.73     2.74235e+11 
        1021.04     2.67527e+11 
        1021.67     2.53866e+11 
        1022.29     2.39817e+11 
        1022.78     2.28335e+11 
        1022.91      2.2529e+11 
        1023.04     2.22206e+11 
         1023.3      2.1589e+11 
        1023.62     2.08342e+11 
        1023.83     2.03167e+11 
        1024.04     1.97952e+11 
        1024.39     1.89184e+11 
        1024.46      1.8723e+11 
        1024.54     1.85072e+11 
        1024.59     1.83625e+11 
        1024.69     1.80521e+11 
        1024.79     1.77053e+11 
        1024.85     1.74359e+11 
        1024.87     1.73627e+11 
        1024.89     1.72263e+11 
        1024.91      1.7076e+11 
        1024.95     1.68679e+11 
        1024.98      1.6675e+11 
        1024.99     1.65883e+11 
        1025.01      1.6514e+11 
        1025.03     1.64569e+11 
        1025.04     1.64212e+11 
        1025.04     1.64155e+11 
        1025.05     1.64069e+11 
        1025.06     1.64064e+11 
        1025.06     1.64061e+11 
        1025.07     1.64148e+11 
        1025.09     1.64433e+11 
         1025.1     1.64947e+11 
        1025.13     1.66471e+11 
         1025.2     1.70396e+11 
        1025.27     1.74556e+11 
        1025.32     1.76686e+11 
        1025.37     1.78421e+11 
        1025.47      1.8173e+11 
        1025.57     1.84599e+11 
        1025.67     1.87365e+11 
        1025.87     1.92322e+11 
        1025.87     1.92396e+11 
        1026.07     1.97095e+11 
        1026.47     2.06482e+11 
        1027.07     2.20337e+11 
        1027.47     2.29303e+11 
        1027.67     2.33685e+11 
        1028.27       2.466e+11 
         1028.8     2.57465e+11 
        1029.07      2.6301e+11 
        1029.34     2.68453e+11 
        1029.88     2.79004e+11 
        1030.42     2.89128e+11 
        1030.96     2.98818e+11 
        1031.51       3.081e+11 
        1032.05     3.16936e+11 
        1032.59     3.25315e+11 
        1033.08      3.3255e+11 
        1033.13     3.33301e+11 
        1033.19     3.34052e+11 
        1033.23     3.34668e+11 
        1033.29     3.35538e+11 
         1033.5     3.38469e+11 
        1033.91     3.44143e+11 
        1033.99     3.45123e+11 
        1034.75     3.54884e+11 
        1035.51     3.63928e+11 
        1036.27      3.7232e+11 
        1037.02     3.80038e+11 
        1037.78     3.87151e+11 
        1038.54     3.93748e+11 
        1039.17     3.98797e+11 
        1039.26     3.99457e+11 
         1039.3     3.99787e+11 
        1039.34     4.00113e+11 
        1039.52     4.01398e+11 
        1039.86     4.03896e+11 
        1040.55     4.08596e+11 
        1041.92     4.16914e+11 
        1042.26     4.18705e+11 
         1043.3     4.23848e+11 
        1044.35      4.2829e+11 
        1045.39     4.32142e+11 
        1046.44     4.35462e+11 
         1047.7     4.38815e+11 
        1048.53     4.40643e+11 
        1049.35      4.4222e+11 
           1051     4.44711e+11 
        1052.65      4.4643e+11 
        1054.24     4.47498e+11 
         1054.3     4.47526e+11 
        1054.35     4.47554e+11 
        1054.46     4.47608e+11 
        1054.69     4.47708e+11 
        1055.14     4.47881e+11 
        1056.03      4.4812e+11 
         1056.3     4.48167e+11 
        1057.83     4.48239e+11 
        1059.36      4.4801e+11 
        1060.47     4.47683e+11 
        1062.41     4.46838e+11 
        1064.36     4.45704e+11 
        1067.13     4.43684e+11 
        1068.25      4.4277e+11 
        1068.81     4.42289e+11 
        1069.36     4.41802e+11 
        1071.58     4.39741e+11 
        1074.36     4.36967e+11 
        1076.29     4.34947e+11 
        1078.98      4.3201e+11 
        1079.36     4.31583e+11 
        1082.44     4.28095e+11 
        1084.37     4.25874e+11 
         1085.9     4.24074e+11 
        1089.37     4.19981e+11 
        1094.37     4.13996e+11 
        1099.37     4.07977e+11 
        1104.37      4.0196e+11 
        1109.38     3.95969e+11 
        1114.38     3.90022e+11 
        1118.68     3.84942e+11 
        1119.38     3.84126e+11 
        1120.08     3.83309e+11 
        1121.47     3.81678e+11 
        1123.78     3.78986e+11 
        1124.25     3.78433e+11 
        1124.73     3.77877e+11 
        1125.68     3.76771e+11 
        1125.79     3.76646e+11 
        1127.08      3.7516e+11 
        1127.59     3.74566e+11 
        1127.85     3.74267e+11 
        1129.38     3.72492e+11 
        1131.69     3.69838e+11 
        1134.38     3.66753e+11 
        1135.54     3.65433e+11 
        1139.39     3.61057e+11 
        1144.39     3.55396e+11 
        1149.39      3.4975e+11 
        1154.39     3.44089e+11 
        1159.39     3.38384e+11 
        1164.39     3.32572e+11 
        1169.39     3.26562e+11 
         1174.4     3.20207e+11 
        1177.86     3.15476e+11 
         1179.4     3.13254e+11 
        1180.94     3.10943e+11 
        1182.86     3.07899e+11 
        1184.01      3.0597e+11 
        1185.17     3.03958e+11 
        1185.56     3.03258e+11 
        1187.48     2.99621e+11 
         1189.4     2.95629e+11 
        1191.32      2.9119e+11 
        1192.09     2.89278e+11 
        1193.24     2.86198e+11 
         1194.4     2.82863e+11 
        1195.56     2.79245e+11 
        1196.72     2.75312e+11 
        1197.88     2.71009e+11 
        1198.67     2.67831e+11 
        1199.04     2.66277e+11 
         1199.4     2.64674e+11 
        1200.14     2.61317e+11 
        1201.61      2.5395e+11 
        1201.76     2.53134e+11 
        1203.08     2.45575e+11 
         1204.4     2.37082e+11 
        1205.06     2.32449e+11 
        1205.72      2.2754e+11 
        1206.38     2.22345e+11 
        1207.04     2.16845e+11 
        1207.32     2.14415e+11 
         1207.7     2.11011e+11 
        1208.37     2.04843e+11 
        1208.48     2.03683e+11 
         1209.4     1.94399e+11 
        1210.33     1.84382e+11 
        1211.24     1.73656e+11 
        1211.64     1.68818e+11 
        1212.16     1.62159e+11 
        1212.69     1.55291e+11 
        1213.22     1.48218e+11 
        1213.61     1.42713e+11 
        1213.74     1.40863e+11 
        1213.81     1.39971e+11 
        1213.88     1.38999e+11 
        1214.14     1.35207e+11 
        1214.17     1.34708e+11 
        1214.32     1.32484e+11 
        1214.47     1.30098e+11 
        1214.62     1.27401e+11 
        1214.76     1.23878e+11 
        1214.84     1.21123e+11 
        1214.91      1.1562e+11 
        1214.95     1.12022e+11 
        1214.98     1.08616e+11 
           1215     1.07204e+11 
        1215.02     1.06216e+11 
        1215.04     1.05472e+11 
        1215.06        1.05e+11 
        1215.08     1.04855e+11 
         1215.1     1.04993e+11 
        1215.11     1.05458e+11 
        1215.13     1.06195e+11 
        1215.17     1.08581e+11 
        1215.19     1.10615e+11 
        1215.19     1.10817e+11 
        1215.24      1.1555e+11 
        1215.29      1.1967e+11 
        1215.39     1.23733e+11 
        1215.49     1.26101e+11 
        1215.59      1.2812e+11 
        1215.69     1.29798e+11 
        1215.69     1.29925e+11 
        1215.79     1.31362e+11 
        1215.99     1.34298e+11 
        1216.26     1.38147e+11 
        1216.28     1.38354e+11 
        1216.86     1.46186e+11 
        1217.46      1.5381e+11 
        1218.06     1.61119e+11 
        1218.66      1.6811e+11 
        1219.11     1.73136e+11 
        1219.26     1.74725e+11 
        1219.41     1.76295e+11 
        1219.57      1.7804e+11 
         1219.7     1.79366e+11 
        1219.83     1.80678e+11 
        1220.09     1.83257e+11 
         1220.6     1.88223e+11 
        1221.11     1.92935e+11 
        1221.62     1.97397e+11 
        1222.64     2.05613e+11 
        1222.72      2.0618e+11 
        1223.67     2.12927e+11 
        1224.62     2.18966e+11 
        1225.57     2.24358e+11 
        1226.52     2.29146e+11 
        1227.47     2.33384e+11 
        1228.41      2.3712e+11 
        1229.23     2.39965e+11 
        1229.32     2.40252e+11 
        1229.37     2.40394e+11 
        1229.41     2.40535e+11 
        1229.59     2.41092e+11 
         1229.7     2.41437e+11 
        1229.94     2.42168e+11 
        1230.18     2.42875e+11 
        1230.66     2.44217e+11 
        1231.62     2.46629e+11 
        1232.31     2.48143e+11 
        1232.59     2.48712e+11 
        1233.55     2.50496e+11 
        1234.79     2.52406e+11 
        1235.15     2.52881e+11 
        1236.04     2.53955e+11 
        1237.28     2.55184e+11 
        1239.41     2.56678e+11 
        1241.54     2.57543e+11 
        1242.93     2.57838e+11 
        1243.67     2.57922e+11 
        1244.41      2.5796e+11 
        1245.89     2.57918e+11 
        1248.27     2.57579e+11 
        1248.84     2.57455e+11 
        1249.41     2.57317e+11 
        1250.56     2.57001e+11 
        1251.28     2.56777e+11 
        1252.84     2.56235e+11 
        1254.41     2.55624e+11 
        1255.68     2.55085e+11 
        1257.55     2.54236e+11 
        1259.41     2.53329e+11 
        1261.87     2.52063e+11 
        1263.14     2.51381e+11 
        1264.41     2.50685e+11 
         1264.5     2.50636e+11 
        1266.96     2.49257e+11 
        1269.41     2.47842e+11 
        1274.24     2.44991e+11 
        1274.33     2.44938e+11 
        1274.41     2.44886e+11 
        1274.59      2.4478e+11 
        1274.71      2.4471e+11 
        1274.94     2.44568e+11 
        1275.65     2.44144e+11 
        1277.06     2.43294e+11 
        1279.42     2.41868e+11 
        1283.83     2.39183e+11 
        1284.12     2.39004e+11 
        1284.42     2.38825e+11 
           1285     2.38468e+11 
        1286.18     2.37753e+11 
        1287.63     2.36868e+11 
           1288     2.36643e+11 
        1288.52     2.36323e+11 
        1289.42     2.35778e+11 
        1291.21      2.3469e+11 
        1294.42     2.32743e+11 
        1299.42      2.2973e+11 
        1304.42     2.26746e+11 
        1309.42     2.23794e+11 
        1314.42      2.2088e+11 
        1319.42     2.18004e+11 
        1324.42     2.15168e+11 
        1329.42     2.12372e+11 
        1334.42     2.09617e+11 
        1339.42     2.06903e+11 
        1344.42      2.0423e+11 
        1349.42     2.01597e+11 
        1354.42     1.99002e+11 
        1359.42     1.96448e+11 
        1364.42     1.93934e+11 
        1365.19      1.9355e+11 
        1369.42     1.91457e+11 
        1373.65     1.89392e+11 
        1376.35     1.88092e+11 
        1377.88     1.87354e+11 
        1379.42     1.86619e+11 
        1380.57     1.86072e+11 
         1382.5     1.85161e+11 
        1384.42     1.84256e+11 
        1387.12     1.82997e+11 
        1388.27     1.82462e+11 
        1389.03      1.8211e+11 
        1389.42     1.81929e+11 
        1391.73     1.80868e+11 
        1394.42     1.79638e+11 
        1399.42     1.77382e+11 
        1404.42     1.75162e+11 
        1409.42     1.72977e+11 
        1414.42     1.70825e+11 
        1419.42     1.68706e+11 
        1424.42     1.66621e+11 
        1429.42     1.64567e+11 
        1434.42     1.62544e+11 
        1439.42     1.60553e+11 
        1444.42     1.58592e+11 
        1449.42     1.56661e+11 
        1454.42     1.54758e+11 
        1459.42     1.52885e+11 
        1464.42      1.5104e+11 
        1465.96     1.50478e+11 
        1469.42     1.49222e+11 
        1472.88      1.4798e+11 
        1473.27     1.47843e+11 
        1474.42     1.47432e+11 
        1476.35     1.46751e+11 
        1479.42     1.45669e+11 
        1484.42     1.43932e+11 
        1489.42     1.42221e+11 
        1494.42     1.40536e+11 
        1499.42     1.38874e+11 
        1504.42     1.37237e+11 
        1509.42     1.35623e+11 
        1514.42     1.34034e+11 
        1519.42     1.32467e+11 
        1524.42     1.30923e+11 
        1529.42     1.29402e+11 
        1534.42     1.27902e+11 
        1539.42     1.26424e+11 
        1544.42     1.24968e+11 
        1549.42     1.23532e+11 
        1554.42     1.22116e+11 
        1559.42     1.20721e+11 
        1564.42     1.19346e+11 
        1566.72     1.18718e+11 
        1569.42     1.17991e+11 
        1570.19     1.17784e+11 
        1572.11     1.17269e+11 
        1574.41     1.16655e+11 
         1574.8     1.16552e+11 
        1579.41     1.15338e+11 
        1584.41     1.14039e+11 
        1589.41     1.12759e+11 
        1594.41     1.11497e+11 
        1599.41     1.10252e+11 
        1604.41     1.09025e+11 
        1609.41     1.07814e+11 
        1614.41     1.06621e+11 
        1619.41     1.05444e+11 
        1624.41     1.04284e+11 
        1629.41     1.03139e+11 
        1634.41      1.0201e+11 
        1639.41     1.00897e+11 
        1644.41     9.97983e+10 
        1649.41     9.87148e+10 
        1654.41     9.76464e+10 
        1659.41      9.6592e+10 
        1664.41     9.55519e+10 
        1665.56      9.5314e+10 
         1669.4     9.45258e+10 
        1670.17     9.43694e+10 
        1673.25     9.37461e+10 
         1674.4     9.35136e+10 
        1676.33     9.31281e+10 
         1679.4     9.25152e+10 
         1684.4       9.153e+10 
         1689.4      9.0558e+10 
         1694.4     8.95989e+10 
         1699.4     8.86526e+10 
         1704.4     8.77183e+10 
         1709.4     8.67966e+10 
         1714.4     8.58871e+10 
         1719.4     8.49892e+10 
         1724.4     8.41029e+10 
         1729.4     8.32283e+10 
         1734.4      8.2365e+10 
         1739.4      8.1513e+10 
         1744.4      8.0672e+10 
        1749.39     7.98417e+10 
        1754.39     7.90224e+10 
        1759.39     7.82134e+10 
        1764.39     7.74148e+10 
        1767.08     7.69891e+10 
        1767.85     7.68679e+10 
        1769.39     7.66266e+10 
         1771.7     7.62659e+10 
        1774.39     7.58481e+10 
        1775.55       7.567e+10 
        1779.39       7.508e+10 
        1784.39     7.43213e+10 
        1789.39     7.35723e+10 
        1794.39     7.28328e+10 
        1799.39     7.21027e+10 
        1809.39     7.06695e+10 
           1824     6.86385e+10 
        1829.38     6.79084e+10 
        1834.77      6.7188e+10 
        1845.54     6.57762e+10 
           1864     6.34407e+10 
        1867.07     6.30618e+10 
        1870.14     6.26861e+10 
        1876.29     6.19428e+10 
        1888.59     6.04895e+10 
        1906.98     5.83931e+10 
        1913.17     5.77079e+10 
        1919.37     5.70325e+10 
        1931.76     5.57121e+10 
        1944.47      5.4396e+10 
        1956.53     5.31837e+10 
         1967.6     5.21005e+10 
        1968.59     5.20053e+10 
        1992.71     4.97462e+10 
        2017.81     4.75235e+10 
         2018.8     4.74387e+10 
        2042.92     4.54255e+10 
        2067.03      4.3518e+10 
        2091.15     4.17103e+10 
        2114.28     4.00638e+10 
        2115.26     3.99953e+10 
        2116.25     3.99268e+10 
        2118.23     3.97905e+10 
        2122.19     3.95194e+10 
        2126.36      3.9236e+10 
         2130.1     3.89843e+10 
        2145.92      3.7941e+10 
        2165.47     3.66995e+10 
        2185.03     3.55085e+10 
        2194.48     3.49502e+10 
        2204.59     3.43653e+10 
         2205.9     3.42902e+10 
         2214.7     3.37925e+10 
        2234.91     3.26829e+10 
        2263.91     3.11691e+10 
         2272.7     3.07279e+10 
        2292.92     2.97425e+10 
        2313.13     2.87961e+10 
        2333.35     2.78874e+10 
        2344.77     2.73896e+10 
         2350.6     2.71401e+10 
        2353.56     2.70142e+10 
        2362.35     2.66451e+10 
        2379.94      2.5926e+10 
        2409.27     2.47792e+10 
        2421.03     2.43376e+10 
        2438.61     2.36953e+10 
        2451.59     2.32345e+10 
        2456.19      2.3074e+10 
        2460.79     2.29149e+10 
        2466.76     2.27106e+10 
        2469.99     2.26009e+10 
        2488.39     2.19888e+10 
        2510.01     2.12954e+10 
        2531.64     2.06294e+10 
         2547.3     2.01633e+10 
        2553.26     1.99891e+10 
        2559.23     1.98168e+10 
        2571.17     1.94779e+10 
        2595.04     1.88215e+10 
        2618.91     1.81926e+10 
        2627.89     1.79628e+10 
        2642.78     1.75897e+10 
        2657.67     1.72262e+10 
        2687.45     1.65273e+10 
        2717.24     1.58635e+10 
        2737.93     1.54219e+10 
        2747.02     1.52327e+10 
        2756.11     1.50465e+10 
        2774.29     1.46827e+10 
        2810.65     1.39873e+10 
        2839.47     1.34653e+10 
        2846.59       1.334e+10 
        2847.01     1.33327e+10 
        2854.55     1.32018e+10 
        2869.63     1.29448e+10 
        2873.19      1.2885e+10 
        2899.79     1.24493e+10 
        2926.39     1.20319e+10 
        2952.93     1.16326e+10 
        2952.98     1.16318e+10 
        2953.03     1.16311e+10 
        2953.13     1.16296e+10 
        2953.33     1.16267e+10 
        2953.73     1.16208e+10 
        2954.53     1.16091e+10 
        2956.13     1.15856e+10 
        2956.82     1.15755e+10 
        2959.33     1.15389e+10 
        2965.73     1.14461e+10 
        2978.53     1.12634e+10 
        3004.12     1.09087e+10 
        3051.42     1.02893e+10 
        3098.72      9.71352e+9 
        3142.18      9.21951e+9 
        3146.02      9.17741e+9 
        3149.86      9.13559e+9 
        3157.53      9.05266e+9 
        3158.83      9.03871e+9 
        3172.87      8.88958e+9 
        3203.56      8.57429e+9 
        3248.29      8.13933e+9 
        3293.03      7.73177e+9 
        3328.79      7.42418e+9 
        3337.76      7.34944e+9 
        3346.73      7.27565e+9 
        3355.94      7.20084e+9 
        3364.67      7.13085e+9 
        3400.55      6.85188e+9 
        3445.17      6.52383e+9 
        3489.78       6.2152e+9 
        3525.18      5.98319e+9 
        3532.76      5.93494e+9 
        3534.39      5.92464e+9 
         3543.6      5.86677e+9 
        3562.02      5.75317e+9 
        3591.28      5.57834e+9 
        3635.88      5.32434e+9 
        3638.96      5.30734e+9 
        3642.04      5.29041e+9 
        3643.12       5.2845e+9 
        3645.12      5.27357e+9 
        3645.28      5.27269e+9 
        3647.12      5.26267e+9 
        3648.96      5.25265e+9 
        3651.32      5.23983e+9 
        3652.64       5.2327e+9 
        3653.96      5.22557e+9 
        3654.24      5.22406e+9 
         3656.6      5.21134e+9 
        3658.96      5.19864e+9 
         3663.4      5.17489e+9 
        3663.68      5.17342e+9 
        3663.96      5.17191e+9 
        3664.52      5.16893e+9 
        3665.64      5.16299e+9 
         3666.8       5.1568e+9 
        3667.88      5.15108e+9 
        3668.28      5.14894e+9 
        3668.95      5.14536e+9 
        3671.11      5.13387e+9 
        3673.95      5.11888e+9 
         3675.2      5.11231e+9 
        3678.95      5.09265e+9 
        3682.58       5.0737e+9 
         3682.7      5.07308e+9 
        3682.82      5.07245e+9 
        3683.06      5.07119e+9 
        3683.18      5.07059e+9 
        3683.54      5.06871e+9 
         3684.5      5.06371e+9 
        3684.82      5.06208e+9 
        3685.83      5.05686e+9 
        3686.83      5.05165e+9 
        3688.74      5.04175e+9 
        3688.85      5.04122e+9 
        3688.94      5.04075e+9 
        3688.95      5.04069e+9 
        3689.16      5.03962e+9 
        3689.38      5.03849e+9 
        3689.73      5.03666e+9 
        3689.82      5.03622e+9 
         3689.9      5.03578e+9 
        3690.07       5.0349e+9 
        3690.41      5.03315e+9 
        3690.62      5.03205e+9 
        3691.09      5.02966e+9 
        3691.47      5.02768e+9 
        3691.55      5.02724e+9 
         3691.7      5.02652e+9 
        3692.48      5.02246e+9 
         3693.5      5.01725e+9 
         3694.4      5.01263e+9 
         3695.3      5.00804e+9 
        3695.81      5.00541e+9 
         3696.2      5.00343e+9 
        3696.53      5.00176e+9 
        3696.59      5.00145e+9 
        3696.65      5.00113e+9 
        3696.67      5.00104e+9 
        3696.76      5.00057e+9 
        3696.77       5.0005e+9 
        3696.87      4.99997e+9 
        3696.93      4.99969e+9 
        3696.99       4.9994e+9 
        3697.04      4.99912e+9 
         3697.1      4.99884e+9 
        3697.15      4.99853e+9 
        3697.21      4.99824e+9 
        3697.26      4.99796e+9 
        3697.32      4.99768e+9 
        3697.35      4.99755e+9 
        3697.41      4.99724e+9 
        3697.43      4.99711e+9 
        3697.46      4.99695e+9 
         3697.5      4.99677e+9 
        3697.53      4.99661e+9 
        3697.58      4.99636e+9 
        3697.66      4.99595e+9 
        3697.82      4.99513e+9 
        3698.11      4.99366e+9 
        3698.43      4.99202e+9 
        3698.69       4.9907e+9 
        3698.89       4.9897e+9 
        3698.95      4.98938e+9 
        3699.01      4.98907e+9 
        3699.13      4.98844e+9 
        3699.37      4.98718e+9 
        3699.53       4.9864e+9 
        3699.86       4.9847e+9 
        3699.88      4.98464e+9 
        3700.19      4.98304e+9 
         3700.2      4.98301e+9 
         3700.5      4.98143e+9 
        3700.81       4.9799e+9 
        3700.84      4.97974e+9 
        3701.09      4.97845e+9 
        3701.42      4.97679e+9 
        3701.99      4.97386e+9 
        3702.44      4.97157e+9 
        3702.89      4.96928e+9 
        3703.12      4.96815e+9 
        3703.35      4.96702e+9 
        3703.46      4.96645e+9 
        3703.57      4.96585e+9 
        3703.63      4.96557e+9 
        3703.68      4.96529e+9 
        3703.74        4.965e+9 
         3703.8      4.96472e+9 
        3703.85      4.96444e+9 
        3703.91      4.96416e+9 
        3703.97      4.96387e+9 
        3704.02      4.96359e+9 
        3704.09      4.96325e+9 
        3704.13      4.96303e+9 
        3704.18      4.96274e+9 
        3704.21      4.96262e+9 
        3704.22      4.96255e+9 
        3704.28      4.96224e+9 
        3704.31      4.96211e+9 
        3704.36      4.96186e+9 
        3704.41      4.96164e+9 
        3704.49       4.9612e+9 
        3704.57      4.96083e+9 
        3704.59       4.9607e+9 
        3704.69       4.9602e+9 
        3704.81      4.95957e+9 
        3705.05      4.95834e+9 
        3705.37      4.95674e+9 
        3705.54      4.95589e+9 
        3705.71      4.95501e+9 
        3706.05      4.95332e+9 
        3706.07      4.95319e+9 
        3706.73      4.94986e+9 
        3707.27      4.94716e+9 
        3707.39      4.94653e+9 
        3707.51       4.9459e+9 
        3707.61      4.94543e+9 
        3707.76      4.94468e+9 
        3707.91      4.94392e+9 
        3708.12      4.94289e+9 
        3708.21      4.94242e+9 
         3708.3      4.94195e+9 
        3708.49      4.94103e+9 
        3708.76      4.93962e+9 
        3708.85      4.93918e+9 
        3708.87      4.93909e+9 
        3708.95      4.93871e+9 
        3709.13       4.9378e+9 
        3709.21      4.93739e+9 
        3709.49      4.93598e+9 
        3710.11      4.93287e+9 
         3710.9      4.92888e+9 
        3711.01      4.92831e+9 
        3711.12      4.92778e+9 
        3711.21      4.92731e+9 
        3711.32      4.92674e+9 
        3711.34      4.92668e+9 
        3711.46      4.92605e+9 
        3711.52      4.92577e+9 
        3711.58      4.92548e+9 
         3711.6      4.92536e+9 
        3711.69      4.92492e+9 
        3711.75      4.92463e+9 
         3711.8      4.92435e+9 
        3711.86      4.92407e+9 
        3711.91      4.92379e+9 
        3711.97       4.9235e+9 
        3712.03      4.92322e+9 
        3712.08      4.92294e+9 
        3712.14      4.92266e+9 
         3712.2      4.92234e+9 
        3712.25      4.92209e+9 
         3712.3      4.92184e+9 
        3712.33      4.92171e+9 
        3712.33      4.92168e+9 
         3712.4      4.92134e+9 
        3712.48      4.92096e+9 
        3712.63      4.92021e+9 
        3712.93       4.9187e+9 
        3713.23      4.91719e+9 
        3713.53      4.91568e+9 
        3713.83      4.91417e+9 
        3714.24      4.91213e+9 
        3714.42      4.91122e+9 
        3714.44      4.91113e+9 
        3714.64      4.91015e+9 
        3715.03      4.90817e+9 
        3715.64      4.90513e+9 
        3716.76      4.89953e+9 
        3716.79      4.89941e+9 
        3716.86      4.89906e+9 
        3716.95      4.89856e+9 
        3717.14      4.89762e+9 
        3717.52      4.89573e+9 
        3718.19      4.89243e+9 
        3718.26      4.89209e+9 
        3718.33      4.89171e+9 
        3718.47      4.89102e+9 
        3718.56      4.89061e+9 
        3718.63      4.89023e+9 
        3718.73       4.8897e+9 
        3718.75      4.88964e+9 
        3718.94      4.88866e+9 
        3719.25      4.88712e+9 
        3719.47      4.88602e+9 
        3719.77      4.88455e+9 
        3720.07      4.88307e+9 
        3720.36      4.88166e+9 
        3720.52      4.88081e+9 
        3720.67      4.88012e+9 
        3720.98      4.87858e+9 
         3721.2      4.87745e+9 
        3721.43      4.87632e+9 
        3721.54      4.87575e+9 
        3721.66      4.87522e+9 
        3721.71      4.87493e+9 
        3721.77      4.87465e+9 
        3721.82      4.87437e+9 
        3721.88      4.87409e+9 
        3721.94       4.8738e+9 
        3721.99      4.87352e+9 
        3722.05      4.87324e+9 
        3722.11      4.87296e+9 
        3722.22      4.87239e+9 
         3722.4      4.87151e+9 
        3722.45      4.87129e+9 
         3722.5      4.87104e+9 
         3722.6      4.87054e+9 
         3722.7      4.87007e+9 
         3722.8      4.86953e+9 
         3722.9      4.86903e+9 
        3723.11      4.86802e+9 
        3723.23       4.8674e+9 
        3723.52      4.86598e+9 
        3723.81      4.86457e+9 
        3724.38      4.86171e+9 
        3725.45      4.85643e+9 
        3725.53      4.85602e+9 
        3725.62      4.85561e+9 
        3725.75      4.85495e+9 
        3725.78       4.8548e+9 
        3725.92      4.85414e+9 
        3725.93      4.85407e+9 
        3726.11      4.85316e+9 
        3726.48      4.85137e+9 
        3727.04      4.84861e+9 
        3727.37      4.84701e+9 
        3728.15      4.84314e+9 
        3728.64      4.84075e+9 
        3728.94      4.83925e+9 
        3729.01      4.83893e+9 
        3729.24      4.83777e+9 
        3729.84      4.83482e+9 
        3730.68      4.83073e+9 
        3732.19      4.82332e+9 
        3732.34      4.82256e+9 
        3732.49      4.82184e+9 
        3732.79      4.82037e+9 
        3733.35      4.81763e+9 
        3733.38      4.81748e+9 
        3733.39      4.81744e+9 
         3733.4      4.81741e+9 
        3733.45      4.81716e+9 
        3733.55      4.81666e+9 
        3733.65      4.81619e+9 
        3733.75      4.81568e+9 
        3733.86      4.81518e+9 
           3734      4.81446e+9 
        3734.04      4.81427e+9 
        3734.06      4.81418e+9 
        3734.08      4.81408e+9 
        3734.13      4.81383e+9 
        3734.14       4.8138e+9 
        3734.16      4.81367e+9 
         3734.2      4.81352e+9 
        3734.25      4.81323e+9 
        3734.31      4.81295e+9 
        3734.37       4.8127e+9 
        3734.43      4.81242e+9 
        3734.48      4.81213e+9 
        3734.54      4.81185e+9 
        3734.65      4.81129e+9 
        3734.83      4.81044e+9 
        3734.88      4.81019e+9 
        3734.93      4.80994e+9 
        3735.03      4.80946e+9 
        3735.12      4.80899e+9 
        3735.17      4.80877e+9 
        3735.23      4.80849e+9 
        3735.33      4.80799e+9 
        3735.39       4.8077e+9 
        3735.49       4.8072e+9 
        3735.82      4.80563e+9 
           3736      4.80472e+9 
        3736.24      4.80356e+9 
        3736.49      4.80236e+9 
        3736.97      4.80001e+9 
        3737.83      4.79586e+9 
        3737.94       4.7953e+9 
        3738.06      4.79473e+9 
        3738.29      4.79357e+9 
        3738.59      4.79215e+9 
        3738.76      4.79131e+9 
        3738.94      4.79046e+9 
        3739.29      4.78876e+9 
         3739.5      4.78776e+9 
        3739.99      4.78537e+9 
        3740.48      4.78301e+9 
        3741.21      4.77943e+9 
        3741.45      4.77827e+9 
        3741.69      4.77711e+9 
        3742.09      4.77519e+9 
        3742.18      4.77478e+9 
        3742.26      4.77437e+9 
        3742.43      4.77356e+9 
        3742.67      4.77239e+9 
        3742.73      4.77208e+9 
        3742.76      4.77195e+9 
         3742.8       4.7718e+9 
        3742.86      4.77145e+9 
        3742.92       4.7712e+9 
        3743.17      4.77001e+9 
        3743.66      4.76762e+9 
        3744.62        4.763e+9 
        3744.65      4.76281e+9 
        3746.45       4.7542e+9 
        3747.61      4.74864e+9 
        3748.27      4.74544e+9 
        3748.84      4.74271e+9 
         3748.9      4.74239e+9 
        3748.93      4.74227e+9 
        3748.96      4.74211e+9 
        3748.99      4.74201e+9 
        3749.08      4.74154e+9 
        3749.12      4.74139e+9 
        3749.18      4.74107e+9 
        3749.38      4.74013e+9 
        3749.41      4.73997e+9 
        3749.64       4.7389e+9 
        3749.75      4.73834e+9 
        3749.87       4.7378e+9 
        3749.92      4.73752e+9 
        3749.98      4.73724e+9 
        3750.04      4.73699e+9 
        3750.09       4.7367e+9 
        3750.15      4.73642e+9 
        3750.21      4.73617e+9 
        3750.27      4.73589e+9 
        3750.32      4.73561e+9 
        3750.44      4.73507e+9 
        3750.62      4.73422e+9 
        3750.66      4.73397e+9 
        3750.72      4.73372e+9 
        3750.82      4.73325e+9 
        3750.91      4.73281e+9 
        3751.02      4.73231e+9 
        3751.12       4.7318e+9 
        3751.33       4.7308e+9 
        3751.48      4.73008e+9 
        3751.76      4.72876e+9 
        3752.03      4.72744e+9 
        3752.59       4.7248e+9 
        3753.53      4.72031e+9 
         3753.7      4.71952e+9 
        3753.78      4.71911e+9 
        3753.86      4.71873e+9 
        3754.18       4.7172e+9 
        3754.27      4.71676e+9 
        3754.84      4.71409e+9 
        3755.89      4.70909e+9 
        3756.09      4.70815e+9 
        3757.47      4.70158e+9 
        3757.51      4.70139e+9 
        3757.55      4.70124e+9 
        3758.93      4.69467e+9 
        3760.39      4.68779e+9 
        3761.66      4.68179e+9 
        3762.72      4.67679e+9 
        3763.23      4.67438e+9 
        3764.81      4.66696e+9 
        3765.07      4.66574e+9 
         3766.9      4.65713e+9 
        3768.55      4.64943e+9 
        3768.74      4.64855e+9 
        3768.93      4.64764e+9 
        3768.97      4.64745e+9 
         3769.2      4.64638e+9 
        3769.31      4.64585e+9 
        3769.66      4.64425e+9 
        3769.89      4.64318e+9 
        3770.11      4.64211e+9 
        3770.23      4.64158e+9 
        3770.34      4.64104e+9 
         3770.4      4.64076e+9 
        3770.46      4.64051e+9 
        3770.51      4.64023e+9 
        3770.57      4.63998e+9 
        3770.63      4.63969e+9 
        3770.69      4.63944e+9 
        3770.74      4.63916e+9 
         3770.8      4.63891e+9 
        3770.87      4.63859e+9 
        3770.92      4.63837e+9 
        3770.97      4.63812e+9 
        3770.99      4.63803e+9 
           3771      4.63796e+9 
        3771.07      4.63768e+9 
        3771.15       4.6373e+9 
         3771.3      4.63655e+9 
         3771.6      4.63517e+9 
        3771.89      4.63382e+9 
        3771.95      4.63353e+9 
        3772.21      4.63237e+9 
        3772.52       4.6309e+9 
        3773.15      4.62797e+9 
        3774.36      4.62238e+9 
         3775.5       4.6171e+9 
        3776.76      4.61123e+9 
        3777.13      4.60956e+9 
        3778.03      4.60539e+9 
         3778.4      4.60369e+9 
        3778.93      4.60124e+9 
        3780.73      4.59295e+9 
        3781.84      4.58782e+9 
        3783.05      4.58226e+9 
        3783.16      4.58176e+9 
        3784.26       4.5767e+9 
        3785.37      4.57165e+9 
        3786.22      4.56772e+9 
         3787.4      4.56232e+9 
        3787.57      4.56153e+9 
        3788.92      4.55537e+9 
        3790.45      4.54843e+9 
        3792.84      4.53753e+9 
        3793.49      4.53457e+9 
        3794.14      4.53162e+9 
         3794.9       4.5282e+9 
        3795.07      4.52744e+9 
        3795.44      4.52575e+9 
        3795.99      4.52327e+9 
        3796.45      4.52116e+9 
        3796.92      4.51909e+9 
        3797.15      4.51805e+9 
        3797.38      4.51698e+9 
        3797.49      4.51648e+9 
        3797.61      4.51595e+9 
        3797.67      4.51569e+9 
        3797.72      4.51544e+9 
        3797.78      4.51516e+9 
        3797.84      4.51491e+9 
         3797.9      4.51466e+9 
        3797.96      4.51437e+9 
        3798.01      4.51412e+9 
        3798.07      4.51387e+9 
        3798.19      4.51334e+9 
        3798.37      4.51252e+9 
        3798.42       4.5123e+9 
        3798.47      4.51208e+9 
        3798.57      4.51164e+9 
        3798.66      4.51123e+9 
        3798.75      4.51079e+9 
        3798.77      4.51073e+9 
        3798.84      4.51042e+9 
        3798.88      4.51023e+9 
        3798.92      4.51004e+9 
        3799.05      4.50947e+9 
        3799.09      4.50929e+9 
        3799.43      4.50778e+9 
        3799.47      4.50756e+9 
         3799.8      4.50608e+9 
        3800.56      4.50269e+9 
        3801.65      4.49779e+9 
        3802.32       4.4948e+9 
        3803.83      4.48805e+9 
        3805.35      4.48129e+9 
        3807.84       4.4702e+9 
        3808.38      4.46778e+9 
        3808.92       4.4654e+9 
           3810      4.46059e+9 
        3811.59      4.45355e+9 
        3812.16      4.45098e+9 
        3812.74      4.44843e+9 
         3813.9      4.44331e+9 
        3815.78      4.43499e+9 
        3816.09       4.4336e+9 
        3816.21       4.4331e+9 
        3816.64      4.43119e+9 
        3817.44      4.42767e+9 
         3817.5      4.42735e+9 
        3818.92      4.42113e+9 
        3820.39       4.4146e+9 
        3822.57      4.40505e+9 
        3823.35      4.40162e+9 
        3823.51       4.4009e+9 
        3824.13       4.3982e+9 
        3825.68      4.39138e+9 
         3826.8      4.38648e+9 
        3827.86      4.38186e+9 
        3828.91      4.37724e+9 
        3830.45      4.37052e+9 
        3831.02      4.36804e+9 
        3831.59      4.36556e+9 
           3832       4.3638e+9 
        3832.53       4.3615e+9 
        3832.73      4.36062e+9 
        3833.46      4.35745e+9 
        3833.93      4.35544e+9 
        3834.39      4.35343e+9 
        3834.63      4.35239e+9 
        3834.86      4.35139e+9 
        3834.97      4.35092e+9 
        3835.09      4.35041e+9 
        3835.15      4.35013e+9 
        3835.21      4.34991e+9 
        3835.27      4.34966e+9 
        3835.33      4.34941e+9 
        3835.38      4.34916e+9 
        3835.44      4.34891e+9 
         3835.5      4.34866e+9 
        3835.56       4.3484e+9 
        3835.63      4.34812e+9 
        3835.68       4.3479e+9 
        3835.73      4.34768e+9 
        3835.74      4.34762e+9 
        3835.77      4.34749e+9 
        3835.83      4.34727e+9 
        3835.91       4.3469e+9 
        3836.07       4.3462e+9 
        3836.38      4.34492e+9 
        3836.65      4.34375e+9 
        3836.98      4.34237e+9 
        3837.03      4.34215e+9 
        3837.31      4.34096e+9 
        3837.97      4.33816e+9 
        3838.65       4.3353e+9 
        3838.91      4.33417e+9 
        3839.18      4.33307e+9 
         3839.7      4.33084e+9 
        3840.76      4.32616e+9 
        3842.75      4.31777e+9 
        3842.83      4.31746e+9 
        3842.87      4.31727e+9 
        3842.91      4.31711e+9 
        3843.07      4.31645e+9 
        3843.38      4.31517e+9 
           3844      4.31253e+9 
        3844.59      4.31005e+9 
        3845.25      4.30728e+9 
        3845.55      4.30602e+9 
        3845.91      4.30452e+9 
        3847.23      4.29899e+9 
        3847.44      4.29811e+9 
        3848.91      4.29195e+9 
        3850.38      4.28582e+9 
        3851.98      4.27913e+9 
        3853.31      4.27354e+9 
        3854.64      4.26795e+9 
         3855.7      4.26349e+9 
         3857.3      4.25673e+9 
        3858.91      4.25004e+9 
        3862.01      4.23707e+9 
        3862.11      4.23663e+9 
        3862.22      4.23619e+9 
        3862.43      4.23531e+9 
        3862.85      4.23355e+9 
        3863.68      4.23003e+9 
        3865.17      4.22381e+9 
        3865.36      4.22299e+9 
        3865.56      4.22214e+9 
        3865.95      4.22051e+9 
        3866.73      4.21724e+9 
        3867.68      4.21328e+9 
        3868.29      4.21068e+9 
         3868.9       4.2081e+9 
        3870.13      4.20298e+9 
        3871.32      4.19798e+9 
        3872.59      4.19268e+9 
        3873.85      4.18733e+9 
        3876.32      4.17694e+9 
        3876.37      4.17675e+9 
        3876.37      4.17672e+9 
        3876.37      4.17672e+9 
        3876.42       4.1765e+9 
        3876.52      4.17609e+9 
        3876.72      4.17524e+9 
        3876.95      4.17433e+9 
        3877.12      4.17357e+9 
        3877.92      4.17024e+9 
         3878.9      4.16613e+9 
        3880.29      4.16029e+9 
        3880.85      4.15796e+9 
        3881.42       4.1556e+9 
        3882.55      4.15089e+9 
         3884.4       4.1432e+9 
         3884.8       4.1415e+9 
        3884.92        4.141e+9 
         3885.2      4.13983e+9 
        3886.01       4.1365e+9 
        3886.15      4.13594e+9 
         3887.1      4.13204e+9 
        3887.57      4.13013e+9 
        3888.04      4.12821e+9 
        3888.28      4.12727e+9 
        3888.52      4.12632e+9 
        3888.63      4.12585e+9 
        3888.75      4.12538e+9 
        3888.84      4.12501e+9 
        3888.87      4.12494e+9 
        3888.87      4.12491e+9 
         3888.9      4.12482e+9 
        3888.93      4.12469e+9 
        3888.99      4.12444e+9 
        3889.05      4.12422e+9 
        3889.11      4.12397e+9 
        3889.17      4.12375e+9 
        3889.22      4.12353e+9 
        3889.29      4.12325e+9 
        3889.34      4.12306e+9 
        3889.39      4.12287e+9 
        3889.41      4.12281e+9 
        3889.45      4.12265e+9 
        3889.49      4.12246e+9 
        3889.58      4.12212e+9 
        3889.75      4.12146e+9 
        3890.05      4.12029e+9 
        3890.32      4.11929e+9 
        3890.47      4.11866e+9 
        3890.66      4.11797e+9 
           3891      4.11668e+9 
        3891.68      4.11407e+9 
        3892.89      4.10955e+9 
        3893.94      4.10562e+9 
        3894.46      4.10371e+9 
        3895.31      4.10053e+9 
        3896.22      4.09714e+9 
        3896.68      4.09541e+9 
        3898.89      4.08718e+9 
         3899.6      4.08454e+9 
        3901.57      4.07719e+9 
        3903.89      4.06858e+9 
        3904.25      4.06726e+9 
        3908.89      4.04998e+9 
        3913.89      4.03126e+9 
        3918.89      4.01225e+9 
        3923.89      3.99296e+9 
        3928.22        3.976e+9 
        3928.35       3.9755e+9 
        3928.89      3.97339e+9 
        3929.56      3.97078e+9 
         3930.9      3.96551e+9 
        3933.45      3.95542e+9 
        3935.81      3.94593e+9 
        3937.35      3.93962e+9 
        3938.89      3.93324e+9 
        3940.04      3.92862e+9 
        3941.96      3.92074e+9 
        3943.88      3.91282e+9 
        3946.58      3.90164e+9 
        3947.73      3.89677e+9 
        3948.88      3.89184e+9 
        3950.65      3.88423e+9 
        3951.01      3.88273e+9 
        3951.19        3.882e+9 
        3951.72       3.8798e+9 
        3952.78      3.87528e+9 
        3954.55      3.86777e+9 
        3957.31       3.8559e+9 
        3958.09      3.85257e+9 
        3958.62      3.85034e+9 
        3958.88      3.84927e+9 
        3960.45      3.84258e+9 
        3962.28      3.83488e+9 
        3965.74      3.82062e+9 
        3965.94       3.8198e+9 
        3966.15      3.81895e+9 
        3966.56      3.81729e+9 
        3966.68      3.81682e+9 
        3967.28      3.81436e+9 
        3967.38      3.81396e+9 
        3968.08      3.81116e+9 
        3968.71      3.80862e+9 
        3968.88      3.80796e+9 
        3969.05      3.80726e+9 
        3969.23      3.80651e+9 
        3969.29      3.80629e+9 
        3969.38      3.80595e+9 
        3969.53      3.80535e+9 
        3969.65      3.80488e+9 
        3969.77      3.80441e+9 
        3969.83      3.80419e+9 
        3969.89      3.80397e+9 
        3969.95      3.80375e+9 
        3970.01      3.80353e+9 
        3970.07      3.80331e+9 
        3970.13      3.80312e+9 
        3970.19       3.8029e+9 
        3970.25      3.80271e+9 
        3970.32      3.80249e+9 
        3970.37      3.80236e+9 
        3970.42      3.80221e+9 
        3970.43      3.80218e+9 
        3970.49      3.80199e+9 
        3970.52      3.80192e+9 
        3970.61      3.80164e+9 
         3970.8      3.80114e+9 
         3971.1      3.80029e+9 
        3971.33      3.79963e+9 
        3971.59      3.79891e+9 
         3971.7      3.79863e+9 
        3972.06      3.79759e+9 
        3972.79      3.79555e+9 
        3973.99      3.79225e+9 
        3974.94      3.78964e+9 
         3976.4      3.78571e+9 
        3976.84      3.78449e+9 
        3977.86      3.78179e+9 
        3978.87      3.77908e+9 
        3979.58      3.77726e+9 
         3980.9      3.77384e+9 
        3982.23      3.77035e+9 
        3984.18      3.76539e+9 
        3984.88       3.7636e+9 
        3985.12        3.763e+9 
        3985.59      3.76181e+9 
        3986.99       3.7581e+9 
        3988.87      3.75314e+9 
        3991.38      3.74657e+9 
        3992.62      3.74327e+9 
        3993.85      3.73997e+9 
        3993.87      3.73994e+9 
        3996.36      3.73303e+9 
        3998.87      3.72602e+9 
        4003.87      3.71176e+9 
        4008.87       3.6969e+9 
        4013.86      3.68151e+9 
        4018.86      3.66586e+9 
        4023.86      3.64959e+9 
        4025.34      3.64469e+9 
        4028.86      3.63269e+9 
        4032.38       3.6204e+9 
        4032.95      3.61839e+9 
        4033.86      3.61509e+9 
         4035.9      3.60787e+9 
        4038.86      3.59728e+9 
        4043.86      3.57871e+9 
        4048.86      3.55939e+9 
        4053.86      3.53872e+9 
        4058.85      3.51613e+9 
        4063.85      3.49452e+9 
        4068.85      3.47096e+9 
        4073.85      3.44598e+9 
        4075.42      3.43806e+9 
        4078.85      3.42123e+9 
        4082.28      3.40291e+9 
        4082.56      3.40147e+9 
           4084      3.39386e+9 
         4085.7      3.38494e+9 
        4088.84      3.36779e+9 
         4089.7      3.36311e+9 
        4093.69       3.3414e+9 
        4096.52      3.32754e+9 
        4097.68      3.32245e+9 
        4098.01      3.32107e+9 
        4098.68      3.31856e+9 
        4098.84      3.31796e+9 
        4099.68       3.3152e+9 
        4100.17      3.31378e+9 
        4100.67      3.31259e+9 
        4100.92      3.31209e+9 
        4101.17      3.31162e+9 
         4101.3       3.3114e+9 
        4101.42      3.31118e+9 
        4101.48      3.31105e+9 
        4101.55      3.31092e+9 
        4101.61       3.3108e+9 
        4101.67      3.31064e+9 
        4101.73      3.31048e+9 
         4101.8       3.3103e+9 
        4101.86      3.31011e+9 
        4101.92      3.30989e+9 
        4102.05      3.30942e+9 
         4102.3      3.30844e+9 
        4102.74      3.30678e+9 
        4102.79      3.30659e+9 
        4102.85      3.30643e+9 
        4102.94      3.30612e+9 
        4103.15      3.30546e+9 
         4103.3      3.30496e+9 
        4103.55      3.30423e+9 
        4103.79      3.30357e+9 
        4104.29      3.30232e+9 
        4104.78      3.30134e+9 
        4105.29      3.30034e+9 
        4105.79      3.29958e+9 
        4106.79       3.2982e+9 
        4108.68      3.29669e+9 
        4108.76      3.29663e+9 
         4108.8       3.2966e+9 
        4108.84      3.29657e+9 
        4108.86      3.29657e+9 
           4109      3.29644e+9 
        4109.32      3.29619e+9 
        4109.78      3.29588e+9 
         4110.7      3.29569e+9 
        4111.32      3.29556e+9 
        4112.55      3.29515e+9 
        4113.77      3.29487e+9 
        4114.69      3.29471e+9 
        4116.23      3.29446e+9 
        4116.69      3.29437e+9 
        4117.77       3.2939e+9 
        4118.13      3.29371e+9 
        4118.84      3.29327e+9 
        4120.98      3.29236e+9 
        4123.84      3.29132e+9 
        4126.14      3.28978e+9 
        4128.84      3.28724e+9 
         4129.6      3.28683e+9 
        4131.53      3.28545e+9 
        4133.83      3.28353e+9 
        4134.22      3.28328e+9 
        4138.83      3.27857e+9 
        4143.83       3.2715e+9 
        4148.83      3.26512e+9 
        4153.83      3.25711e+9 
        4158.83      3.24775e+9 
        4163.83       3.2376e+9 
        4168.82       3.2267e+9 
        4173.82      3.21558e+9 
        4178.82      3.20389e+9 
        4183.82      3.19176e+9 
        4188.82      3.17923e+9 
        4193.82      3.16647e+9 
        4198.82      3.15356e+9 
        4203.81      3.14043e+9 
        4208.81      3.12708e+9 
        4213.81      3.11354e+9 
        4216.52       3.1061e+9 
        4217.24      3.10413e+9 
        4218.81      3.09978e+9 
         4221.1      3.09342e+9 
        4223.81       3.0858e+9 
        4224.95      3.08257e+9 
        4228.81      3.07158e+9 
        4233.81      3.05704e+9 
        4238.81      3.04202e+9 
        4243.81      3.02652e+9 
         4248.8      3.01047e+9 
         4253.8      2.99422e+9 
         4258.8      2.97722e+9 
         4263.8      2.95925e+9 
         4268.8      2.94005e+9 
         4273.8       2.9196e+9 
         4278.8       2.8988e+9 
        4283.79      2.87665e+9 
        4288.79      2.85376e+9 
        4293.79      2.82846e+9 
        4298.79      2.80121e+9 
        4303.79      2.77592e+9 
        4308.79      2.74847e+9 
        4313.79      2.71802e+9 
        4314.07      2.71656e+9 
        4318.78      2.69017e+9 
        4320.85      2.67688e+9 
         4323.5      2.66034e+9 
        4326.14      2.64361e+9 
        4326.48       2.6413e+9 
        4328.78      2.62547e+9 
        4330.23      2.61598e+9 
        4331.09      2.60966e+9 
        4331.15       2.6092e+9 
        4331.95      2.60324e+9 
        4333.66      2.59025e+9 
        4334.06      2.58715e+9 
        4336.17      2.56941e+9 
        4337.79      2.55349e+9 
        4338.22      2.54894e+9 
        4338.28      2.54816e+9 
        4338.78       2.5421e+9 
        4338.81      2.54175e+9 
        4339.34      2.53526e+9 
         4339.6      2.53151e+9 
        4339.87      2.52757e+9 
           4340      2.52559e+9 
        4340.13      2.52369e+9 
         4340.2      2.52281e+9 
        4340.26      2.52205e+9 
        4340.33      2.52144e+9 
         4340.4      2.52099e+9 
        4340.46      2.52074e+9 
        4340.53      2.52071e+9 
        4340.59      2.52088e+9 
        4340.66      2.52122e+9 
        4340.79      2.52231e+9 
        4341.01      2.52453e+9 
        4341.06      2.52506e+9 
         4341.1      2.52566e+9 
         4341.2      2.52669e+9 
        4341.23       2.5269e+9 
        4341.24        2.527e+9 
         4341.4      2.52876e+9 
        4341.58       2.5305e+9 
        4341.94      2.53343e+9 
        4342.64      2.53889e+9 
        4343.33      2.54345e+9 
        4343.57        2.545e+9 
        4344.04       2.5475e+9 
        4344.75      2.55101e+9 
        4346.17      2.55692e+9 
        4348.58      2.56496e+9 
        4348.78      2.56566e+9 
        4348.98      2.56633e+9 
        4349.37      2.56755e+9 
        4350.17      2.57001e+9 
        4350.32      2.57045e+9 
        4351.76      2.57384e+9 
         4353.2      2.57652e+9 
        4354.73      2.58068e+9 
        4356.08      2.58349e+9 
        4356.08      2.58349e+9 
        4357.43       2.5856e+9 
        4358.77      2.58818e+9 
        4359.17      2.58882e+9 
        4361.47      2.59268e+9 
        4363.77        2.596e+9 
        4367.98      2.59988e+9 
        4368.38      2.60059e+9 
        4368.52      2.60084e+9 
        4368.77      2.60125e+9 
        4369.56      2.60247e+9 
        4371.15      2.60453e+9 
        4373.77      2.60739e+9 
        4378.77      2.61042e+9 
        4383.77      2.61187e+9 
        4388.77      2.61509e+9 
        4393.77      2.61552e+9 
        4398.76      2.61376e+9 
        4403.76      2.61164e+9 
        4408.76      2.60805e+9 
        4413.76      2.60414e+9 
        4418.76      2.59885e+9 
        4423.76      2.59251e+9 
        4428.76      2.58535e+9 
        4433.75      2.57768e+9 
        4438.75      2.56974e+9 
        4443.75      2.56134e+9 
        4448.75      2.55254e+9 
        4453.75       2.5434e+9 
        4458.75      2.53405e+9 
        4463.75      2.52456e+9 
        4468.74      2.51494e+9 
        4473.74      2.50522e+9 
        4478.74      2.49545e+9 
        4483.74      2.48562e+9 
        4488.74      2.47575e+9 
        4493.74      2.46587e+9 
        4498.74      2.45598e+9 
        4503.74      2.44608e+9 
        4508.73      2.43618e+9 
        4513.73      2.42629e+9 
        4514.12      2.42552e+9 
        4518.73       2.4164e+9 
        4523.35       2.4073e+9 
        4527.19      2.39972e+9 
        4527.96      2.39821e+9 
        4528.73       2.3967e+9 
        4530.27      2.39367e+9 
        4532.97      2.38837e+9 
        4533.29      2.38774e+9 
        4533.35      2.38762e+9 
        4533.73      2.38688e+9 
        4534.49      2.38539e+9 
        4536.01       2.3824e+9 
        4538.73      2.37708e+9 
        4543.73      2.36732e+9 
        4548.72      2.35758e+9 
        4553.72      2.34787e+9 
        4558.72       2.3382e+9 
        4563.72      2.32855e+9 
        4568.72      2.31894e+9 
        4573.72      2.30937e+9 
        4578.72      2.29982e+9 
        4583.72      2.29032e+9 
        4588.71      2.28084e+9 
        4593.71       2.2714e+9 
        4596.53       2.2661e+9 
        4596.98      2.26524e+9 
        4598.71      2.26199e+9 
        4600.89       2.2579e+9 
        4603.71      2.25265e+9 
         4604.8      2.25061e+9 
        4608.71      2.24331e+9 
        4613.71        2.234e+9 
         4618.7      2.22472e+9 
         4623.7      2.21548e+9 
         4628.7      2.20626e+9 
         4633.7      2.19707e+9 
         4638.7      2.18789e+9 
         4643.7      2.17874e+9 
         4648.7      2.16962e+9 
         4653.7      2.16051e+9 
        4658.69      2.15142e+9 
        4663.69      2.14235e+9 
        4668.69      2.13328e+9 
        4673.69      2.12423e+9 
        4678.69      2.11517e+9 
        4683.69      2.10611e+9 
        4688.69      2.09705e+9 
        4693.69      2.08795e+9 
        4698.68      2.07881e+9 
        4703.68      2.06962e+9 
        4708.68      2.06038e+9 
        4713.68      2.05108e+9 
         4715.6      2.04748e+9 
        4718.68      2.04172e+9 
        4720.98      2.03738e+9 
        4721.76      2.03593e+9 
        4723.68      2.03229e+9 
        4724.83       2.0301e+9 
        4728.68      2.02274e+9 
        4733.68      2.01305e+9 
        4738.67      2.00321e+9 
        4743.67      1.99319e+9 
        4748.67      1.98292e+9 
        4753.67      1.97237e+9 
        4758.67      1.96167e+9 
        4763.67      1.95064e+9 
        4768.67       1.9392e+9 
        4773.66      1.92764e+9 
        4778.66      1.91565e+9 
        4783.66      1.90306e+9 
        4788.66      1.88976e+9 
        4793.66      1.87561e+9 
        4798.66      1.86109e+9 
        4803.66      1.84563e+9 
        4808.65      1.82976e+9 
        4813.65      1.81252e+9 
        4818.65      1.79366e+9 
        4823.65      1.77475e+9 
        4828.65      1.75438e+9 
        4833.65      1.73161e+9 
        4834.97      1.72551e+9 
        4838.65      1.70886e+9 
        4839.16       1.7064e+9 
        4842.32      1.69037e+9 
        4845.48      1.67399e+9 
         4845.5      1.67389e+9 
        4847.05       1.6658e+9 
        4848.64      1.65656e+9 
        4851.78       1.6392e+9 
        4854.39      1.62384e+9 
        4856.52       1.6113e+9 
         4858.4      1.60228e+9 
        4858.64      1.60144e+9 
        4858.66      1.60136e+9 
        4858.88      1.60053e+9 
        4859.36      1.60002e+9 
        4859.47      1.60001e+9 
        4860.06      1.60149e+9 
        4860.36       1.6035e+9 
        4860.66      1.60735e+9 
        4860.81      1.61006e+9 
        4860.95      1.61296e+9 
        4861.03       1.6143e+9 
         4861.1      1.61556e+9 
        4861.18      1.61659e+9 
        4861.25      1.61721e+9 
        4861.32      1.61738e+9 
         4861.4      1.61703e+9 
        4861.47      1.61621e+9 
        4861.54      1.61503e+9 
        4861.64       1.6131e+9 
        4861.69      1.61215e+9 
        4861.69      1.61211e+9 
        4861.69      1.61206e+9 
        4861.69      1.61196e+9 
        4861.74      1.61092e+9 
        4861.84      1.60876e+9 
        4861.98       1.6059e+9 
        4861.99      1.60574e+9 
        4862.28      1.60123e+9 
        4862.58      1.59846e+9 
         4862.6      1.59833e+9 
        4863.18      1.59555e+9 
        4863.76      1.59466e+9 
        4864.93      1.59642e+9 
        4865.99      1.59943e+9 
        4866.06      1.59956e+9 
        4866.09      1.59962e+9 
        4866.13      1.59968e+9 
        4866.26       1.5999e+9 
        4866.53      1.60097e+9 
        4867.08      1.60295e+9 
        4867.69       1.6052e+9 
        4868.17      1.60669e+9 
        4868.31      1.60716e+9 
        4868.64      1.60815e+9 
        4869.59      1.61126e+9 
        4870.86      1.61578e+9 
        4872.06      1.61924e+9 
        4873.41      1.62336e+9 
        4874.75      1.62769e+9 
        4876.23      1.63202e+9 
        4876.95      1.63387e+9 
        4877.43        1.635e+9 
        4878.64      1.63786e+9 
        4880.32      1.64242e+9 
        4882.91      1.64874e+9 
        4883.46      1.64996e+9 
        4883.64      1.65033e+9 
        4883.69      1.65045e+9 
        4884.48      1.65206e+9 
        4886.05      1.65507e+9 
        4888.63      1.65952e+9 
        4893.63      1.66861e+9 
        4898.63      1.67509e+9 
        4903.63      1.67994e+9 
        4908.63      1.68436e+9 
        4913.63      1.68719e+9 
        4915.55      1.68788e+9 
        4918.24      1.68851e+9 
        4918.63      1.68857e+9 
         4921.7      1.68914e+9 
        4923.62      1.68933e+9 
        4925.16      1.68938e+9 
        4928.62      1.68913e+9 
        4933.62      1.68843e+9 
        4938.62      1.68689e+9 
        4943.62      1.68463e+9 
        4948.62      1.68177e+9 
        4953.62      1.67843e+9 
        4958.61      1.67493e+9 
        4963.61      1.67103e+9 
        4968.61       1.6668e+9 
        4973.61      1.66241e+9 
        4978.61      1.65776e+9 
        4983.61      1.65288e+9 
        4988.61      1.64783e+9 
        4993.61      1.64263e+9 
         4998.6      1.63731e+9 
         5003.6      1.63188e+9 
         5008.6      1.62638e+9 
         5013.6      1.62083e+9 
         5018.6      1.61521e+9 
         5023.6      1.60955e+9 
         5028.6      1.60386e+9 
         5033.6      1.59813e+9 
        5038.59      1.59237e+9 
        5043.59       1.5866e+9 
        5048.59      1.58082e+9 
        5053.59      1.57504e+9 
        5058.59      1.56927e+9 
        5063.59       1.5635e+9 
        5068.59      1.55774e+9 
        5073.58      1.55199e+9 
        5078.58      1.54625e+9 
        5083.58      1.54052e+9 
        5088.58      1.53482e+9 
        5093.58      1.52912e+9 
        5098.58      1.52344e+9 
        5103.58      1.51777e+9 
        5108.57      1.51213e+9 
        5113.57      1.50651e+9 
        5118.57      1.50091e+9 
        5123.57      1.49532e+9 
        5128.57      1.48976e+9 
        5133.57      1.48422e+9 
        5138.57      1.47871e+9 
        5143.57      1.47321e+9 
        5148.56      1.46774e+9 
        5153.56      1.46229e+9 
        5158.56      1.45686e+9 
        5163.56      1.45146e+9 
        5168.56      1.44608e+9 
        5173.56      1.44072e+9 
        5178.56      1.43539e+9 
        5183.56      1.43007e+9 
        5188.55      1.42478e+9 
        5193.55      1.41952e+9 
        5198.55      1.41428e+9 
        5203.55      1.40905e+9 
        5208.55      1.40386e+9 
        5213.55      1.39868e+9 
        5218.55      1.39353e+9 
        5223.54       1.3884e+9 
        5228.54      1.38329e+9 
        5233.54      1.37821e+9 
        5238.54      1.37315e+9 
        5243.54      1.36811e+9 
        5248.54      1.36309e+9 
        5253.54       1.3581e+9 
        5258.53      1.35313e+9 
        5263.53      1.34818e+9 
        5268.53      1.34325e+9 
        5273.53      1.33834e+9 
        5278.53      1.33346e+9 
        5283.53       1.3286e+9 
        5288.53      1.32376e+9 
        5293.52      1.31894e+9 
        5298.52      1.31414e+9 
        5303.52      1.30937e+9 
        5308.52      1.30461e+9 
        5313.52      1.29988e+9 
        5318.52      1.29517e+9 
        5323.52      1.29048e+9 
        5328.52      1.28581e+9 
        5333.52      1.28116e+9 
        5338.51      1.27653e+9 
        5343.51      1.27192e+9 
        5348.51      1.26733e+9 
        5353.51      1.26277e+9 
        5358.51      1.25822e+9 
        5363.51      1.25381e+9 
        5368.51       1.2493e+9 
         5373.5      1.24481e+9 
         5378.5      1.24034e+9 
         5383.5      1.23589e+9 
         5388.5      1.23146e+9 
         5393.5      1.22705e+9 
         5398.5      1.22266e+9 
         5403.5      1.21829e+9 
        5408.49      1.21394e+9 
        5413.49       1.2096e+9 
        5418.49      1.20529e+9 
        5423.49        1.201e+9 
        5428.49      1.19672e+9 
        5433.49      1.19247e+9 
        5438.49      1.18823e+9 
        5443.48      1.18401e+9 
        5448.48      1.17981e+9 
        5453.48      1.17563e+9 
        5458.48      1.17147e+9 
        5463.48      1.16732e+9 
        5468.48       1.1632e+9 
        5473.48      1.15909e+9 
        5478.48        1.155e+9 
        5483.48      1.15093e+9 
        5488.47      1.14687e+9 
        5493.47      1.14284e+9 
        5498.47      1.13882e+9 
        5503.47      1.13482e+9 
        5508.47      1.13084e+9 
        5513.47      1.12687e+9 
        5518.47      1.12292e+9 
        5523.46      1.11899e+9 
        5528.46      1.11508e+9 
        5533.46      1.11118e+9 
        5538.46       1.1073e+9 
        5543.46      1.10344e+9 
        5548.46       1.0996e+9 
        5553.46      1.09577e+9 
        5558.45      1.09195e+9 
        5563.45      1.08816e+9 
        5568.45      1.08438e+9 
        5573.45      1.08062e+9 
        5578.45      1.07687e+9 
        5583.45      1.07314e+9 
        5588.45      1.06943e+9 
        5593.44      1.06573e+9 
        5598.44      1.06204e+9 
        5603.44      1.05838e+9 
        5608.44      1.05473e+9 
        5613.44      1.05109e+9 
        5618.44      1.04747e+9 
        5623.44      1.04387e+9 
        5628.44      1.04028e+9 
        5633.43      1.03671e+9 
        5638.43      1.03315e+9 
        5643.43      1.02961e+9 
        5648.43      1.02609e+9 
        5653.43      1.02257e+9 
        5658.43      1.01908e+9 
        5663.43      1.01559e+9 
        5668.43      1.01241e+9 
        5673.42      1.00896e+9 
        5673.98      1.00857e+9 
        5678.42      1.00552e+9 
        5682.86      1.00247e+9 
         5686.2      1.00019e+9 
        5687.31      9.99435e+8 
        5687.86      9.99058e+8 
        5688.42      9.98678e+8 
        5690.64      9.97167e+8 
        5693.42      9.95279e+8 
        5698.42      9.91898e+8 
        5703.41      9.88527e+8 
        5704.77      9.87619e+8 
        5708.41      9.85175e+8 
        5708.88      9.84861e+8 
        5712.06      9.82737e+8 
        5713.41      9.81833e+8 
        5715.23       9.8062e+8 
        5718.41      9.78509e+8 
        5723.41      9.75197e+8 
        5728.41      9.71899e+8 
        5733.41      9.68613e+8 
        5738.41      9.65345e+8 
         5743.4      9.62088e+8 
         5748.4      9.58845e+8 
         5753.4      9.55616e+8 
         5758.4      9.52402e+8 
         5763.4      9.49129e+8 
         5768.4       9.4594e+8 
         5773.4      9.42767e+8 
         5778.4      9.39603e+8 
        5783.39      9.36455e+8 
        5788.39       9.3332e+8 
        5793.39      9.30197e+8 
        5798.39      9.27087e+8 
        5803.39       9.2399e+8 
        5808.39      9.20908e+8 
        5813.39      9.17835e+8 
        5818.39      9.14778e+8 
        5823.38      9.11731e+8 
        5828.38      9.08699e+8 
        5833.38       9.0568e+8 
        5838.38      9.02671e+8 
        5843.38      8.99677e+8 
        5848.38      8.96695e+8 
        5853.38      8.93723e+8 
        5858.37      8.90767e+8 
        5863.37       8.8782e+8 
        5868.37      8.84886e+8 
        5873.37      8.81964e+8 
        5878.37      8.79055e+8 
        5883.37      8.76159e+8 
        5888.37      8.73272e+8 
        5893.36      8.70397e+8 
        5898.36      8.67535e+8 
        5903.36      8.64686e+8 
        5908.36      8.61846e+8 
        5913.36      8.59018e+8 
        5918.36      8.56203e+8 
        5923.36      8.53398e+8 
        5928.35      8.50605e+8 
        5933.35      8.47825e+8 
        5938.35      8.45054e+8 
        5943.35      8.42292e+8 
        5948.35      8.39547e+8 
        5953.35      8.36807e+8 
        5958.35      8.34083e+8 
        5963.35      8.31369e+8 
        5968.34      8.28664e+8 
        5973.34      8.25972e+8 
        5978.34      8.23289e+8 
        5983.34      8.20619e+8 
        5988.34      8.17958e+8 
        5993.34      8.15306e+8 
        5998.34      8.12667e+8 
        6003.34      8.10038e+8 
        6008.33      8.07421e+8 
        6013.33      8.04813e+8 
        6018.33      8.02218e+8 
        6023.33       7.9963e+8 
        6028.33      7.97053e+8 
        6033.33       7.9449e+8 
        6038.32      7.91933e+8 
        6043.32      7.89388e+8 
        6048.32       7.8685e+8 
        6053.32      7.84327e+8 
        6058.32       7.8181e+8 
        6063.32      7.79303e+8 
        6068.32      7.76806e+8 
        6073.32      7.74321e+8 
        6078.31      7.71845e+8 
        6083.31      7.69376e+8 
        6088.31      7.66919e+8 
        6093.31      7.64472e+8 
        6098.31      7.62034e+8 
        6103.31      7.59603e+8 
        6108.31      7.57184e+8 
        6113.31      7.54774e+8 
         6118.3      7.52371e+8 
         6123.3       7.4998e+8 
         6128.3      7.47595e+8 
         6133.3      7.45223e+8 
         6138.3      7.42858e+8 
         6143.3      7.40502e+8 
         6148.3      7.38155e+8 
        6153.29      7.35818e+8 
        6158.29       7.3349e+8 
        6163.29      7.31168e+8 
        6168.29      7.28856e+8 
        6173.29      7.26553e+8 
        6178.29      7.24256e+8 
        6183.29      7.21969e+8 
        6188.28      7.19692e+8 
        6193.28       7.1742e+8 
        6198.28      7.15158e+8 
        6203.28      7.12906e+8 
        6208.28       7.1066e+8 
        6213.28      7.08423e+8 
        6218.28      7.06192e+8 
        6223.28      7.03968e+8 
        6228.27      7.01753e+8 
        6233.27      6.99548e+8 
        6238.27      6.97346e+8 
        6243.27      6.95153e+8 
        6244.38      6.94666e+8 
        6248.27      6.92966e+8 
        6252.16      6.91273e+8 
        6253.82      6.90547e+8 
        6256.04      6.89583e+8 
        6258.27      6.88618e+8 
        6262.16      6.86931e+8 
        6262.71      6.86692e+8 
        6263.27      6.86454e+8 
        6264.37      6.85973e+8 
        6264.91      6.85741e+8 
        6266.59      6.85018e+8 
        6268.26      6.84295e+8 
        6269.97       6.8356e+8 
        6271.61       6.8285e+8 
        6273.26      6.82143e+8 
        6274.85      6.81459e+8 
        6276.56      6.80727e+8 
        6278.26      6.79998e+8 
        6280.08      6.79219e+8 
        6281.67      6.78537e+8 
        6283.26      6.77858e+8 
        6284.63      6.77274e+8 
        6286.44      6.76498e+8 
        6288.26      6.75722e+8 
        6290.52      6.74758e+8 
        6291.89      6.74176e+8 
        6293.26      6.73595e+8 
        6293.73      6.73394e+8 
        6295.99      6.72436e+8 
        6298.26      6.71475e+8 
        6302.31      6.69762e+8 
        6302.78      6.69561e+8 
        6303.25      6.69363e+8 
        6303.92      6.69084e+8 
         6304.2      6.68964e+8 
        6306.09       6.6817e+8 
        6308.25      6.67255e+8 
        6311.92       6.6571e+8 
        6312.59       6.6543e+8 
        6313.25      6.65154e+8 
        6314.58      6.64595e+8 
        6316.22      6.63906e+8 
        6317.23      6.63479e+8 
        6317.31      6.63448e+8 
        6318.25      6.63055e+8 
        6320.28      6.62204e+8 
        6323.25       6.6096e+8 
        6328.25      6.58871e+8 
        6333.25      6.56785e+8 
        6338.24      6.54708e+8 
        6343.24      6.52631e+8 
        6348.24      6.50558e+8 
        6353.24      6.48488e+8 
        6358.24       6.4642e+8 
        6363.24       6.4435e+8 
        6368.24      6.42283e+8 
        6373.23      6.40216e+8 
        6378.23      6.38145e+8 
        6383.23      6.36075e+8 
        6388.23      6.34002e+8 
        6393.23      6.31922e+8 
        6398.23      6.29833e+8 
        6403.23      6.27737e+8 
        6408.23      6.25632e+8 
        6413.22      6.23515e+8 
        6418.22      6.21385e+8 
        6423.22      6.19236e+8 
        6428.22      6.17065e+8 
        6433.22      6.14873e+8 
        6438.22      6.12648e+8 
        6443.22      6.10393e+8 
        6448.22      6.08096e+8 
        6453.21      6.05752e+8 
        6458.21      6.03359e+8 
        6463.21      6.00905e+8 
        6468.21      5.98382e+8 
        6473.21      5.95787e+8 
        6478.21      5.93111e+8 
         6483.2      5.90321e+8 
         6488.2      5.87412e+8 
         6493.2      5.84361e+8 
         6498.2      5.81148e+8 
         6503.2      5.77748e+8 
         6508.2      5.74154e+8 
         6513.2      5.70318e+8 
         6518.2      5.66184e+8 
        6523.19      5.61764e+8 
        6523.72      5.61283e+8 
        6528.19       5.5702e+8 
        6532.67      5.52421e+8 
         6536.1      5.48651e+8 
        6537.14      5.47514e+8 
        6537.38       5.4725e+8 
        6538.19      5.46351e+8 
        6540.29      5.43942e+8 
        6543.19      5.40385e+8 
        6546.46       5.3615e+8 
        6546.72      5.35799e+8 
        6548.19      5.33807e+8 
        6549.92      5.31281e+8 
        6553.11      5.26531e+8 
        6554.43      5.24341e+8 
        6556.31      5.21102e+8 
        6556.87      5.19984e+8 
         6557.9      5.17804e+8 
        6558.19       5.1716e+8 
         6558.7      5.15831e+8 
         6559.5      5.13496e+8 
         6560.3      5.10477e+8 
         6560.7      5.08508e+8 
         6561.1      5.05875e+8 
        6561.49      5.02488e+8 
        6561.85      4.97993e+8 
         6561.9      4.97179e+8 
        6561.94      4.96312e+8 
        6562.05      4.94462e+8 
         6562.1      4.93447e+8 
         6562.2      4.91684e+8 
        6562.24      4.90808e+8 
        6562.29      4.89869e+8 
        6562.44      4.87594e+8 
        6562.49      4.86994e+8 
        6562.49      4.86947e+8 
        6562.49        4.869e+8 
        6562.54      4.86337e+8 
        6562.59      4.85832e+8 
        6562.69      4.85172e+8 
        6562.79      4.84921e+8 
        6562.89      4.85112e+8 
        6562.99      4.85722e+8 
        6563.09      4.86733e+8 
        6563.29       4.8957e+8 
        6563.49      4.93095e+8 
        6563.64      4.95831e+8 
        6563.69      4.96607e+8 
        6563.69      4.96639e+8 
        6563.69       4.9667e+8 
        6563.74      4.97452e+8 
        6563.84      4.98857e+8 
        6564.04      5.01229e+8 
        6564.29      5.03544e+8 
        6564.39      5.04254e+8 
        6564.44      5.04581e+8 
        6564.49      5.04895e+8 
        6564.69       5.0618e+8 
        6565.08      5.08159e+8 
        6565.64      5.10261e+8 
        6565.86      5.10958e+8 
        6566.09      5.11568e+8 
        6566.54      5.12611e+8 
        6566.69      5.12981e+8 
        6567.09      5.13845e+8 
        6567.44      5.14505e+8 
        6568.18      5.15711e+8 
        6569.28      5.17254e+8 
        6570.48      5.18595e+8 
        6571.48      5.19695e+8 
        6572.47      5.20732e+8 
        6573.27      5.21495e+8 
        6574.47      5.22544e+8 
        6575.67      5.23509e+8 
        6577.95      5.25372e+8 
        6578.06       5.2546e+8 
        6578.18      5.25541e+8 
        6578.41      5.25708e+8 
        6578.87      5.26031e+8 
        6579.79      5.26644e+8 
        6580.08      5.26848e+8 
        6581.63      5.27888e+8 
        6583.18      5.28856e+8 
        6584.38      5.29563e+8 
        6586.28       5.3058e+8 
        6587.91      5.31375e+8 
        6588.18      5.31495e+8 
        6588.44      5.31617e+8 
        6588.98      5.31853e+8 
        6590.04      5.32321e+8 
        6591.02       5.3278e+8 
        6592.17      5.33285e+8 
        6593.01      5.33643e+8 
        6593.31      5.33766e+8 
        6595.59      5.34636e+8 
        6598.17      5.35497e+8 
        6603.34      5.36889e+8 
        6613.66       5.3861e+8 
        6623.98      5.39097e+8 
         6634.3      5.38689e+8 
        6639.69      5.38189e+8 
        6644.62      5.37596e+8 
        6654.94      5.35993e+8 
        6675.58      5.31821e+8 
        6711.48      5.22843e+8 
        6747.37      5.13016e+8 
        6813.53       4.9459e+8 
        6819.16      4.93038e+8 
        6824.78       4.9149e+8 
        6836.02      4.88408e+8 
        6858.51      4.82297e+8 
        6903.49      4.70296e+8 
        6993.45      4.47278e+8 
        7057.68      4.31661e+8 
        7083.41      4.25592e+8 
        7109.15      4.19626e+8 
        7160.61      4.07999e+8 
        7212.08      3.96774e+8 
        7263.54      3.85926e+8 
        7315.01      3.75449e+8 
        7339.44      3.70598e+8 
        7366.48      3.65333e+8 
        7393.51      3.60149e+8 
        7447.59      3.50052e+8 
        7501.66       3.4031e+8 
        7555.74      3.30904e+8 
        7609.82      3.21822e+8 
         7649.9      3.15287e+8 
        7663.89      3.13047e+8 
        7677.88      3.10825e+8 
        7705.86      3.06442e+8 
        7761.82      2.97906e+8 
        7817.78      2.89665e+8 
        7873.74      2.81707e+8 
        7897.16      2.78458e+8 
         7929.7      2.74021e+8 
        7962.25      2.69671e+8 
        7972.12      2.68369e+8 
        8027.33      2.61228e+8 
        8082.55      2.54324e+8 
        8137.77      2.47647e+8 
        8183.11      2.42326e+8 
        8192.98      2.41187e+8 
        8200.85      2.40283e+8 
        8202.85      2.40054e+8 
        8204.85      2.39826e+8 
        8208.85       2.3937e+8 
        8216.85       2.3846e+8 
        8232.84      2.36654e+8 
        8264.83      2.33093e+8 
        8289.72      2.30369e+8 
        8328.82       2.2617e+8 
        8343.44      2.24623e+8 
        8367.92      2.22065e+8 
        8371.47      2.21697e+8 
        8388.68      2.19923e+8 
        8392.39      2.19543e+8 
        8408.65      2.17888e+8 
        8413.32      2.17415e+8 
        8432.02      2.15535e+8 
        8437.95      2.14943e+8 
        8467.25      2.12049e+8 
        8473.98      2.11391e+8 
        8502.48      2.08633e+8 
        8516.58      2.07285e+8 
        8530.98      2.05919e+8 
        8545.38      2.04566e+8 
        8549.97      2.04136e+8 
        8574.18      2.01891e+8 
        8598.39      1.99676e+8 
         8628.6      1.96956e+8 
        8646.81      1.95338e+8 
        8652.39      1.94845e+8 
        8665.01      1.93737e+8 
        8685.59      1.91947e+8 
        8701.43      1.90583e+8 
        8750.47      1.86437e+8 
        8767.92      1.84988e+8 
        8815.35      1.81123e+8 
        8862.78       1.7736e+8 
        8900.38      1.74446e+8 
        8957.65      1.70118e+8 
        9014.91      1.65925e+8 
        9044.62      1.63802e+8 
        9072.17      1.61865e+8 
        9099.72      1.59954e+8 
        9154.81       1.5622e+8 
         9190.8      1.53838e+8 
         9209.9      1.52591e+8 
        9229.01      1.51359e+8 
        9267.22      1.48924e+8 
         9303.2      1.46688e+8 
        9343.64      1.44221e+8 
        9384.08        1.418e+8 
        9464.96      1.37097e+8 
        9545.72      1.32573e+8 
        9545.84      1.32567e+8 
        9545.97       1.3256e+8 
        9546.21      1.32547e+8 
        9546.69      1.32521e+8 
        9546.87      1.32511e+8 
        9547.66      1.32469e+8 
        9549.59      1.32346e+8 
        9553.47      1.32139e+8 
        9561.21      1.31727e+8 
        9576.69       1.3091e+8 
        9607.66      1.29292e+8 
        9668.45      1.26174e+8 
        9729.24      1.23135e+8 
        9790.04      1.20166e+8 
        9850.83       1.1727e+8 
        9870.42      1.16346e+8 
        9911.62      1.14416e+8 
        9952.82       1.1251e+8 
        10021.1       1.0941e+8 
        10035.2      1.08788e+8 
        10049.4      1.08194e+8 
        10077.7      1.07038e+8 
        10134.2      1.04846e+8 
        10144.5      1.04453e+8 
        10190.8      1.02687e+8 
        10237.2      1.00939e+8 
        10329.9      9.75012e+7 
        10422.6       9.4178e+7 
        10515.3      9.09177e+7 
          10608      8.78103e+7 
        10700.7      8.47558e+7 
        10793.4      8.17172e+7 
        10834.1      8.03871e+7 
        10886.1      7.86894e+7 
        10912.1      7.78119e+7 
        10925.1      7.73479e+7 
        10938.1      7.68531e+7 
        10951.1      7.66357e+7 
        10964.1       7.6385e+7 
        10977.1      7.61117e+7 
        10990.1       7.5828e+7 
        11016.1      7.52358e+7 
          11068      7.40373e+7 
          11120        7.283e+7 
          11172      7.16135e+7 
          11187      7.12576e+7 
          11224      7.03846e+7 
        11260.9       6.9515e+7 
        11334.8      6.77858e+7 
        11408.7       6.6095e+7 
        11482.5       6.4468e+7 
        11556.4      6.28639e+7 
        11630.3      6.13091e+7 
        11704.2      5.98021e+7 
        11778.1      5.83409e+7 
        11851.9      5.69244e+7 
        11925.8      5.55503e+7 
        11999.7      5.42173e+7 
        12073.6      5.29063e+7 
        12147.5      5.16465e+7 
          12158      5.14687e+7 
        12221.3      5.04204e+7 
        12284.6      4.93946e+7 
        12347.9      4.83874e+7 
        12411.2       4.7396e+7 
        12474.5      4.64161e+7 
        12537.8      4.54331e+7 
        12601.1      4.44413e+7 
        12664.4      4.34105e+7 
        12727.7      4.23113e+7 
        12763.9      4.16296e+7 
        12777.4      4.13773e+7 
          12791      4.11307e+7 
        12797.8      4.10182e+7 
        12804.5      4.09236e+7 
        12811.3      4.08771e+7 
          12818      4.09827e+7 
        12818.1      4.09821e+7 
        12818.1      4.09814e+7 
        12818.2      4.09796e+7 
        12818.4      4.09752e+7 
        12818.8       4.0962e+7 
        12819.6      4.09233e+7 
        12821.2      4.08385e+7 
        12824.4      4.07226e+7 
        12830.8      4.06004e+7 
        12837.2      4.05262e+7 
          12850      4.04207e+7 
        12875.6      4.02611e+7 
        12926.8      3.99026e+7 
          12978      3.94647e+7 
        13029.2       3.8974e+7 
        13080.3      3.84496e+7 
        13131.5      3.79121e+7 
        13182.7      3.73674e+7 
        13233.9      3.68207e+7 
        13261.8      3.65245e+7 
        13285.1      3.62785e+7 
        13308.4      3.60341e+7 
        13354.9      3.55487e+7 
        13447.9      3.45968e+7 
          13541      3.36732e+7 
          13634      3.27835e+7 
        13727.1      3.19158e+7 
        13820.1      3.10765e+7 
        13913.2      3.02647e+7 
        14006.2      2.94793e+7 
        14099.2      2.87192e+7 
        14192.3      2.79834e+7 
        14238.6      2.76259e+7 
        14285.3       2.7271e+7 
        14332.1      2.69218e+7 
        14393.4      2.64714e+7 
        14425.5      2.62395e+7 
        14457.6      2.60102e+7 
        14460.5      2.59898e+7 
        14521.9      2.55589e+7 
        14581.2      2.51504e+7 
        14583.2      2.51368e+7 
        14585.2      2.51232e+7 
        14589.2       2.5096e+7 
        14597.2      2.50417e+7 
        14613.2      2.49336e+7 
        14645.2      2.47192e+7 
        14709.2      2.42973e+7 
        14773.2      2.38842e+7 
        14837.1        2.348e+7 
        14901.1      2.30843e+7 
        14965.1      2.26968e+7 
        15029.1      2.23174e+7 
        15093.1       2.1946e+7 
        15157.1      2.15822e+7 
          15221      2.12259e+7 
          15285       2.0877e+7 
          15349      2.05351e+7 
          15413      2.02003e+7 
        15471.6      1.98997e+7 
          15477      1.98723e+7 
        15482.4      1.98449e+7 
        15493.1      1.97904e+7 
        15514.7      1.96818e+7 
        15557.9      1.94669e+7 
        15644.2      1.90459e+7 
        15730.5      1.86361e+7 
        15816.8      1.82374e+7 
        15903.1      1.78492e+7 
        15989.4      1.74713e+7 
        16075.8      1.71034e+7 
        16162.1      1.67451e+7 
        16248.4      1.63961e+7 
        16289.9      1.62316e+7 
        16334.7      1.60562e+7 
        16379.5      1.58832e+7 
        16469.1      1.55441e+7 
        16558.8      1.52141e+7 
        16648.4      1.48927e+7 
          16738      1.45798e+7 
        16827.7       1.4276e+7 
        16917.3      1.39792e+7 
        17006.9        1.369e+7 
        17096.6      1.34083e+7 
        17186.2      1.31338e+7 
        17275.8      1.28663e+7 
        17327.7      1.27147e+7 
        17365.5      1.26056e+7 
        17403.2      1.24977e+7 
        17478.8      1.22854e+7 
        17554.3      1.20776e+7 
        17629.9      1.18742e+7 
        17705.4       1.1675e+7 
          17781        1.148e+7 
        17856.5      1.12891e+7 
        17932.1      1.11021e+7 
        18007.6      1.09146e+7 
        18083.2       1.0734e+7 
        18158.7      1.05567e+7 
        18234.3      1.03821e+7 
        18309.8      1.02096e+7 
        18343.7      1.01325e+7 
        18385.3      1.00381e+7 
          18427      9.94336e+6 
        18510.2      9.74962e+6 
        18593.4      9.54092e+6 
        18602.1      9.51739e+6 
        18639.3       9.4103e+6 
        18657.9       9.3523e+6 
        18676.6      9.28906e+6 
        18695.2      9.21841e+6 
        18704.5      9.17907e+6 
        18713.8      9.13318e+6 
        18723.2      9.08118e+6 
        18732.5      9.01304e+6 
        18737.1      8.96802e+6 
        18741.8      8.90726e+6 
        18744.1      8.86447e+6 
        18746.5      8.80453e+6 
        18748.8      8.70919e+6 
        18749.9      8.65298e+6 
        18750.5      8.63256e+6 
        18751.1      8.62427e+6 
        18751.7      8.63046e+6 
        18752.3      8.64877e+6 
        18752.9      8.67372e+6 
        18753.4      8.70074e+6 
          18754      8.72562e+6 
        18754.6      8.74934e+6 
        18755.2      8.76954e+6 
        18755.8      8.78744e+6 
        18756.9      8.81578e+6 
        18759.3      8.85719e+6 
        18761.6      8.88562e+6 
        18763.9      8.90695e+6 
        18768.6       8.9367e+6 
        18777.9      8.97245e+6 
        18787.2      8.99039e+6 
        18805.8      9.00522e+6 
        18824.5      9.00431e+6 
        18861.7      8.98068e+6 
          18899      8.94176e+6 
        18973.5      8.83865e+6 
        19048.1      8.71965e+6 
        19122.6      8.59477e+6 
        19197.1      8.46826e+6 
        19271.6      8.34225e+6 
        19346.2      8.21753e+6 
        19390.7      8.14376e+6 
        19420.7      8.09453e+6 
        19450.7      8.04559e+6 
        19510.6      7.94873e+6 
        19570.6      7.85496e+6 
        19630.6      7.76042e+6 
        19690.5      7.66728e+6 
        19750.5      7.57554e+6 
        19810.4      7.48519e+6 
        19870.4      7.39616e+6 
        19930.4      7.30848e+6 
        19990.3      7.22205e+6 
        20050.3      7.13691e+6 
        20110.2      7.05303e+6 
        20170.2      6.97038e+6 
        20230.2      6.88892e+6 
        20290.1      6.80868e+6 
        20350.1      6.72957e+6 
        20410.1       6.6516e+6 
        20465.6      6.58035e+6 
          20470      6.57479e+6 
        20474.4      6.56923e+6 
        20483.2      6.55811e+6 
        20500.7      6.53593e+6 
        20535.7      6.49188e+6 
        20605.8      6.40492e+6 
        20675.8      6.31938e+6 
        20745.9      6.23528e+6 
          20816      6.15256e+6 
          20886      6.07122e+6 
        20956.1      5.99121e+6 
        21026.1      5.91251e+6 
        21096.2      5.83513e+6 
        21166.3      5.75898e+6 
        21236.3      5.68405e+6 
        21306.4      5.61038e+6 
        21376.5      5.53787e+6 
        21446.5      5.46653e+6 
        21516.6      5.39635e+6 
        21542.7      5.37049e+6 
        21586.7      5.32726e+6 
        21630.6       5.2845e+6 
        21718.5      5.20022e+6 
        21806.5      5.11759e+6 
        21894.4      5.03663e+6 
        21982.3      4.95724e+6 
        22070.2      4.87943e+6 
        22158.2      4.80312e+6 
        22246.1      4.72829e+6 
          22334      4.65493e+6 
        22421.9      4.58299e+6 
        22509.8       4.5124e+6 
        22597.8      4.44319e+6 
        22685.7       4.3753e+6 
        22760.4      4.31862e+6 
        22773.6      4.30869e+6 
        22784.8      4.30027e+6 
        22786.8       4.2988e+6 
        22788.8      4.29729e+6 
        22792.8      4.29431e+6 
        22800.8      4.28834e+6 
        22816.8      4.27643e+6 
        22848.8      4.25271e+6 
        22912.8      4.20581e+6 
        22976.8      4.15953e+6 
        23040.8      4.11392e+6 
        23104.8       4.0689e+6 
        23168.7      4.02451e+6 
        23232.7      3.98071e+6 
        23296.7      3.93752e+6 
        23360.7      3.89492e+6 
        23424.7      3.85285e+6 
        23488.6      3.81138e+6 
        23552.6      3.77048e+6 
        23616.6      3.73011e+6 
        23680.6      3.69027e+6 
        23744.6      3.65097e+6 
        23808.6       3.6122e+6 
        23872.5      3.57394e+6 
        23936.5      3.53618e+6 
        24000.5      3.49889e+6 
        24064.5      3.46213e+6 
        24128.5      3.42584e+6 
        24192.5         3.39e+6 
        24256.4      3.35466e+6 
        24320.4      3.31975e+6 
        24384.4      3.28532e+6 
        24448.4      3.25133e+6 
        24512.4      3.21778e+6 
        24576.3      3.18463e+6 
        24640.3      3.15193e+6 
        24704.3      3.11965e+6 
        24768.3      3.08778e+6 
        24832.3      3.05631e+6 
        24896.3      3.02525e+6 
        24960.2      2.99457e+6 
        25004.4      2.97361e+6 
        25024.2      2.96429e+6 
          25044        2.955e+6 
        25083.6      2.93653e+6 
        25162.8      2.90003e+6 
        25241.9      2.86409e+6 
        25321.1       2.8287e+6 
        25400.2      2.79386e+6 
        25479.4      2.75955e+6 
        25558.5      2.72577e+6 
        25637.7       2.6925e+6 
        25716.9      2.65974e+6 
          25796      2.62747e+6 
        25875.2       2.5957e+6 
        25954.3       2.5644e+6 
        26033.5      2.53357e+6 
        26112.7       2.5032e+6 
        26191.8      2.47328e+6 
          26271      2.44382e+6 
        26350.1      2.41479e+6 
        26429.3      2.38618e+6 
        26508.4        2.358e+6 
        26587.6      2.33024e+6 
        26666.8      2.30288e+6 
        26745.9      2.27592e+6 
        26825.1      2.24936e+6 
        26904.2      2.22318e+6 
        26983.4      2.19738e+6 
        27062.6      2.17195e+6 
        27141.7      2.14689e+6 
        27142.5      2.14663e+6 
        27220.9      2.12219e+6 
        27299.2       2.0981e+6 
        27377.5      2.07434e+6 
        27455.8      2.05092e+6 
        27534.2      2.02783e+6 
        27612.5      2.00506e+6 
        27690.8      1.98261e+6 
        27769.1      1.96047e+6 
        27847.5      1.93864e+6 
        27925.8      1.91711e+6 
        28004.1      1.89588e+6 
        28082.4      1.87495e+6 
        28160.8       1.8543e+6 
        28239.1      1.83394e+6 
        28317.4      1.81385e+6 
        28395.7      1.79404e+6 
          28474       1.7745e+6 
        28552.4      1.75522e+6 
        28630.7      1.73621e+6 
          28709      1.71745e+6 
        28787.3      1.69894e+6 
        28865.7      1.68068e+6 
          28944      1.66267e+6 
        29022.3       1.6449e+6 
        29100.6      1.62736e+6 
          29179      1.61006e+6 
        29257.3      1.59299e+6 
        29335.6      1.57614e+6 
        29413.9      1.55951e+6 
        29492.3       1.5431e+6 
        29570.6      1.52691e+6 
        29648.9      1.51093e+6 
        29727.2      1.49516e+6 
        29805.5      1.47959e+6 
        29883.9      1.46422e+6 
        29932.6      1.45476e+6 
        29962.2      1.44906e+6 
        29991.8      1.44338e+6 
