# Koester WD models
# teff = 80000 K (value for the effective temperature for the model. Temperatures are given in K)
# logg = 9.5 log(cm/s2) (value for Log(G) for the model.)
#
# column 1: WAVELENGTH (ANGSTROM), Wavelength in Angstrom
# column 2: FLUX (ERG/CM2/S/A), Flux in erg/cm2/s/A
         899.23     3.40885e+11 
        904.235     3.36213e+11 
         908.45     3.32327e+11 
        909.241     3.31601e+11 
        910.032     3.30876e+11 
        911.193     3.29811e+11 
        911.613     3.29427e+11 
        912.034     3.29041e+11 
        912.465     3.28645e+11 
        912.875     3.28271e+11 
        913.037     3.28124e+11 
        913.241     3.27935e+11 
        913.284     3.27897e+11 
        913.478     3.27718e+11 
        913.531     3.27668e+11 
        913.755     3.27464e+11 
        913.822     3.27404e+11 
         914.08     3.27165e+11 
        914.165     3.27087e+11 
        914.499     3.26779e+11 
        914.575      3.2671e+11 
        915.071     3.26251e+11 
         915.54     3.25818e+11 
        915.609     3.25752e+11 
        915.643      3.2572e+11 
        915.677     3.25692e+11 
        915.741     3.25632e+11 
        915.813     3.25566e+11 
        916.085     3.25321e+11 
        916.429     3.25007e+11 
        916.858     3.24614e+11 
        917.118     3.24373e+11 
        917.196       3.243e+11 
        917.378     3.24131e+11 
        917.899     3.23644e+11 
        917.952     3.23593e+11 
        918.287      3.2327e+11 
        918.602     3.22965e+11 
        919.251     3.22334e+11 
        920.215     3.21489e+11 
        921.882     3.19886e+11 
        921.999     3.19751e+11 
        922.143     3.19585e+11 
        922.405     3.19286e+11 
         922.81     3.18909e+11 
        923.621     3.18466e+11 
        925.001      3.1694e+11 
        925.242     3.16594e+11 
        925.484     3.16289e+11 
        925.564     3.16239e+11 
        925.966     3.16154e+11 
        926.164     3.16107e+11 
        926.369     3.16029e+11 
        927.173     3.15827e+11 
        927.276     3.15727e+11 
        928.182     3.14417e+11 
        928.917      3.1278e+11 
         928.98     3.12618e+11 
        929.089     3.12299e+11 
        929.261     3.11823e+11 
        929.317     3.11682e+11 
        929.543     3.11054e+11 
        929.655     3.10762e+11 
        929.769     3.10475e+11 
        929.827     3.10345e+11 
        929.883     3.10241e+11 
         929.91     3.10207e+11 
        929.939     3.10179e+11 
        929.954      3.1017e+11 
        929.968     3.10164e+11 
        929.982     3.10161e+11 
        929.996     3.10162e+11 
         930.01     3.10164e+11 
        930.024      3.1017e+11 
        930.038     3.10179e+11 
        930.052     3.10191e+11 
        930.081     3.10224e+11 
        930.137     3.10323e+11 
        930.201     3.10485e+11 
        930.247     3.10619e+11 
        930.249     3.10625e+11 
        930.251     3.10632e+11 
        930.301     3.10792e+11 
        930.326     3.10865e+11 
        930.329     3.10875e+11 
        930.402     3.11109e+11 
        930.478     3.11353e+11 
         930.63     3.11875e+11 
        930.931     3.12865e+11 
        931.229     3.13795e+11 
         931.49     3.14609e+11 
        931.534     3.14731e+11 
        931.838      3.1541e+11 
        931.968     3.15683e+11 
        932.447     3.16409e+11 
        932.925      3.1644e+11 
        933.265     3.16094e+11 
        933.403     3.15815e+11 
        933.432     3.15771e+11 
        933.542     3.15586e+11 
        933.652      3.1535e+11 
        933.872     3.14737e+11 
        933.973     3.14363e+11 
        934.073     3.13934e+11 
        934.312     3.12591e+11 
        934.652      3.1076e+11 
         935.23     3.06397e+11 
        935.473     3.04221e+11 
        935.688     3.02297e+11 
        935.809     3.00968e+11 
        936.144      2.9752e+11 
        936.372     2.95121e+11 
        936.601     2.93003e+11 
        936.714     2.91995e+11 
        936.829     2.90993e+11 
        936.887     2.90434e+11 
        936.944     2.89866e+11 
        936.973     2.89591e+11 
        937.001     2.89338e+11 
        937.015     2.89229e+11 
        937.029     2.89141e+11 
        937.043     2.89076e+11 
        937.058     2.89037e+11 
        937.072     2.89035e+11 
        937.086     2.89068e+11 
        937.101     2.89141e+11 
        937.115     2.89236e+11 
        937.143     2.89495e+11 
          937.2     2.90152e+11 
        937.314     2.91536e+11 
        937.493     2.93539e+11 
        937.542     2.94111e+11 
        937.593      2.9471e+11 
        937.694      2.9592e+11 
        937.788      2.9706e+11 
        937.894     2.98441e+11 
            938     2.99936e+11 
        938.212     3.02812e+11 
        938.359     3.04865e+11 
        938.556     3.07568e+11 
        938.636     3.08575e+11 
        938.914     3.12135e+11 
        939.271     3.16629e+11 
        939.628     3.20405e+11 
        939.986      3.2409e+11 
        940.343     3.27222e+11 
         940.58     3.28862e+11 
         940.66     3.29346e+11 
          940.7     3.29578e+11 
         940.74     3.29804e+11 
        940.901     3.30829e+11 
        941.221     3.32506e+11 
        941.861     3.34825e+11 
        941.957     3.35032e+11 
        942.502     3.35491e+11 
        943.048     3.34636e+11 
        943.593     3.32864e+11 
        943.865     3.31447e+11 
        944.139     3.29559e+11 
        944.411     3.27131e+11 
        944.684     3.24036e+11 
        944.956     3.20515e+11 
        945.151     3.17606e+11 
         945.23     3.16324e+11 
        945.308     3.14967e+11 
        945.464      3.1266e+11 
        945.776     3.07868e+11 
        946.088     3.02013e+11 
        946.401     2.95339e+11 
        946.892     2.85733e+11 
        947.025     2.82868e+11 
        947.158       2.798e+11 
        947.425     2.73451e+11 
        947.831     2.63744e+11 
        947.957     2.60348e+11 
        948.083     2.57443e+11 
        948.125     2.56409e+11 
        948.335     2.51054e+11 
        948.546     2.46943e+11 
        948.693     2.44519e+11 
        948.735     2.44012e+11 
        948.756     2.43792e+11 
        948.777     2.43566e+11 
        948.829     2.43083e+11 
        948.835     2.43064e+11 
        948.861     2.42951e+11 
        948.893     2.42882e+11 
        948.922     2.42931e+11 
        948.951     2.43066e+11 
        948.966     2.43146e+11 
         948.98     2.43224e+11 
        948.994     2.43292e+11 
        949.009     2.43339e+11 
        949.023     2.43352e+11 
        949.037     2.43333e+11 
        949.052     2.43281e+11 
        949.066     2.43207e+11 
        949.095     2.43036e+11 
        949.153     2.42828e+11 
         949.23     2.43094e+11 
        949.258     2.43333e+11 
        949.269     2.43461e+11 
         949.28     2.43579e+11 
         949.33     2.44057e+11 
         949.36     2.44487e+11 
         949.43      2.4557e+11 
          949.5     2.46745e+11 
         949.64     2.49475e+11 
        949.781     2.52521e+11 
        949.795     2.52843e+11 
        949.879     2.55076e+11 
        949.921     2.56133e+11 
        949.963     2.57169e+11 
        950.047      2.5917e+11 
        950.131     2.61254e+11 
        950.467     2.69868e+11 
        950.888     2.80259e+11 
        951.308     2.89984e+11 
        951.728     2.99423e+11 
          952.4     3.15626e+11 
        952.569     3.18985e+11 
        952.738     3.22469e+11 
        953.076     3.30404e+11 
        953.415     3.37495e+11 
        953.753     3.43942e+11 
        954.091     3.49515e+11 
         954.43     3.54472e+11 
        954.768     3.58789e+11 
        955.106     3.63118e+11 
        955.552     3.68097e+11 
        955.783     3.70337e+11 
        956.014     3.72316e+11 
        956.476     3.75656e+11 
        956.939     3.78383e+11 
        957.401     3.80686e+11 
        958.326     3.83827e+11 
        959.137     3.85131e+11 
        959.213     3.85188e+11 
        959.251      3.8521e+11 
        959.289     3.85228e+11 
        959.441     3.85275e+11 
        959.745     3.85244e+11 
        960.278     3.84754e+11 
        960.354     3.84638e+11 
         960.43     3.84509e+11 
        960.582     3.84192e+11 
        960.886     3.83409e+11 
        961.495     3.81242e+11 
        962.103     3.78226e+11 
        962.712     3.74261e+11 
         963.32     3.69363e+11 
        963.626      3.6647e+11 
        963.929     3.63331e+11 
        964.231     3.60121e+11 
        964.835     3.52675e+11 
         965.44     3.43869e+11 
        966.044     3.33634e+11 
        966.649     3.22918e+11 
        967.253     3.10986e+11 
        967.684     3.01599e+11 
        967.858     2.97573e+11 
        968.032     2.93422e+11 
         968.38     2.85631e+11 
        968.858     2.74765e+11 
        969.077      2.6929e+11 
        969.297      2.6377e+11 
        969.547     2.57371e+11 
        969.736     2.52934e+11 
        969.738     2.52898e+11 
        969.927     2.48091e+11 
        970.306     2.38182e+11 
        970.401      2.3581e+11 
        970.874     2.23488e+11 
         971.11     2.17457e+11 
        971.348     2.11271e+11 
        971.467     2.08235e+11 
        971.585      2.0453e+11 
        971.644     2.02332e+11 
        971.703     1.99456e+11 
        971.732      1.9775e+11 
        971.762     1.95946e+11 
        971.778     1.95069e+11 
        971.792     1.94408e+11 
        971.806     1.93889e+11 
        971.821     1.93533e+11 
        971.836     1.93407e+11 
        971.851     1.93523e+11 
        971.866     1.93868e+11 
         971.88     1.94378e+11 
         971.91     1.95895e+11 
        971.969     1.99361e+11 
        972.037     2.02564e+11 
        972.087     2.04345e+11 
        972.137     2.05942e+11 
         972.15     2.06298e+11 
        972.199     2.07778e+11 
        972.237     2.08914e+11 
        972.324     2.10893e+11 
        972.499     2.15307e+11 
        972.798     2.22688e+11 
        973.047     2.28842e+11 
        973.396     2.37528e+11 
        973.746     2.46313e+11 
        974.444     2.62965e+11 
        974.645     2.67828e+11 
        975.143     2.79158e+11 
         975.64      2.8982e+11 
        976.137     3.01119e+11 
        976.635     3.11538e+11 
        977.132     3.21281e+11 
         977.63     3.30395e+11 
        977.944     3.36336e+11 
        978.624     3.48202e+11 
        979.305     3.58773e+11 
        979.985     3.68396e+11 
        980.666     3.77553e+11 
        981.346     3.85891e+11 
        982.027     3.93513e+11 
        982.707     4.00396e+11 
        982.853     4.01772e+11 
         983.37     4.06434e+11 
        983.388     4.06591e+11 
        983.923      4.1104e+11 
        984.182     4.13038e+11 
        984.994     4.19161e+11 
        985.807     4.24652e+11 
        986.618     4.29525e+11 
        987.173     4.32465e+11 
         987.43      4.3375e+11 
        988.242     4.37495e+11 
        989.312     4.41761e+11 
        990.382     4.45157e+11 
        991.452     4.47941e+11 
        993.303     4.51604e+11 
        993.591     4.52044e+11 
         993.88     4.52449e+11 
        994.456      4.5304e+11 
        995.609     4.53834e+11 
        997.382     4.54064e+11 
        997.574     4.54017e+11 
        997.914       4.539e+11 
        998.447     4.53624e+11 
        999.319     4.52835e+11 
        1001.06     4.50131e+11 
         1001.3     4.49672e+11 
        1002.81      4.4605e+11 
        1004.32     4.41249e+11 
        1005.84     4.34928e+11 
        1007.35     4.27112e+11 
         1008.4     4.20662e+11 
        1008.86     4.17515e+11 
        1009.33     4.14181e+11 
        1010.25      4.0688e+11 
        1011.18     3.98797e+11 
        1012.11     3.89843e+11 
        1013.04     3.80038e+11 
        1013.61     3.73623e+11 
        1013.97     3.69366e+11 
        1014.33     3.64959e+11 
        1015.05     3.55707e+11 
        1015.77     3.45889e+11 
        1016.49     3.35519e+11 
        1016.53     3.34925e+11 
        1017.21      3.2458e+11 
        1017.23     3.24272e+11 
        1017.93     3.13169e+11 
        1018.63     3.01424e+11 
        1019.33     2.89061e+11 
        1020.03     2.76135e+11 
        1020.42     2.68774e+11 
        1020.73     2.62741e+11 
        1021.04     2.56594e+11 
        1021.67     2.44134e+11 
        1022.78     2.21101e+11 
        1022.91     2.18404e+11 
        1023.04     2.15662e+11 
         1023.3      2.1001e+11 
        1023.62     2.03206e+11 
        1023.83     1.98523e+11 
        1024.04     1.93765e+11 
        1024.39     1.85812e+11 
        1024.46     1.84063e+11 
        1024.54     1.82096e+11 
        1024.59     1.80742e+11 
        1024.69     1.77863e+11 
        1024.79     1.74568e+11 
        1024.85     1.72084e+11 
        1024.87     1.71413e+11 
        1024.89     1.70181e+11 
        1024.91     1.68836e+11 
        1024.95     1.67072e+11 
        1024.98     1.65481e+11 
        1024.99     1.64806e+11 
        1025.01      1.6428e+11 
        1025.03     1.63881e+11 
        1025.04     1.63634e+11 
        1025.04     1.63595e+11 
        1025.05     1.63535e+11 
        1025.06     1.63531e+11 
        1025.06     1.63529e+11 
        1025.07     1.63587e+11 
        1025.09     1.63782e+11 
         1025.1     1.64131e+11 
        1025.13     1.65252e+11 
         1025.2     1.68514e+11 
        1025.27     1.72264e+11 
        1025.32     1.74222e+11 
        1025.37     1.75822e+11 
        1025.47     1.78971e+11 
        1025.57     1.81641e+11 
        1025.67     1.84149e+11 
        1025.87     1.88643e+11 
        1025.87      1.8871e+11 
        1026.07     1.92941e+11 
        1026.47     2.01461e+11 
        1027.07     2.13879e+11 
        1027.47     2.21841e+11 
        1027.67     2.25782e+11 
        1028.27     2.37421e+11 
         1028.8     2.47274e+11 
        1029.07      2.5235e+11 
        1029.34     2.57335e+11 
        1029.88     2.67013e+11 
        1030.42     2.76373e+11 
        1030.96     2.85398e+11 
        1032.05     3.02397e+11 
        1033.08     3.17222e+11 
        1033.13     3.17948e+11 
        1033.19     3.18671e+11 
        1033.23     3.19264e+11 
        1033.29     3.20103e+11 
         1033.5     3.22931e+11 
        1033.91     3.28466e+11 
        1033.99     3.29427e+11 
        1034.75     3.39025e+11 
        1035.51     3.48079e+11 
        1036.27     3.56577e+11 
        1037.02     3.64519e+11 
        1037.78      3.7199e+11 
        1038.54      3.7898e+11 
        1039.17     3.84412e+11 
        1039.26     3.85128e+11 
         1039.3     3.85486e+11 
        1039.34     3.85841e+11 
        1039.52     3.87252e+11 
        1039.86         3.9e+11 
        1040.55     3.95206e+11 
        1041.92     4.04489e+11 
        1042.26     4.06528e+11 
         1043.3     4.12457e+11 
        1044.35     4.17672e+11 
        1045.39     4.22246e+11 
        1046.44     4.26245e+11 
        1047.48     4.29698e+11 
         1047.7     4.30364e+11 
        1048.53     4.32666e+11 
        1049.35     4.34702e+11 
           1051      4.3802e+11 
        1052.65     4.40464e+11 
        1054.24     4.42132e+11 
         1054.3     4.42179e+11 
        1054.35     4.42226e+11 
        1054.46     4.42321e+11 
        1054.69     4.42496e+11 
        1055.14     4.42817e+11 
        1056.03     4.43342e+11 
         1056.3     4.43467e+11 
        1057.83     4.43967e+11 
        1059.36     4.44114e+11 
        1060.47     4.44033e+11 
        1062.41     4.43565e+11 
        1064.36     4.42757e+11 
        1067.13     4.41127e+11 
        1068.25     4.40344e+11 
        1068.81     4.39927e+11 
        1069.36     4.39503e+11 
        1071.58     4.37658e+11 
        1074.36     4.35117e+11 
        1076.29     4.33232e+11 
        1078.98     4.30458e+11 
        1079.36     4.30049e+11 
        1082.44     4.26716e+11 
        1084.37     4.24574e+11 
         1085.9     4.22833e+11 
        1089.37      4.1885e+11 
        1094.37     4.12991e+11 
        1099.37     4.07066e+11 
        1104.37     4.01115e+11 
        1109.38     3.95175e+11 
        1114.38     3.89259e+11 
        1118.68     3.84195e+11 
        1119.38     3.83378e+11 
        1120.08     3.82564e+11 
        1121.47     3.80937e+11 
        1123.78     3.78245e+11 
        1124.25     3.77692e+11 
        1124.73     3.77136e+11 
        1125.68      3.7603e+11 
        1125.79     3.75904e+11 
        1127.08     3.74415e+11 
        1127.59     3.73821e+11 
        1127.85     3.73523e+11 
        1129.38     3.71745e+11 
        1131.69     3.69081e+11 
        1134.38     3.65986e+11 
        1135.54      3.6466e+11 
        1139.39     3.60259e+11 
        1144.39     3.54551e+11 
        1149.39     3.48836e+11 
        1154.39     3.43087e+11 
        1159.39     3.37256e+11 
        1164.39     3.31275e+11 
        1169.39     3.25035e+11 
         1174.4     3.18356e+11 
        1177.86     3.13326e+11 
         1179.4     3.10948e+11 
        1180.94     3.08459e+11 
        1182.86     3.05164e+11 
        1184.01     3.03066e+11 
        1185.17      3.0087e+11 
        1185.56     3.00105e+11 
        1187.48     2.96116e+11 
         1189.4     2.91717e+11 
        1191.32     2.86794e+11 
        1192.09     2.84671e+11 
        1193.24     2.81255e+11 
         1194.4     2.77563e+11 
        1195.56     2.73567e+11 
        1196.72     2.69241e+11 
        1197.88     2.64513e+11 
        1198.67     2.61049e+11 
        1199.04     2.59364e+11 
         1199.4     2.57632e+11 
        1200.14     2.54023e+11 
        1201.61     2.46165e+11 
        1201.76     2.45304e+11 
        1203.08     2.37408e+11 
         1204.4     2.28692e+11 
        1205.72     2.19107e+11 
        1206.38      2.1397e+11 
        1207.04     2.08582e+11 
        1207.32     2.06214e+11 
         1207.7      2.0292e+11 
        1208.37     1.96982e+11 
        1208.48     1.95875e+11 
         1209.4     1.87061e+11 
        1210.33     1.77669e+11 
        1211.24     1.67739e+11 
        1211.64     1.63289e+11 
        1212.16     1.57192e+11 
        1212.69     1.50944e+11 
        1213.61     1.39551e+11 
        1213.74      1.3787e+11 
        1213.81     1.37058e+11 
        1213.88     1.36172e+11 
        1214.14     1.32711e+11 
        1214.17     1.32254e+11 
        1214.32     1.30227e+11 
        1214.47      1.2804e+11 
        1214.62      1.2553e+11 
        1214.76     1.22135e+11 
        1214.84     1.19532e+11 
        1214.91     1.14328e+11 
        1214.95     1.10957e+11 
        1214.98     1.07555e+11 
           1215     1.06182e+11 
        1215.02     1.05213e+11 
        1215.04     1.04485e+11 
        1215.06     1.04026e+11 
        1215.08     1.03883e+11 
         1215.1     1.04019e+11 
        1215.11     1.04471e+11 
        1215.13     1.05193e+11 
        1215.17      1.0752e+11 
        1215.19     1.09599e+11 
        1215.19     1.09797e+11 
        1215.24     1.14259e+11 
        1215.29     1.18166e+11 
        1215.39     1.21993e+11 
        1215.49     1.24291e+11 
        1215.59     1.26191e+11 
        1215.69     1.27746e+11 
        1215.69     1.27863e+11 
        1215.79     1.29177e+11 
        1215.99     1.31851e+11 
        1216.28     1.35544e+11 
        1216.86     1.42633e+11 
         1217.4     1.48839e+11 
        1217.43     1.49179e+11 
        1217.45     1.49349e+11 
        1217.46     1.49518e+11 
        1217.52     1.50195e+11 
        1217.64     1.51538e+11 
        1217.88     1.54198e+11 
        1218.36     1.59392e+11 
        1219.24     1.68422e+11 
        1219.32     1.69235e+11 
        1219.32     1.69255e+11 
        1219.41     1.70081e+11 
        1219.58     1.71715e+11 
        1219.83     1.74148e+11 
        1220.34      1.7887e+11 
        1221.35     1.87719e+11 
        1222.37     1.95788e+11 
        1223.38     2.03113e+11 
        1224.18     2.08373e+11 
         1224.4     2.09735e+11 
        1224.62     2.11068e+11 
        1225.05     2.13648e+11 
        1225.92     2.18468e+11 
        1226.79     2.22872e+11 
        1227.66     2.26878e+11 
        1228.53     2.30502e+11 
        1229.35     2.33621e+11 
        1229.38     2.33729e+11 
        1229.39     2.33783e+11 
        1229.41     2.33837e+11 
        1229.47     2.34051e+11 
        1229.48     2.34091e+11 
        1229.59     2.34476e+11 
        1229.83     2.35305e+11 
        1230.18     2.36466e+11 
        1230.88     2.38637e+11 
        1232.27     2.42432e+11 
        1232.54     2.43088e+11 
        1233.67     2.45573e+11 
        1234.79     2.47677e+11 
        1235.92     2.49456e+11 
        1237.05     2.50944e+11 
        1239.19     2.53087e+11 
         1239.3     2.53177e+11 
        1239.41     2.53265e+11 
        1239.63     2.53434e+11 
        1240.08     2.53751e+11 
        1240.96       2.543e+11 
        1241.06     2.54355e+11 
        1242.74     2.55097e+11 
        1244.41     2.55537e+11 
        1246.11     2.55728e+11 
        1247.76     2.55716e+11 
        1249.41     2.55541e+11 
        1251.02     2.55241e+11 
        1252.72     2.54809e+11 
        1254.41     2.54278e+11 
         1256.2     2.53629e+11 
        1257.81     2.52979e+11 
        1259.41     2.52277e+11 
        1260.84     2.51615e+11 
        1262.63     2.50747e+11 
        1264.41     2.49839e+11 
        1266.56      2.4871e+11 
        1267.98     2.47936e+11 
        1269.41     2.47147e+11 
        1270.13     2.46746e+11 
        1272.27     2.45533e+11 
        1274.41       2.443e+11 
        1277.98     2.42214e+11 
         1278.7      2.4179e+11 
        1279.42     2.41366e+11 
        1280.85     2.40514e+11 
        1283.03     2.39218e+11 
        1283.72     2.38802e+11 
        1284.42     2.38385e+11 
        1285.81     2.37552e+11 
        1287.77     2.36378e+11 
        1288.59     2.35883e+11 
        1289.42     2.35388e+11 
        1291.07     2.34397e+11 
        1294.23     2.32501e+11 
        1294.33     2.32446e+11 
        1294.37     2.32419e+11 
        1294.42     2.32391e+11 
         1294.6     2.32282e+11 
        1294.91     2.32096e+11 
        1294.97     2.32063e+11 
         1295.7     2.31626e+11 
        1297.16     2.30751e+11 
        1299.42      2.2941e+11 
        1303.43     2.27033e+11 
        1303.92     2.26742e+11 
        1304.42     2.26451e+11 
        1305.34     2.25907e+11 
         1305.4      2.2587e+11 
        1307.38     2.24712e+11 
        1309.42     2.23521e+11 
        1312.57     2.21692e+11 
        1313.12     2.21375e+11 
        1313.49     2.21157e+11 
        1314.42     2.20624e+11 
        1316.27     2.19562e+11 
        1319.42     2.17763e+11 
        1324.42     2.14939e+11 
        1329.42     2.12153e+11 
        1334.42     2.09408e+11 
        1339.42     2.06701e+11 
        1344.42     2.04036e+11 
        1349.42     2.01409e+11 
        1354.42      1.9882e+11 
        1359.42     1.96271e+11 
        1364.42     1.93761e+11 
        1365.19     1.93378e+11 
        1369.42     1.91289e+11 
        1373.65     1.89227e+11 
        1376.35     1.87928e+11 
        1377.88     1.87191e+11 
        1379.42     1.86458e+11 
        1380.57     1.85911e+11 
         1382.5     1.85001e+11 
        1384.42     1.84097e+11 
        1387.12     1.82839e+11 
        1388.27     1.82305e+11 
        1389.03     1.81954e+11 
        1389.42     1.81773e+11 
        1391.73     1.80714e+11 
        1394.42     1.79485e+11 
        1399.42     1.77232e+11 
        1404.42     1.75014e+11 
        1409.42      1.7283e+11 
        1414.42     1.70681e+11 
        1419.42     1.68564e+11 
        1424.42      1.6648e+11 
        1429.42     1.64428e+11 
        1434.42     1.62407e+11 
        1439.42     1.60417e+11 
        1444.42     1.58457e+11 
        1449.42     1.56527e+11 
        1454.42     1.54626e+11 
        1459.42     1.52754e+11 
        1464.42      1.5091e+11 
        1465.96     1.50349e+11 
        1469.42     1.49094e+11 
        1472.88     1.47852e+11 
        1473.27     1.47715e+11 
        1474.42     1.47305e+11 
        1476.35     1.46624e+11 
        1479.42     1.45543e+11 
        1484.42     1.43807e+11 
        1489.42     1.42097e+11 
        1494.42     1.40413e+11 
        1499.42     1.38753e+11 
        1504.42     1.37117e+11 
        1509.42     1.35505e+11 
        1514.42     1.33915e+11 
        1519.42      1.3235e+11 
        1524.42     1.30806e+11 
        1529.42     1.29286e+11 
        1534.42     1.27787e+11 
        1539.42     1.26311e+11 
        1544.42     1.24855e+11 
        1549.42      1.2342e+11 
        1554.42     1.22005e+11 
        1559.42     1.20611e+11 
        1564.42     1.19237e+11 
        1566.72     1.18609e+11 
        1569.42     1.17882e+11 
        1570.19     1.17675e+11 
        1572.11     1.17161e+11 
        1574.41     1.16547e+11 
         1574.8     1.16445e+11 
        1579.41      1.1523e+11 
        1584.41     1.13933e+11 
        1589.41     1.12653e+11 
        1594.41     1.11392e+11 
        1599.41     1.10148e+11 
        1604.41     1.08921e+11 
        1609.41     1.07711e+11 
        1614.41     1.06519e+11 
        1619.41     1.05343e+11 
        1624.41     1.04183e+11 
        1629.41     1.03039e+11 
        1634.41      1.0191e+11 
        1639.41     1.00798e+11 
        1644.41     9.97003e+10 
        1649.41     9.86174e+10 
        1654.41     9.75496e+10 
        1659.41     9.64959e+10 
        1664.41     9.54564e+10 
        1665.56     9.52185e+10 
         1669.4     9.44309e+10 
        1670.17     9.42745e+10 
        1673.25     9.36518e+10 
         1674.4     9.34193e+10 
        1676.33     9.30339e+10 
         1679.4     9.24213e+10 
         1684.4      9.1437e+10 
         1689.4     9.04656e+10 
         1694.4     8.95071e+10 
         1699.4     8.85612e+10 
         1704.4     8.76275e+10 
         1709.4     8.67064e+10 
         1714.4     8.57972e+10 
         1719.4        8.49e+10 
         1724.4     8.40144e+10 
         1729.4     8.31404e+10 
         1734.4     8.22774e+10 
         1739.4      8.1426e+10 
         1744.4     8.05853e+10 
        1749.39     7.97556e+10 
        1754.39     7.89366e+10 
        1759.39     7.81283e+10 
        1764.39       7.733e+10 
        1767.08     7.69046e+10 
        1767.85     7.67837e+10 
        1769.39     7.65424e+10 
         1771.7     7.61821e+10 
        1774.39     7.57645e+10 
        1775.55     7.55864e+10 
        1779.39     7.49967e+10 
        1784.39     7.42387e+10 
        1789.39       7.349e+10 
        1794.39     7.27511e+10 
        1799.39     7.20213e+10 
        1809.39     7.05891e+10 
           1824     6.85593e+10 
        1829.38     6.78298e+10 
        1834.77     6.71101e+10 
        1845.54     6.56989e+10 
           1864      6.3365e+10 
        1867.07     6.29864e+10 
        1870.14      6.2611e+10 
        1876.29     6.18683e+10 
        1888.59      6.0416e+10 
        1906.98     5.83212e+10 
        1913.17     5.76363e+10 
        1919.37     5.69615e+10 
        1931.76      5.5642e+10 
        1944.47     5.43269e+10 
        1956.53     5.31155e+10 
         1967.6     5.20329e+10 
        1968.59     5.19381e+10 
        1992.71     4.96808e+10 
        2017.81       4.746e+10 
         2018.8     4.73752e+10 
        2042.92     4.53637e+10 
        2067.03      4.3458e+10 
        2091.15     4.16519e+10 
        2114.28     4.00069e+10 
        2115.26     3.99384e+10 
        2116.25       3.987e+10 
        2118.23     3.97339e+10 
        2122.19     3.94631e+10 
        2126.36     3.91797e+10 
         2130.1     3.89284e+10 
        2145.92     3.78864e+10 
        2165.47     3.66457e+10 
        2185.03      3.5456e+10 
        2194.48     3.48984e+10 
        2204.59      3.4314e+10 
         2205.9      3.4239e+10 
         2214.7      3.3742e+10 
        2234.91     3.26336e+10 
        2263.91     3.11212e+10 
         2272.7     3.06805e+10 
        2292.92     2.96962e+10 
        2313.13     2.87509e+10 
        2333.35     2.78433e+10 
        2344.77     2.73462e+10 
         2350.6     2.70969e+10 
        2353.56     2.69711e+10 
        2362.35     2.66025e+10 
        2379.94     2.58842e+10 
        2409.27     2.47388e+10 
        2421.03     2.42978e+10 
        2438.61     2.36563e+10 
        2451.59     2.31962e+10 
        2456.19     2.30359e+10 
        2460.79      2.2877e+10 
        2466.76     2.26729e+10 
        2469.99     2.25633e+10 
        2488.39      2.1952e+10 
        2510.01     2.12596e+10 
        2531.64     2.05944e+10 
         2547.3      2.0129e+10 
        2553.26     1.99551e+10 
        2559.23      1.9783e+10 
        2571.17     1.94445e+10 
        2595.04     1.87891e+10 
        2618.91      1.8161e+10 
        2627.89     1.79316e+10 
        2642.78      1.7559e+10 
        2657.67     1.71961e+10 
        2687.45     1.64981e+10 
        2717.24     1.58353e+10 
        2737.93     1.53943e+10 
        2747.02     1.52055e+10 
        2756.11     1.50195e+10 
        2774.29     1.46563e+10 
        2810.65      1.3962e+10 
        2839.47     1.34408e+10 
        2846.59     1.33156e+10 
        2847.01     1.33084e+10 
        2854.55     1.31777e+10 
        2869.63     1.29211e+10 
        2873.19     1.28614e+10 
        2899.79     1.24264e+10 
        2926.39     1.20096e+10 
        2952.93     1.16109e+10 
        2952.98     1.16102e+10 
        2953.03     1.16095e+10 
        2953.13      1.1608e+10 
        2953.33     1.16051e+10 
        2953.73     1.15992e+10 
        2954.53     1.15875e+10 
        2956.13      1.1564e+10 
        2956.82      1.1554e+10 
        2959.33     1.15174e+10 
        2965.73     1.14248e+10 
        2978.53     1.12423e+10 
        3004.12     1.08882e+10 
        3051.42     1.02698e+10 
        3098.72      9.69499e+9 
        3142.18      9.20179e+9 
        3146.02      9.15978e+9 
        3149.86        9.118e+9 
        3157.53      9.03522e+9 
        3158.83      9.02127e+9 
        3172.87      8.87239e+9 
        3203.56      8.55764e+9 
        3248.29      8.12344e+9 
        3293.03      7.71657e+9 
        3328.79      7.40948e+9 
        3337.76      7.33486e+9 
        3346.73      7.26119e+9 
        3355.94      7.18652e+9 
        3364.67      7.11665e+9 
        3400.55      6.83818e+9 
        3445.17       6.5107e+9 
        3489.78      6.20263e+9 
        3525.18      5.97107e+9 
        3532.76      5.92288e+9 
        3534.39      5.91257e+9 
         3543.6      5.85483e+9 
        3562.02      5.74142e+9 
        3591.28       5.5669e+9 
        3635.88      5.31334e+9 
        3638.96      5.29638e+9 
        3642.04      5.27951e+9 
        3643.12       5.2736e+9 
        3645.12      5.26267e+9 
        3645.28      5.26179e+9 
        3647.12       5.2518e+9 
        3648.96      5.24181e+9 
        3651.32      5.22902e+9 
        3652.64      5.22189e+9 
        3653.96      5.21476e+9 
        3654.24      5.21325e+9 
         3656.6      5.20056e+9 
        3658.96       5.1879e+9 
         3663.4      5.16418e+9 
        3663.68       5.1627e+9 
        3663.96      5.16123e+9 
        3664.52      5.15824e+9 
        3665.64      5.15227e+9 
         3666.8      5.14612e+9 
        3667.88       5.1404e+9 
        3668.28      5.13829e+9 
        3668.95      5.13471e+9 
        3671.11      5.12322e+9 
        3673.95      5.10826e+9 
         3675.2      5.10173e+9 
        3678.95      5.08209e+9 
        3682.58      5.06318e+9 
         3682.7      5.06255e+9 
        3682.82      5.06192e+9 
        3683.06       5.0607e+9 
        3683.18       5.0601e+9 
        3683.54      5.05822e+9 
         3684.5      5.05322e+9 
        3684.82      5.05159e+9 
        3685.83      5.04637e+9 
        3686.83      5.04116e+9 
        3688.74      5.03129e+9 
        3688.85      5.03076e+9 
        3688.94      5.03029e+9 
        3688.95      5.03022e+9 
        3689.16      5.02916e+9 
        3689.38      5.02802e+9 
        3689.73       5.0262e+9 
        3689.82      5.02576e+9 
         3689.9      5.02532e+9 
        3690.07      5.02447e+9 
        3690.41      5.02272e+9 
        3690.62      5.02162e+9 
        3691.09      5.01923e+9 
        3691.47      5.01725e+9 
        3691.55      5.01684e+9 
         3691.7      5.01609e+9 
        3692.48      5.01207e+9 
         3693.5      5.00685e+9 
         3694.4      5.00223e+9 
         3695.3      4.99765e+9 
        3695.81      4.99504e+9 
         3696.2      4.99306e+9 
        3696.53      4.99136e+9 
        3696.59      4.99105e+9 
        3696.65      4.99073e+9 
        3696.67      4.99064e+9 
        3696.76      4.99017e+9 
        3696.77      4.99014e+9 
        3696.87       4.9896e+9 
        3696.93      4.98932e+9 
        3696.99      4.98901e+9 
        3697.04      4.98872e+9 
         3697.1      4.98844e+9 
        3697.15      4.98816e+9 
        3697.21      4.98788e+9 
        3697.26      4.98759e+9 
        3697.32      4.98731e+9 
        3697.35      4.98718e+9 
        3697.41      4.98687e+9 
        3697.43      4.98674e+9 
        3697.46      4.98659e+9 
         3697.5       4.9864e+9 
        3697.53      4.98624e+9 
        3697.58      4.98599e+9 
        3697.66      4.98558e+9 
        3697.82      4.98477e+9 
        3698.11      4.98329e+9 
        3698.43      4.98165e+9 
        3698.69      4.98034e+9 
        3698.89      4.97933e+9 
        3698.95      4.97902e+9 
        3699.01       4.9787e+9 
        3699.13       4.9781e+9 
        3699.37      4.97685e+9 
        3699.53      4.97603e+9 
        3699.86      4.97437e+9 
        3699.88      4.97427e+9 
        3700.19       4.9727e+9 
         3700.2      4.97267e+9 
         3700.5       4.9711e+9 
        3700.81      4.96956e+9 
        3700.84       4.9694e+9 
        3701.09      4.96811e+9 
        3701.42      4.96648e+9 
        3701.99      4.96356e+9 
        3702.44      4.96127e+9 
        3702.89      4.95897e+9 
        3703.12      4.95784e+9 
        3703.35      4.95668e+9 
        3703.46      4.95611e+9 
        3703.57      4.95555e+9 
        3703.63      4.95527e+9 
        3703.68      4.95498e+9 
        3703.74       4.9547e+9 
         3703.8      4.95442e+9 
        3703.85      4.95413e+9 
        3703.91      4.95385e+9 
        3703.97      4.95357e+9 
        3704.02      4.95329e+9 
        3704.09      4.95297e+9 
        3704.13      4.95272e+9 
        3704.18      4.95244e+9 
        3704.21      4.95231e+9 
        3704.22      4.95225e+9 
        3704.28      4.95194e+9 
        3704.31      4.95181e+9 
        3704.36      4.95156e+9 
        3704.41      4.95134e+9 
        3704.49       4.9509e+9 
        3704.57      4.95052e+9 
        3704.59       4.9504e+9 
        3704.69      4.94989e+9 
        3704.81       4.9493e+9 
        3705.05      4.94807e+9 
        3705.37      4.94644e+9 
        3705.54      4.94559e+9 
        3705.71      4.94474e+9 
        3706.05      4.94301e+9 
        3706.07      4.94292e+9 
        3706.73      4.93959e+9 
        3707.27      4.93689e+9 
        3707.39      4.93626e+9 
        3707.51      4.93566e+9 
        3707.61      4.93516e+9 
        3707.76      4.93441e+9 
        3707.91      4.93365e+9 
        3708.12      4.93261e+9 
        3708.21      4.93214e+9 
         3708.3       4.9317e+9 
        3708.49      4.93076e+9 
        3708.76      4.92938e+9 
        3708.85      4.92891e+9 
        3708.87      4.92881e+9 
        3708.95      4.92847e+9 
        3709.13      4.92756e+9 
        3709.21      4.92715e+9 
        3709.49       4.9257e+9 
        3710.11      4.92262e+9 
         3710.9      4.91863e+9 
        3711.01       4.9181e+9 
        3711.12      4.91753e+9 
        3711.21      4.91706e+9 
        3711.32      4.91653e+9 
        3711.34      4.91644e+9 
        3711.46      4.91581e+9 
        3711.52      4.91556e+9 
        3711.58      4.91524e+9 
         3711.6      4.91512e+9 
        3711.69      4.91468e+9 
        3711.75      4.91439e+9 
         3711.8      4.91411e+9 
        3711.86      4.91383e+9 
        3711.91      4.91355e+9 
        3711.97      4.91326e+9 
        3712.03      4.91301e+9 
        3712.08       4.9127e+9 
        3712.14      4.91245e+9 
         3712.2       4.9121e+9 
        3712.25      4.91188e+9 
         3712.3      4.91163e+9 
        3712.33       4.9115e+9 
        3712.33      4.91147e+9 
         3712.4      4.91113e+9 
        3712.48      4.91075e+9 
        3712.63      4.90996e+9 
        3712.93      4.90849e+9 
        3713.23      4.90698e+9 
        3713.53      4.90547e+9 
        3713.83      4.90396e+9 
        3714.24      4.90192e+9 
        3714.42      4.90104e+9 
        3714.44      4.90095e+9 
        3714.64      4.89994e+9 
        3715.03      4.89799e+9 
        3715.64      4.89495e+9 
        3716.76      4.88935e+9 
        3716.79      4.88923e+9 
        3716.86      4.88888e+9 
        3716.95      4.88841e+9 
        3717.14      4.88747e+9 
        3717.52      4.88555e+9 
        3718.19      4.88225e+9 
        3718.26      4.88191e+9 
        3718.33      4.88156e+9 
        3718.47      4.88087e+9 
        3718.56      4.88043e+9 
        3718.63      4.88006e+9 
        3718.73      4.87955e+9 
        3718.75      4.87949e+9 
        3718.94      4.87852e+9 
        3719.25      4.87698e+9 
        3719.47      4.87588e+9 
        3719.77       4.8744e+9 
        3720.07      4.87292e+9 
        3720.36      4.87151e+9 
        3720.52      4.87069e+9 
        3720.67      4.86997e+9 
        3720.98      4.86843e+9 
         3721.2      4.86733e+9 
        3721.43       4.8662e+9 
        3721.54      4.86564e+9 
        3721.66      4.86507e+9 
        3721.71      4.86482e+9 
        3721.77      4.86454e+9 
        3721.82      4.86425e+9 
        3721.88      4.86397e+9 
        3721.94      4.86369e+9 
        3721.99      4.86341e+9 
        3722.05      4.86312e+9 
        3722.11      4.86284e+9 
        3722.22      4.86227e+9 
         3722.4      4.86139e+9 
        3722.45      4.86117e+9 
         3722.5      4.86092e+9 
         3722.6      4.86042e+9 
         3722.7      4.85995e+9 
         3722.8      4.85945e+9 
         3722.9      4.85891e+9 
        3723.11      4.85791e+9 
        3723.23      4.85728e+9 
        3723.52      4.85587e+9 
        3723.81      4.85445e+9 
        3724.38      4.85162e+9 
        3725.45      4.84635e+9 
        3725.53      4.84594e+9 
        3725.62      4.84553e+9 
        3725.75      4.84487e+9 
        3725.78      4.84471e+9 
        3725.92      4.84405e+9 
        3725.93      4.84399e+9 
        3726.11      4.84308e+9 
        3726.48      4.84129e+9 
        3727.04      4.83852e+9 
        3727.37      4.83692e+9 
        3728.15      4.83306e+9 
        3728.64      4.83067e+9 
        3728.94      4.82922e+9 
        3729.01      4.82888e+9 
        3729.24      4.82775e+9 
        3729.84       4.8248e+9 
        3730.68      4.82071e+9 
        3732.19       4.8133e+9 
        3732.34      4.81254e+9 
        3732.49      4.81182e+9 
        3732.79      4.81038e+9 
        3733.35      4.80764e+9 
        3733.38      4.80748e+9 
        3733.39      4.80742e+9 
         3733.4      4.80739e+9 
        3733.45      4.80714e+9 
        3733.55      4.80667e+9 
        3733.65       4.8062e+9 
        3733.75      4.80569e+9 
        3733.86      4.80519e+9 
           3734      4.80447e+9 
        3734.04      4.80425e+9 
        3734.06      4.80415e+9 
        3734.08      4.80406e+9 
        3734.13      4.80384e+9 
        3734.14      4.80381e+9 
        3734.16      4.80368e+9 
         3734.2      4.80353e+9 
        3734.25      4.80324e+9 
        3734.31      4.80296e+9 
        3734.37      4.80268e+9 
        3734.43       4.8024e+9 
        3734.48      4.80214e+9 
        3734.54      4.80186e+9 
        3734.65       4.8013e+9 
        3734.83      4.80045e+9 
        3734.88       4.8002e+9 
        3734.93      4.79995e+9 
        3735.03      4.79947e+9 
        3735.12        4.799e+9 
        3735.17      4.79878e+9 
        3735.23       4.7985e+9 
        3735.33        4.798e+9 
        3735.39      4.79771e+9 
        3735.49      4.79721e+9 
        3735.82      4.79564e+9 
           3736      4.79476e+9 
        3736.24      4.79357e+9 
        3736.49      4.79241e+9 
        3736.97      4.79002e+9 
        3737.83       4.7859e+9 
        3737.94      4.78531e+9 
        3738.06      4.78474e+9 
        3738.29      4.78361e+9 
        3738.59       4.7822e+9 
        3738.76      4.78135e+9 
        3738.94       4.7805e+9 
        3739.29       4.7788e+9 
         3739.5       4.7778e+9 
        3739.99      4.77544e+9 
        3740.48      4.77305e+9 
        3741.21       4.7695e+9 
        3741.45      4.76834e+9 
        3741.69      4.76718e+9 
        3742.09      4.76526e+9 
        3742.18      4.76485e+9 
        3742.26      4.76445e+9 
        3742.43      4.76363e+9 
        3742.67      4.76247e+9 
        3742.73      4.76218e+9 
        3742.76      4.76203e+9 
         3742.8      4.76187e+9 
        3742.86      4.76155e+9 
        3742.92      4.76127e+9 
        3743.17      4.76008e+9 
        3743.66      4.75769e+9 
        3744.62       4.7531e+9 
        3744.65      4.75292e+9 
        3746.45      4.74434e+9 
        3747.61      4.73878e+9 
        3748.27      4.73557e+9 
        3748.84      4.73284e+9 
         3748.9      4.73256e+9 
        3748.93       4.7324e+9 
        3748.96      4.73228e+9 
        3748.99      4.73215e+9 
        3749.08      4.73168e+9 
        3749.12      4.73152e+9 
        3749.18      4.73121e+9 
        3749.38       4.7303e+9 
        3749.41      4.73014e+9 
        3749.64      4.72904e+9 
        3749.75      4.72851e+9 
        3749.87      4.72794e+9 
        3749.92      4.72769e+9 
        3749.98      4.72741e+9 
        3750.04      4.72712e+9 
        3750.09      4.72687e+9 
        3750.15      4.72659e+9 
        3750.21      4.72631e+9 
        3750.27      4.72605e+9 
        3750.32      4.72577e+9 
        3750.44      4.72524e+9 
        3750.62      4.72439e+9 
        3750.66      4.72414e+9 
        3750.72      4.72389e+9 
        3750.82      4.72342e+9 
        3750.91      4.72298e+9 
        3751.02      4.72247e+9 
        3751.12      4.72197e+9 
        3751.33      4.72097e+9 
        3751.48      4.72024e+9 
        3751.76      4.71892e+9 
        3752.03       4.7176e+9 
        3752.59      4.71497e+9 
        3753.53      4.71047e+9 
         3753.7      4.70972e+9 
        3753.78      4.70931e+9 
        3753.86      4.70893e+9 
        3754.18      4.70739e+9 
        3754.27      4.70695e+9 
        3754.84      4.70428e+9 
        3755.89      4.69929e+9 
        3756.09      4.69838e+9 
        3757.47      4.69181e+9 
        3757.51      4.69162e+9 
        3757.55      4.69147e+9 
        3758.93       4.6849e+9 
        3760.39      4.67802e+9 
        3761.66      4.67208e+9 
        3762.72      4.66709e+9 
        3763.23      4.66467e+9 
        3764.81      4.65725e+9 
        3765.07      4.65606e+9 
         3766.9      4.64745e+9 
        3768.55      4.63979e+9 
        3768.74      4.63888e+9 
        3768.93        4.638e+9 
        3768.97      4.63781e+9 
         3769.2      4.63674e+9 
        3769.31      4.63621e+9 
        3769.66       4.6346e+9 
        3769.89      4.63353e+9 
        3770.11      4.63247e+9 
        3770.23      4.63193e+9 
        3770.34       4.6314e+9 
         3770.4      4.63115e+9 
        3770.46      4.63086e+9 
        3770.51      4.63061e+9 
        3770.57      4.63033e+9 
        3770.63      4.63008e+9 
        3770.69       4.6298e+9 
        3770.74      4.62955e+9 
         3770.8      4.62926e+9 
        3770.87      4.62898e+9 
        3770.92      4.62873e+9 
        3770.97      4.62851e+9 
        3770.99      4.62841e+9 
           3771      4.62832e+9 
        3771.07      4.62804e+9 
        3771.15      4.62766e+9 
         3771.3      4.62694e+9 
         3771.6      4.62552e+9 
        3771.89       4.6242e+9 
        3771.95      4.62392e+9 
        3772.21      4.62273e+9 
        3772.52      4.62128e+9 
        3773.15      4.61833e+9 
        3774.36      4.61277e+9 
         3775.5      4.60749e+9 
        3776.76      4.60165e+9 
        3777.13      4.59998e+9 
        3778.03       4.5958e+9 
         3778.4      4.59411e+9 
        3778.93      4.59169e+9 
        3780.73       4.5834e+9 
        3781.84      4.57827e+9 
        3783.05      4.57271e+9 
        3783.16      4.57224e+9 
        3784.26      4.56718e+9 
        3785.37      4.56213e+9 
        3786.22       4.5582e+9 
         3787.4      4.55283e+9 
        3787.57      4.55204e+9 
        3788.92      4.54592e+9 
        3790.45      4.53897e+9 
        3792.84       4.5281e+9 
        3793.49      4.52518e+9 
        3794.14      4.52223e+9 
         3794.9       4.5188e+9 
        3795.07      4.51805e+9 
        3795.44      4.51635e+9 
        3795.99      4.51387e+9 
        3796.45      4.51177e+9 
        3796.92      4.50969e+9 
        3797.15      4.50866e+9 
        3797.38      4.50762e+9 
        3797.49      4.50709e+9 
        3797.61      4.50658e+9 
        3797.67      4.50633e+9 
        3797.72      4.50605e+9 
        3797.78       4.5058e+9 
        3797.84      4.50555e+9 
         3797.9       4.5053e+9 
        3797.96      4.50501e+9 
        3798.01      4.50476e+9 
        3798.07      4.50451e+9 
        3798.19      4.50398e+9 
        3798.37      4.50316e+9 
        3798.42      4.50294e+9 
        3798.47      4.50272e+9 
        3798.57      4.50228e+9 
        3798.66      4.50187e+9 
        3798.75      4.50143e+9 
        3798.77      4.50137e+9 
        3798.84      4.50105e+9 
        3798.88      4.50087e+9 
        3798.92      4.50068e+9 
        3799.05      4.50011e+9 
        3799.09      4.49992e+9 
        3799.43      4.49842e+9 
        3799.47       4.4982e+9 
         3799.8      4.49672e+9 
        3800.56      4.49333e+9 
        3801.65      4.48842e+9 
        3802.32      4.48544e+9 
        3803.83      4.47869e+9 
        3805.35      4.47193e+9 
        3807.84      4.46084e+9 
        3808.38      4.45845e+9 
        3808.92      4.45607e+9 
           3810      4.45126e+9 
        3811.59      4.44422e+9 
        3812.16      4.44168e+9 
        3812.74       4.4391e+9 
         3813.9      4.43401e+9 
        3815.78      4.42572e+9 
        3816.09       4.4243e+9 
        3816.21       4.4238e+9 
        3816.64      4.42189e+9 
        3817.44      4.41837e+9 
         3817.5      4.41808e+9 
        3818.92      4.41186e+9 
        3820.39      4.40539e+9 
        3822.57      4.39584e+9 
        3823.35      4.39245e+9 
        3823.51      4.39173e+9 
        3824.13      4.38902e+9 
        3825.68      4.38221e+9 
         3826.8      4.37734e+9 
        3827.86      4.37275e+9 
        3828.91      4.36816e+9 
        3830.45      4.36147e+9 
        3831.02      4.35899e+9 
        3831.59      4.35651e+9 
           3832      4.35475e+9 
        3832.53      4.35249e+9 
        3832.73      4.35161e+9 
        3833.46      4.34844e+9 
        3833.93      4.34642e+9 
        3834.39      4.34441e+9 
        3834.63      4.34341e+9 
        3834.86       4.3424e+9 
        3834.97       4.3419e+9 
        3835.09       4.3414e+9 
        3835.15      4.34115e+9 
        3835.21       4.3409e+9 
        3835.27      4.34064e+9 
        3835.33      4.34039e+9 
        3835.38      4.34014e+9 
        3835.44      4.33992e+9 
         3835.5      4.33967e+9 
        3835.56      4.33942e+9 
        3835.63      4.33914e+9 
        3835.68      4.33892e+9 
        3835.73       4.3387e+9 
        3835.74      4.33863e+9 
        3835.77      4.33848e+9 
        3835.83      4.33826e+9 
        3835.91      4.33791e+9 
        3836.07      4.33719e+9 
        3836.38      4.33593e+9 
        3836.65      4.33477e+9 
        3836.98      4.33336e+9 
        3837.03      4.33314e+9 
        3837.31      4.33194e+9 
        3837.97      4.32911e+9 
        3838.65      4.32626e+9 
        3838.91      4.32512e+9 
        3839.18      4.32399e+9 
         3839.7      4.32176e+9 
        3840.76      4.31702e+9 
        3842.75       4.3086e+9 
        3842.83      4.30825e+9 
        3842.87       4.3081e+9 
        3842.91      4.30794e+9 
        3843.07      4.30728e+9 
        3843.38      4.30596e+9 
           3844      4.30332e+9 
        3844.59      4.30084e+9 
        3845.25      4.29804e+9 
        3845.55      4.29679e+9 
        3845.91      4.29528e+9 
        3847.23      4.28972e+9 
        3847.44      4.28881e+9 
        3848.91      4.28265e+9 
        3850.38      4.27649e+9 
        3851.98       4.2698e+9 
        3853.31      4.26421e+9 
        3854.64      4.25862e+9 
         3855.7      4.25416e+9 
         3857.3      4.24743e+9 
        3858.91      4.24074e+9 
        3862.01       4.2278e+9 
        3862.11      4.22736e+9 
        3862.22      4.22692e+9 
        3862.43      4.22604e+9 
        3862.85      4.22428e+9 
        3863.68      4.22079e+9 
        3865.17       4.2146e+9 
        3865.36      4.21379e+9 
        3865.56      4.21297e+9 
        3865.95      4.21134e+9 
        3866.73      4.20807e+9 
        3867.68      4.20414e+9 
        3868.29      4.20157e+9 
         3868.9      4.19902e+9 
        3870.13       4.1939e+9 
        3871.32      4.18897e+9 
        3872.59      4.18372e+9 
        3873.85      4.17844e+9 
        3876.32      4.16817e+9 
        3876.37      4.16798e+9 
        3876.37      4.16798e+9 
        3876.37      4.16795e+9 
        3876.42      4.16776e+9 
        3876.52      4.16732e+9 
        3876.72      4.16651e+9 
        3876.95      4.16559e+9 
        3877.12      4.16487e+9 
        3877.92      4.16154e+9 
         3878.9      4.15752e+9 
        3880.29      4.15177e+9 
        3880.85      4.14945e+9 
        3881.42      4.14712e+9 
        3882.55      4.14247e+9 
         3884.4      4.13487e+9 
         3884.8       4.1332e+9 
        3884.92       4.1327e+9 
         3885.2      4.13157e+9 
        3886.01      4.12827e+9 
        3886.15      4.12771e+9 
         3887.1      4.12384e+9 
        3887.57      4.12196e+9 
        3888.04      4.12004e+9 
        3888.28       4.1191e+9 
        3888.52      4.11816e+9 
        3888.63      4.11769e+9 
        3888.75      4.11721e+9 
        3888.84      4.11684e+9 
        3888.87      4.11674e+9 
        3888.87      4.11674e+9 
         3888.9      4.11662e+9 
        3888.93      4.11649e+9 
        3888.99      4.11627e+9 
        3889.05      4.11602e+9 
        3889.11       4.1158e+9 
        3889.17      4.11555e+9 
        3889.22      4.11533e+9 
        3889.29      4.11505e+9 
        3889.34      4.11486e+9 
        3889.39      4.11467e+9 
        3889.41      4.11461e+9 
        3889.45      4.11445e+9 
        3889.49      4.11426e+9 
        3889.58      4.11392e+9 
        3889.75      4.11326e+9 
        3890.05      4.11206e+9 
        3890.32      4.11106e+9 
        3890.47      4.11043e+9 
        3890.66      4.10971e+9 
           3891      4.10839e+9 
        3891.68      4.10572e+9 
        3892.89      4.10107e+9 
        3893.94      4.09705e+9 
        3894.46      4.09507e+9 
        3895.31       4.0918e+9 
        3896.22      4.08831e+9 
        3896.68      4.08655e+9 
        3898.89      4.07807e+9 
         3899.6      4.07537e+9 
        3901.57      4.06786e+9 
        3903.89        4.059e+9 
        3904.25      4.05768e+9 
        3908.89      4.03999e+9 
        3913.89      4.02096e+9 
        3918.89      4.00179e+9 
        3923.89      3.98247e+9 
        3928.22      3.96563e+9 
        3928.35       3.9651e+9 
        3928.89      3.96302e+9 
        3929.56      3.96042e+9 
         3930.9      3.95523e+9 
        3933.45      3.94527e+9 
        3935.81      3.93601e+9 
        3937.35      3.92985e+9 
        3938.89      3.92369e+9 
        3940.04      3.91917e+9 
        3941.96      3.91153e+9 
        3943.88      3.90387e+9 
        3946.58      3.89312e+9 
        3947.73      3.88847e+9 
        3948.88      3.88379e+9 
        3950.65      3.87657e+9 
        3951.01      3.87512e+9 
        3951.19      3.87446e+9 
        3951.72      3.87233e+9 
        3952.78      3.86802e+9 
        3954.55      3.86092e+9 
        3957.31      3.84974e+9 
        3958.09      3.84657e+9 
        3958.62      3.84446e+9 
        3958.88      3.84342e+9 
        3960.45      3.83711e+9 
        3962.28      3.82979e+9 
        3965.74      3.81625e+9 
        3965.94      3.81543e+9 
        3966.15      3.81465e+9 
        3966.56      3.81308e+9 
        3966.68      3.81261e+9 
        3967.28      3.81025e+9 
        3967.38      3.80987e+9 
        3968.08      3.80717e+9 
        3968.71      3.80475e+9 
        3968.88      3.80412e+9 
        3969.05      3.80346e+9 
        3969.23      3.80274e+9 
        3969.29      3.80255e+9 
        3969.38      3.80218e+9 
        3969.53      3.80164e+9 
        3969.65      3.80117e+9 
        3969.77      3.80073e+9 
        3969.83      3.80051e+9 
        3969.89      3.80029e+9 
        3969.95      3.80007e+9 
        3970.01      3.79985e+9 
        3970.07      3.79963e+9 
        3970.13      3.79944e+9 
        3970.19      3.79922e+9 
        3970.25      3.79903e+9 
        3970.32      3.79878e+9 
        3970.37      3.79863e+9 
        3970.42      3.79847e+9 
        3970.43      3.79844e+9 
        3970.49      3.79825e+9 
        3970.52      3.79815e+9 
        3970.61      3.79787e+9 
         3970.8      3.79731e+9 
         3971.1      3.79639e+9 
        3971.33      3.79564e+9 
        3971.59      3.79486e+9 
         3971.7      3.79451e+9 
        3972.06      3.79341e+9 
        3972.79      3.79115e+9 
        3973.99       3.7875e+9 
        3974.94      3.78465e+9 
         3976.4      3.78025e+9 
        3976.84       3.7789e+9 
        3977.86      3.77588e+9 
        3978.87      3.77286e+9 
        3979.58      3.77082e+9 
         3980.9      3.76693e+9 
        3982.23      3.76303e+9 
        3984.18      3.75738e+9 
        3984.88      3.75533e+9 
        3985.12      3.75464e+9 
        3985.59      3.75329e+9 
        3986.99      3.74915e+9 
        3988.87      3.74362e+9 
        3991.38      3.73626e+9 
        3992.62      3.73259e+9 
        3993.85      3.72894e+9 
        3993.87      3.72891e+9 
        3996.36      3.72137e+9 
        3998.87      3.71377e+9 
        4003.87      3.69847e+9 
        4008.87      3.68276e+9 
        4013.86      3.66677e+9 
        4018.86      3.65066e+9 
        4023.86      3.63413e+9 
        4025.34      3.62914e+9 
        4028.86       3.6171e+9 
        4032.38      3.60482e+9 
        4032.95      3.60284e+9 
        4033.86      3.59957e+9 
         4035.9      3.59241e+9 
        4038.86      3.58192e+9 
        4043.86      3.56363e+9 
        4048.86      3.54504e+9 
        4053.86       3.5254e+9 
        4058.85      3.50432e+9 
        4063.85      3.48409e+9 
        4068.85      3.46266e+9 
        4073.85      3.44014e+9 
        4075.42      3.43304e+9 
        4078.85      3.41796e+9 
        4082.28      3.40191e+9 
        4082.56      3.40062e+9 
           4084      3.39389e+9 
         4085.7      3.38607e+9 
        4088.84      3.37118e+9 
         4089.7      3.36713e+9 
        4093.69      3.34837e+9 
        4096.52      3.33634e+9 
        4097.68      3.33185e+9 
        4098.01      3.33059e+9 
        4098.68       3.3283e+9 
        4098.84      3.32776e+9 
        4099.68      3.32512e+9 
        4100.17      3.32371e+9 
        4100.67      3.32242e+9 
        4100.92      3.32186e+9 
        4101.17      3.32132e+9 
         4101.3      3.32104e+9 
        4101.42      3.32076e+9 
        4101.48      3.32063e+9 
        4101.55      3.32047e+9 
        4101.61      3.32032e+9 
        4101.67      3.32016e+9 
        4101.73      3.31997e+9 
         4101.8      3.31982e+9 
        4101.86      3.31963e+9 
        4101.92      3.31941e+9 
        4102.05        3.319e+9 
         4102.3      3.31812e+9 
        4102.74      3.31658e+9 
        4102.79      3.31642e+9 
        4102.85      3.31627e+9 
        4102.94      3.31595e+9 
        4103.15      3.31532e+9 
         4103.3      3.31485e+9 
        4103.55      3.31413e+9 
        4103.79      3.31344e+9 
        4104.29      3.31215e+9 
        4104.78      3.31099e+9 
        4105.29      3.30986e+9 
        4105.79      3.30885e+9 
        4106.79        3.307e+9 
        4108.68      3.30423e+9 
        4108.76      3.30411e+9 
         4108.8      3.30404e+9 
        4108.84      3.30401e+9 
        4108.86      3.30398e+9 
           4109      3.30379e+9 
        4109.32      3.30332e+9 
        4109.78      3.30272e+9 
         4110.7      3.30178e+9 
        4111.32      3.30119e+9 
        4112.55      3.29983e+9 
        4113.77      3.29867e+9 
        4114.69      3.29782e+9 
        4116.23      3.29641e+9 
        4116.69      3.29594e+9 
        4117.77      3.29478e+9 
        4118.13      3.29434e+9 
        4118.84      3.29346e+9 
        4120.98      3.29123e+9 
        4123.84      3.28824e+9 
        4126.14      3.28535e+9 
        4128.84      3.28149e+9 
         4129.6      3.28067e+9 
        4131.53      3.27835e+9 
        4133.83      3.27527e+9 
        4134.22       3.2748e+9 
        4138.83      3.26801e+9 
        4143.83      3.25937e+9 
        4148.83      3.25139e+9 
        4153.83      3.24216e+9 
        4158.83      3.23185e+9 
        4163.83      3.22114e+9 
        4168.82       3.2098e+9 
        4173.82       3.1983e+9 
        4178.82      3.18633e+9 
        4183.82      3.17398e+9 
        4188.82      3.16132e+9 
        4193.82      3.14844e+9 
        4198.82      3.13549e+9 
        4203.81      3.12233e+9 
        4208.81      3.10895e+9 
        4213.81      3.09538e+9 
        4216.52      3.08792e+9 
        4217.24      3.08595e+9 
        4218.81       3.0816e+9 
         4221.1      3.07522e+9 
        4223.81      3.06759e+9 
        4224.95      3.06435e+9 
        4228.81      3.05333e+9 
        4233.81      3.03874e+9 
        4238.81      3.02367e+9 
        4243.81      3.00811e+9 
         4248.8      2.99198e+9 
         4253.8      2.97585e+9 
         4258.8        2.959e+9 
         4263.8      2.94126e+9 
         4268.8      2.92236e+9 
         4273.8      2.90224e+9 
         4278.8      2.88164e+9 
        4283.79      2.85996e+9 
        4288.79      2.83836e+9 
        4293.79      2.81462e+9 
        4298.79      2.78903e+9 
        4303.79      2.76509e+9 
        4308.79      2.74016e+9 
        4313.79      2.71244e+9 
        4314.07      2.71112e+9 
        4318.78      2.68745e+9 
        4320.85       2.6757e+9 
         4323.5      2.66081e+9 
        4326.14      2.64613e+9 
        4326.48      2.64414e+9 
        4328.78      2.63031e+9 
        4330.23      2.62181e+9 
        4331.09       2.6162e+9 
        4331.15       2.6158e+9 
        4331.95      2.61053e+9 
        4333.66      2.59894e+9 
        4334.06      2.59618e+9 
        4336.17      2.58044e+9 
        4337.79      2.56653e+9 
        4338.22      2.56263e+9 
        4338.28      2.56197e+9 
        4338.78      2.55676e+9 
        4338.81      2.55646e+9 
        4339.34      2.55081e+9 
         4339.6      2.54774e+9 
        4339.87      2.54454e+9 
           4340      2.54295e+9 
        4340.13       2.5415e+9 
         4340.2      2.54084e+9 
        4340.26      2.54027e+9 
        4340.33       2.5398e+9 
         4340.4      2.53944e+9 
        4340.46      2.53922e+9 
        4340.53      2.53916e+9 
        4340.59      2.53924e+9 
        4340.66      2.53943e+9 
        4340.79       2.5401e+9 
        4341.01      2.54163e+9 
        4341.06      2.54202e+9 
         4341.1      2.54245e+9 
         4341.2      2.54321e+9 
        4341.23      2.54336e+9 
        4341.24      2.54343e+9 
         4341.4      2.54474e+9 
        4341.58      2.54603e+9 
        4341.94      2.54844e+9 
        4342.64      2.55266e+9 
        4343.33      2.55615e+9 
        4343.57      2.55737e+9 
        4344.04      2.55931e+9 
        4344.75        2.562e+9 
        4346.17      2.56674e+9 
        4348.58      2.57261e+9 
        4348.78      2.57312e+9 
        4348.98       2.5736e+9 
        4349.37      2.57449e+9 
        4350.17      2.57626e+9 
        4350.32      2.57658e+9 
        4351.76      2.57895e+9 
         4353.2      2.58069e+9 
        4354.73      2.58337e+9 
        4356.08      2.58509e+9 
        4356.08      2.58509e+9 
        4357.43      2.58629e+9 
        4358.77      2.58803e+9 
        4359.17      2.58846e+9 
        4361.47      2.59079e+9 
        4363.77      2.59267e+9 
        4367.98      2.59454e+9 
        4368.38      2.59504e+9 
        4368.52      2.59522e+9 
        4368.77       2.5955e+9 
        4369.56      2.59634e+9 
        4371.15      2.59767e+9 
        4373.77      2.59929e+9 
        4378.77      2.60058e+9 
        4383.77      2.60104e+9 
        4388.77      2.60298e+9 
        4393.77      2.60235e+9 
        4398.76      2.59986e+9 
        4403.76      2.59789e+9 
        4408.76      2.59444e+9 
        4413.76      2.59054e+9 
        4418.76      2.58532e+9 
        4423.76      2.57914e+9 
        4428.76      2.57218e+9 
        4433.75      2.56476e+9 
        4438.75      2.55719e+9 
        4443.75      2.54913e+9 
        4448.75      2.54065e+9 
        4453.75      2.53181e+9 
        4458.75      2.52274e+9 
        4463.75      2.51349e+9 
        4468.74      2.50412e+9 
        4473.74      2.49464e+9 
        4478.74      2.48508e+9 
        4483.74      2.47545e+9 
        4488.74      2.46577e+9 
        4493.74      2.45607e+9 
        4498.74      2.44634e+9 
        4503.74      2.43659e+9 
        4508.73      2.42684e+9 
        4513.73      2.41708e+9 
        4514.12      2.41633e+9 
        4518.73      2.40733e+9 
        4523.35      2.39834e+9 
        4527.19      2.39086e+9 
        4527.96      2.38936e+9 
        4528.73      2.38787e+9 
        4530.27      2.38487e+9 
        4532.97      2.37963e+9 
        4533.29      2.37901e+9 
        4533.35       2.3789e+9 
        4533.73      2.37816e+9 
        4534.49      2.37669e+9 
        4536.01      2.37374e+9 
        4538.73      2.36847e+9 
        4543.73      2.35881e+9 
        4548.72      2.34917e+9 
        4553.72      2.33955e+9 
        4558.72      2.32997e+9 
        4563.72      2.32041e+9 
        4568.72      2.31087e+9 
        4573.72      2.30137e+9 
        4578.72       2.2919e+9 
        4583.72      2.28246e+9 
        4588.71      2.27305e+9 
        4593.71      2.26367e+9 
        4596.53      2.25839e+9 
        4596.98      2.25754e+9 
        4598.71      2.25431e+9 
        4600.89      2.25024e+9 
        4603.71      2.24502e+9 
         4604.8      2.24299e+9 
        4608.71      2.23572e+9 
        4613.71      2.22646e+9 
         4618.7      2.21721e+9 
         4623.7        2.208e+9 
         4628.7      2.19881e+9 
         4633.7      2.18963e+9 
         4638.7      2.18047e+9 
         4643.7      2.17132e+9 
         4648.7      2.16218e+9 
         4653.7      2.15306e+9 
        4658.69      2.14395e+9 
        4663.69      2.13484e+9 
        4668.69      2.12573e+9 
        4673.69      2.11662e+9 
        4678.69      2.10749e+9 
        4683.69      2.09836e+9 
        4688.69      2.08919e+9 
        4693.69      2.07999e+9 
        4698.68      2.07071e+9 
        4703.68      2.06138e+9 
        4708.68      2.05198e+9 
        4713.68      2.04248e+9 
         4715.6       2.0388e+9 
        4718.68      2.03292e+9 
        4720.98      2.02849e+9 
        4721.76        2.027e+9 
        4723.68      2.02327e+9 
        4724.83      2.02103e+9 
        4728.68      2.01349e+9 
        4733.68      2.00353e+9 
        4738.67       1.9934e+9 
        4743.67      1.98305e+9 
        4748.67      1.97243e+9 
        4753.67      1.96148e+9 
        4758.67      1.95031e+9 
        4763.67      1.93877e+9 
        4768.67      1.92677e+9 
        4773.66      1.91481e+9 
        4778.66      1.90243e+9 
        4783.66      1.88943e+9 
        4788.66      1.87576e+9 
        4793.66      1.86125e+9 
        4798.66      1.84631e+9 
        4803.66      1.83049e+9 
        4808.65      1.81482e+9 
        4813.65      1.79784e+9 
        4818.65      1.77933e+9 
        4823.65       1.7607e+9 
        4828.65      1.74115e+9 
        4833.65      1.71929e+9 
        4834.97      1.71342e+9 
        4838.65      1.69765e+9 
        4839.16      1.69536e+9 
        4842.32      1.68036e+9 
        4845.48      1.66507e+9 
         4845.5      1.66498e+9 
        4847.05      1.65768e+9 
        4848.64      1.64943e+9 
        4851.78      1.63382e+9 
        4854.39      1.62039e+9 
        4856.52      1.61029e+9 
         4858.4      1.60486e+9 
        4858.64      1.60474e+9 
        4858.66      1.60472e+9 
        4858.88      1.60447e+9 
        4859.36      1.60518e+9 
        4859.47      1.60548e+9 
        4860.06      1.60837e+9 
        4860.36      1.61086e+9 
        4860.66      1.61475e+9 
        4860.81      1.61728e+9 
        4860.95      1.61992e+9 
        4861.03      1.62114e+9 
         4861.1      1.62227e+9 
        4861.18      1.62317e+9 
        4861.25      1.62369e+9 
        4861.32      1.62382e+9 
         4861.4      1.62351e+9 
        4861.47      1.62279e+9 
        4861.54      1.62173e+9 
        4861.64      1.61997e+9 
        4861.69       1.6191e+9 
        4861.69      1.61906e+9 
        4861.69      1.61902e+9 
        4861.69      1.61893e+9 
        4861.74      1.61798e+9 
        4861.84      1.61598e+9 
        4861.98      1.61328e+9 
        4861.99      1.61313e+9 
        4862.28      1.60858e+9 
        4862.58      1.60533e+9 
         4862.6      1.60515e+9 
        4863.18      1.60097e+9 
        4863.76      1.59858e+9 
        4864.93      1.59752e+9 
        4865.99      1.59862e+9 
        4866.06      1.59865e+9 
        4866.09      1.59866e+9 
        4866.13      1.59867e+9 
        4866.26      1.59872e+9 
        4866.53      1.59948e+9 
        4867.08       1.6009e+9 
        4867.69       1.6024e+9 
        4868.17      1.60334e+9 
        4868.31       1.6037e+9 
        4868.64      1.60445e+9 
        4869.59      1.60688e+9 
        4870.86      1.61049e+9 
        4872.06        1.613e+9 
        4873.41      1.61663e+9 
        4874.75       1.6203e+9 
        4876.23      1.62386e+9 
        4876.95      1.62527e+9 
        4877.43      1.62618e+9 
        4878.64      1.62856e+9 
        4880.32      1.63273e+9 
        4882.91      1.63829e+9 
        4883.46      1.63934e+9 
        4883.64      1.63966e+9 
        4883.69      1.63976e+9 
        4884.48      1.64113e+9 
        4886.05      1.64383e+9 
        4888.63      1.64783e+9 
        4893.63       1.6562e+9 
        4898.63      1.66202e+9 
        4903.63      1.66675e+9 
        4908.63      1.67104e+9 
        4913.63       1.6738e+9 
        4915.55      1.67448e+9 
        4918.24      1.67511e+9 
        4918.63      1.67517e+9 
         4921.7      1.67598e+9 
        4923.62      1.67638e+9 
        4925.16      1.67659e+9 
        4928.62      1.67673e+9 
        4933.62      1.67651e+9 
        4938.62      1.67546e+9 
        4943.62       1.6737e+9 
        4948.62      1.67132e+9 
        4953.62      1.66846e+9 
        4958.61      1.66555e+9 
        4963.61       1.6622e+9 
        4968.61      1.65846e+9 
        4973.61      1.65451e+9 
        4978.61      1.65025e+9 
        4983.61      1.64573e+9 
        4988.61        1.641e+9 
        4993.61      1.63611e+9 
         4998.6      1.63106e+9 
         5003.6      1.62588e+9 
         5008.6      1.62061e+9 
         5013.6      1.61528e+9 
         5018.6      1.60987e+9 
         5023.6      1.60439e+9 
         5028.6      1.59885e+9 
         5033.6      1.59327e+9 
        5038.59      1.58764e+9 
        5043.59        1.582e+9 
        5048.59      1.57634e+9 
        5053.59      1.57066e+9 
        5058.59      1.56499e+9 
        5063.59       1.5593e+9 
        5068.59      1.55362e+9 
        5073.58      1.54795e+9 
        5078.58      1.54228e+9 
        5083.58      1.53662e+9 
        5088.58      1.53097e+9 
        5093.58      1.52533e+9 
        5098.58       1.5197e+9 
        5103.58      1.51408e+9 
        5108.57      1.50848e+9 
        5113.57       1.5029e+9 
        5118.57      1.49734e+9 
        5123.57      1.49179e+9 
        5128.57      1.48627e+9 
        5133.57      1.48076e+9 
        5138.57      1.47528e+9 
        5143.57      1.46982e+9 
        5148.56      1.46437e+9 
        5153.56      1.45896e+9 
        5158.56      1.45356e+9 
        5163.56      1.44818e+9 
        5168.56      1.44282e+9 
        5173.56      1.43749e+9 
        5178.56      1.43218e+9 
        5183.56      1.42689e+9 
        5188.55      1.42163e+9 
        5193.55      1.41638e+9 
        5198.55      1.41116e+9 
        5203.55      1.40596e+9 
        5208.55      1.40079e+9 
        5213.55      1.39563e+9 
        5218.55       1.3905e+9 
        5223.54      1.38539e+9 
        5228.54       1.3803e+9 
        5233.54      1.37523e+9 
        5238.54      1.37019e+9 
        5243.54      1.36517e+9 
        5248.54      1.36017e+9 
        5253.54      1.35519e+9 
        5258.53      1.35024e+9 
        5263.53       1.3453e+9 
        5268.53      1.34039e+9 
        5273.53       1.3355e+9 
        5278.53      1.33063e+9 
        5283.53      1.32579e+9 
        5288.53      1.32096e+9 
        5293.52      1.31615e+9 
        5298.52      1.31137e+9 
        5303.52      1.30661e+9 
        5308.52      1.30187e+9 
        5313.52      1.29715e+9 
        5318.52      1.29245e+9 
        5323.52      1.28778e+9 
        5328.52      1.28312e+9 
        5333.52      1.27848e+9 
        5338.51      1.27387e+9 
        5343.51      1.26927e+9 
        5348.51       1.2647e+9 
        5353.51      1.26014e+9 
        5358.51      1.25561e+9 
        5363.51      1.25125e+9 
        5368.51      1.24675e+9 
         5373.5      1.24227e+9 
         5378.5      1.23781e+9 
         5383.5      1.23337e+9 
         5388.5      1.22895e+9 
         5393.5      1.22455e+9 
         5398.5      1.22017e+9 
         5403.5      1.21581e+9 
        5408.49      1.21147e+9 
        5413.49      1.20715e+9 
        5418.49      1.20284e+9 
        5423.49      1.19856e+9 
        5428.49       1.1943e+9 
        5433.49      1.19005e+9 
        5438.49      1.18582e+9 
        5443.48      1.18161e+9 
        5448.48      1.17742e+9 
        5453.48      1.17325e+9 
        5458.48       1.1691e+9 
        5463.48      1.16496e+9 
        5468.48      1.16084e+9 
        5473.48      1.15674e+9 
        5478.48      1.15266e+9 
        5483.48       1.1486e+9 
        5488.47      1.14456e+9 
        5493.47      1.14053e+9 
        5498.47      1.13652e+9 
        5503.47      1.13253e+9 
        5508.47      1.12855e+9 
        5513.47       1.1246e+9 
        5518.47      1.12066e+9 
        5523.46      1.11674e+9 
        5528.46      1.11283e+9 
        5533.46      1.10894e+9 
        5538.46      1.10507e+9 
        5543.46      1.10122e+9 
        5548.46      1.09738e+9 
        5553.46      1.09356e+9 
        5558.45      1.08975e+9 
        5563.45      1.08596e+9 
        5568.45      1.08219e+9 
        5573.45      1.07844e+9 
        5578.45       1.0747e+9 
        5583.45      1.07098e+9 
        5588.45      1.06727e+9 
        5593.44      1.06358e+9 
        5598.44       1.0599e+9 
        5603.44      1.05625e+9 
        5608.44       1.0526e+9 
        5613.44      1.04897e+9 
        5618.44      1.04536e+9 
        5623.44      1.04177e+9 
        5628.44      1.03819e+9 
        5633.43      1.03462e+9 
        5638.43      1.03107e+9 
        5643.43      1.02754e+9 
        5648.43      1.02401e+9 
        5653.43      1.02051e+9 
        5658.43      1.01702e+9 
        5663.43      1.01355e+9 
        5668.43      1.01051e+9 
        5673.42      1.00706e+9 
        5673.98      1.00668e+9 
        5678.42      1.00362e+9 
        5682.86      1.00058e+9 
         5686.2      9.98307e+8 
        5687.31       9.9755e+8 
        5687.86      9.97173e+8 
        5688.42      9.96796e+8 
        5690.64      9.95288e+8 
        5693.42      9.93403e+8 
        5698.42      9.90026e+8 
        5703.41      9.86661e+8 
        5704.77      9.85753e+8 
        5708.41      9.83312e+8 
        5708.88      9.83001e+8 
        5712.06      9.80881e+8 
        5713.41      9.79979e+8 
        5715.23      9.78766e+8 
        5718.41      9.76658e+8 
        5723.41       9.7335e+8 
        5728.41      9.70058e+8 
        5733.41      9.66781e+8 
        5738.41      9.63514e+8 
         5743.4      9.60265e+8 
         5748.4      9.57027e+8 
         5753.4      9.53803e+8 
         5758.4      9.50593e+8 
         5763.4        9.473e+8 
         5768.4      9.44118e+8 
         5773.4      9.40948e+8 
         5778.4      9.37791e+8 
        5783.39      9.34646e+8 
        5788.39      9.31514e+8 
        5793.39      9.28397e+8 
        5798.39       9.2529e+8 
        5803.39      9.22199e+8 
        5808.39       9.1912e+8 
        5813.39      9.16054e+8 
        5818.39         9.13e+8 
        5823.38      9.09959e+8 
        5828.38      9.06931e+8 
        5833.38      9.03915e+8 
        5838.38      9.00911e+8 
        5843.38      8.97921e+8 
        5848.38      8.94942e+8 
        5853.38      8.91977e+8 
        5858.37      8.89024e+8 
        5863.37      8.86083e+8 
        5868.37      8.83152e+8 
        5873.37      8.80237e+8 
        5878.37      8.77331e+8 
        5883.37      8.74437e+8 
        5888.37      8.71556e+8 
        5893.36      8.68685e+8 
        5898.36      8.65826e+8 
        5903.36       8.6298e+8 
        5908.36      8.60146e+8 
        5913.36      8.57322e+8 
        5918.36       8.5451e+8 
        5923.36      8.51711e+8 
        5928.35      8.48921e+8 
        5933.35      8.46144e+8 
        5938.35      8.43376e+8 
        5943.35      8.40621e+8 
        5948.35      8.37878e+8 
        5953.35      8.35145e+8 
        5958.35      8.32422e+8 
        5963.35       8.2971e+8 
        5968.34      8.27012e+8 
        5973.34      8.24322e+8 
        5978.34      8.21643e+8 
        5983.34      8.18976e+8 
        5988.34      8.16318e+8 
        5993.34      8.13672e+8 
        5998.34      8.11034e+8 
        6003.34       8.0841e+8 
        6008.33      8.05797e+8 
        6013.33      8.03192e+8 
        6018.33      8.00597e+8 
        6023.33      7.98015e+8 
        6028.33      7.95442e+8 
        6033.33      7.92878e+8 
        6038.32      7.90324e+8 
        6043.32      7.87783e+8 
        6048.32      7.85247e+8 
        6053.32      7.82725e+8 
        6058.32      7.80211e+8 
        6063.32      7.77708e+8 
        6068.32      7.75216e+8 
        6073.32      7.72731e+8 
        6078.31      7.70256e+8 
        6083.31       7.6779e+8 
        6088.31      7.65336e+8 
        6093.31      7.62889e+8 
        6098.31      7.60454e+8 
        6103.31      7.58025e+8 
        6108.31      7.55606e+8 
        6113.31      7.53197e+8 
         6118.3        7.508e+8 
         6123.3      7.48406e+8 
         6128.3      7.46025e+8 
         6133.3      7.43653e+8 
         6138.3      7.41287e+8 
         6143.3      7.38934e+8 
         6148.3      7.36587e+8 
        6153.29       7.3425e+8 
        6158.29      7.31922e+8 
        6163.29        7.296e+8 
        6168.29      7.27288e+8 
        6173.29      7.24985e+8 
        6178.29      7.22689e+8 
        6183.29      7.20402e+8 
        6188.28      7.18121e+8 
        6193.28       7.1585e+8 
        6198.28      7.13588e+8 
        6203.28      7.11332e+8 
        6208.28      7.09086e+8 
        6213.28      7.06846e+8 
        6218.28      7.04612e+8 
        6223.28      7.02388e+8 
        6228.27       7.0017e+8 
        6233.27      6.97961e+8 
        6238.27      6.95756e+8 
        6243.27       6.9356e+8 
        6244.38      6.93073e+8 
        6248.27       6.9137e+8 
        6252.16      6.89671e+8 
        6253.82      6.88945e+8 
        6256.04      6.87977e+8 
        6258.27       6.8701e+8 
        6262.16       6.8532e+8 
        6262.71      6.85081e+8 
        6263.27      6.84839e+8 
        6264.37      6.84358e+8 
        6264.91      6.84126e+8 
        6266.59        6.834e+8 
        6268.26      6.82674e+8 
        6269.97      6.81939e+8 
        6271.61      6.81226e+8 
        6273.26      6.80516e+8 
        6274.85      6.79831e+8 
        6276.56      6.79096e+8 
        6278.26      6.78364e+8 
        6280.08      6.77582e+8 
        6281.67        6.769e+8 
        6283.26      6.76215e+8 
        6284.63      6.75628e+8 
        6286.44      6.74852e+8 
        6288.26      6.74073e+8 
        6290.52      6.73105e+8 
        6291.89      6.72518e+8 
        6293.26      6.71933e+8 
        6293.73      6.71732e+8 
        6295.99      6.70768e+8 
        6298.26      6.69806e+8 
        6302.31      6.68082e+8 
        6302.78      6.67881e+8 
        6303.25       6.6768e+8 
        6303.92        6.674e+8 
         6304.2      6.67281e+8 
        6306.09      6.66479e+8 
        6308.25      6.65559e+8 
        6311.92      6.64007e+8 
        6312.59      6.63724e+8 
        6313.25      6.63445e+8 
        6314.58      6.62882e+8 
        6316.22      6.62188e+8 
        6317.23      6.61761e+8 
        6317.31      6.61726e+8 
        6318.25       6.6133e+8 
        6320.28      6.60473e+8 
        6323.25      6.59222e+8 
        6328.25      6.57114e+8 
        6333.25       6.5501e+8 
        6338.24      6.52917e+8 
        6343.24      6.50822e+8 
        6348.24      6.48729e+8 
        6353.24      6.46637e+8 
        6358.24      6.44545e+8 
        6363.24      6.42453e+8 
        6368.24       6.4036e+8 
        6373.23      6.38265e+8 
        6378.23      6.36163e+8 
        6383.23      6.34058e+8 
        6388.23      6.31947e+8 
        6393.23       6.2983e+8 
        6398.23        6.277e+8 
        6403.23      6.25557e+8 
        6408.23      6.23405e+8 
        6413.22      6.21234e+8 
        6418.22      6.19045e+8 
        6423.22       6.1683e+8 
        6428.22       6.1459e+8 
        6433.22      6.12322e+8 
        6438.22      6.10016e+8 
        6443.22      6.07672e+8 
        6448.22      6.05278e+8 
        6453.21      6.02834e+8 
        6458.21      6.00333e+8 
        6463.21      5.97767e+8 
        6468.21      5.95124e+8 
        6473.21      5.92407e+8 
        6478.21      5.89611e+8 
         6483.2      5.86699e+8 
         6488.2       5.8367e+8 
         6493.2      5.80497e+8 
         6498.2      5.77161e+8 
         6503.2      5.73652e+8 
         6508.2      5.69979e+8 
         6513.2      5.66093e+8 
         6518.2      5.61921e+8 
        6523.19      5.57494e+8 
        6523.72      5.57017e+8 
        6528.19      5.52785e+8 
        6532.67      5.48258e+8 
         6536.1      5.44567e+8 
        6537.14      5.43474e+8 
        6537.38      5.43219e+8 
        6538.19      5.42355e+8 
        6540.29      5.40037e+8 
        6543.19      5.36653e+8 
        6546.46        5.326e+8 
        6546.72      5.32274e+8 
        6548.19      5.30398e+8 
        6549.92      5.27998e+8 
        6553.11      5.23392e+8 
        6554.43      5.21237e+8 
        6556.31      5.18061e+8 
        6556.87      5.16971e+8 
         6557.9      5.14844e+8 
        6558.19      5.14228e+8 
         6558.7      5.12966e+8 
         6559.5      5.10656e+8 
         6560.3       5.0771e+8 
         6560.7      5.05825e+8 
         6561.1      5.03337e+8 
        6561.49      5.00123e+8 
        6561.85       4.9602e+8 
         6561.9      4.95275e+8 
        6561.94      4.94496e+8 
        6562.05      4.92812e+8 
         6562.1       4.9187e+8 
         6562.2      4.90211e+8 
        6562.24      4.89378e+8 
        6562.29       4.8848e+8 
        6562.44      4.86227e+8 
        6562.49      4.85668e+8 
        6562.49      4.85621e+8 
        6562.49      4.85574e+8 
        6562.54      4.85034e+8 
        6562.59      4.84569e+8 
        6562.69      4.83937e+8 
        6562.79      4.83702e+8 
        6562.89      4.83881e+8 
        6562.99      4.84459e+8 
        6563.09      4.85411e+8 
        6563.29      4.88185e+8 
        6563.64      4.94019e+8 
        6563.69       4.9471e+8 
        6563.69      4.94741e+8 
        6563.69      4.94769e+8 
        6563.74      4.95486e+8 
        6563.84      4.96749e+8 
        6564.04      4.98907e+8 
        6564.29      5.01078e+8 
        6564.39      5.01759e+8 
        6564.44      5.02074e+8 
        6564.49      5.02363e+8 
        6564.69      5.03572e+8 
        6565.08      5.05426e+8 
        6565.64      5.07468e+8 
        6565.86      5.08146e+8 
        6566.09       5.0874e+8 
        6566.54      5.09777e+8 
        6566.69      5.10141e+8 
        6567.09      5.10967e+8 
        6567.44      5.11586e+8 
        6568.18      5.12749e+8 
        6569.28      5.14235e+8 
        6570.48      5.15526e+8 
        6571.48      5.16625e+8 
        6572.47      5.17631e+8 
        6573.27      5.18344e+8 
        6574.47      5.19337e+8 
        6575.67      5.20276e+8 
        6577.95      5.21985e+8 
        6578.06       5.2206e+8 
        6578.18      5.22136e+8 
        6578.41      5.22287e+8 
        6578.87      5.22576e+8 
        6579.79      5.23119e+8 
        6580.08      5.23311e+8 
        6581.63      5.24285e+8 
        6583.18       5.2518e+8 
        6584.38      5.25833e+8 
        6586.28      5.26748e+8 
        6587.91      5.27483e+8 
        6588.18      5.27596e+8 
        6588.44      5.27709e+8 
        6588.98      5.27926e+8 
        6590.04      5.28369e+8 
        6591.02      5.28809e+8 
        6592.17      5.29296e+8 
        6593.01      5.29644e+8 
        6593.31       5.2976e+8 
        6595.59      5.30609e+8 
        6598.17      5.31451e+8 
        6603.34      5.32855e+8 
        6613.66      5.34699e+8 
        6623.98      5.35397e+8 
         6634.3      5.35277e+8 
        6639.69      5.34925e+8 
        6644.62      5.34463e+8 
        6654.94      5.33131e+8 
        6657.64      5.32723e+8 
        6675.58       5.2944e+8 
        6693.53      5.25444e+8 
        6711.43      5.21024e+8 
        6711.48      5.21011e+8 
        6711.53      5.20999e+8 
        6711.63      5.20973e+8 
        6711.83      5.20923e+8 
        6712.23       5.2082e+8 
        6713.03      5.20615e+8 
        6714.63      5.20204e+8 
        6717.82      5.19374e+8 
        6724.22        5.177e+8 
        6737.02      5.14288e+8 
        6762.61      5.07323e+8 
        6802.82      4.96274e+8 
         6813.8      4.93271e+8 
        6824.78      4.90274e+8 
        6846.74       4.8432e+8 
        6890.66       4.7259e+8 
         6978.5      4.50002e+8 
        7023.53      4.38902e+8 
        7066.34      4.28655e+8 
        7109.15      4.18696e+8 
        7194.76       3.9962e+8 
        7280.37      3.81612e+8 
        7338.45      3.69967e+8 
        7365.98      3.64613e+8 
        7393.51      3.59345e+8 
        7448.57      3.49091e+8 
        7503.63      3.39198e+8 
        7558.69      3.29654e+8 
        7613.75      3.20446e+8 
        7659.74      3.12998e+8 
        7668.81      3.11555e+8 
        7677.88       3.1012e+8 
        7696.02      3.07275e+8 
        7732.31      3.01682e+8 
        7804.88      2.90873e+8 
        7877.45      2.80544e+8 
        7937.81      2.72302e+8 
        7950.03       2.7067e+8 
        7962.25      2.69051e+8 
        7986.69      2.65848e+8 
         7988.6        2.656e+8 
        8035.57      2.59583e+8 
        8082.55      2.53736e+8 
        8150.16      2.45607e+8 
         8176.5      2.42527e+8 
        8200.85      2.39725e+8 
        8202.85      2.39496e+8 
        8204.85      2.39268e+8 
        8208.85      2.38813e+8 
        8216.85      2.37905e+8 
        8232.84      2.36103e+8 
        8264.83      2.32549e+8 
        8289.72      2.29832e+8 
        8328.82      2.25641e+8 
        8343.44      2.24098e+8 
        8367.92      2.21545e+8 
        8371.47      2.21178e+8 
        8388.68      2.19407e+8 
        8392.39      2.19028e+8 
        8408.65      2.17377e+8 
        8413.32      2.16905e+8 
        8432.02      2.15029e+8 
        8437.95      2.14439e+8 
        8467.25       2.1155e+8 
        8473.98      2.10894e+8 
        8502.48      2.08142e+8 
        8516.58      2.06796e+8 
        8530.98      2.05434e+8 
        8545.38      2.04083e+8 
        8549.97      2.03655e+8 
        8574.18      2.01414e+8 
        8598.39      1.99204e+8 
         8628.6      1.96489e+8 
        8646.81      1.94875e+8 
        8652.39      1.94383e+8 
        8665.01      1.93277e+8 
        8685.59      1.91492e+8 
        8701.43      1.90131e+8 
        8750.47      1.85993e+8 
        8767.92      1.84548e+8 
        8815.35      1.80691e+8 
        8862.78      1.76936e+8 
        8900.38      1.74029e+8 
        8957.65      1.69711e+8 
        9014.91      1.65528e+8 
        9044.62      1.63409e+8 
        9072.17      1.61475e+8 
        9099.72      1.59568e+8 
        9154.81      1.55842e+8 
         9190.8      1.53466e+8 
         9209.9      1.52223e+8 
        9229.01      1.50993e+8 
        9267.22      1.48562e+8 
         9303.2      1.46328e+8 
        9343.64      1.43865e+8 
        9384.08       1.4145e+8 
        9464.96      1.36765e+8 
        9545.72      1.32271e+8 
        9545.84      1.32264e+8 
        9545.97      1.32258e+8 
        9546.21      1.32244e+8 
        9546.69      1.32218e+8 
        9546.87      1.32209e+8 
        9547.66      1.32166e+8 
        9549.59      1.32044e+8 
        9553.47      1.31836e+8 
        9561.21      1.31422e+8 
        9576.69        1.306e+8 
        9607.66      1.28974e+8 
        9668.45      1.25848e+8 
        9729.24      1.22809e+8 
        9790.04      1.19846e+8 
        9850.83      1.16963e+8 
        9870.42      1.16045e+8 
        9911.62      1.14134e+8 
        9952.82      1.12252e+8 
        10021.1      1.09208e+8 
        10035.2      1.08595e+8 
        10049.4      1.08002e+8 
        10077.7      1.06838e+8 
        10134.2      1.04607e+8 
        10144.5      1.04209e+8 
        10190.8      1.02423e+8 
        10237.2      1.00664e+8 
        10329.9      9.72235e+7 
        10422.6      9.39072e+7 
        10515.3      9.06503e+7 
          10608      8.75524e+7 
        10700.7      8.45148e+7 
        10793.4      8.15187e+7 
        10834.1      8.02253e+7 
        10886.1       7.8581e+7 
        10912.1      7.77406e+7 
        10938.1      7.68449e+7 
        10964.1       7.6314e+7 
        10990.1      7.57221e+7 
          11042      7.44862e+7 
          11094      7.32544e+7 
          11146      7.20267e+7 
          11198      7.07964e+7 
          11239      6.98307e+7 
          11250      6.95737e+7 
        11260.9      6.93167e+7 
        11282.8      6.88028e+7 
        11326.6       6.7783e+7 
        11414.2      6.57853e+7 
        11501.8      6.38695e+7 
        11589.4      6.19943e+7 
          11677      6.01873e+7 
        11764.6      5.84456e+7 
        11852.2      5.67664e+7 
        11939.8      5.51469e+7 
        12027.4      5.35645e+7 
          12115      5.20512e+7 
        12120.6      5.19563e+7 
        12202.6      5.05859e+7 
        12284.6      4.92529e+7 
        12366.6      4.79495e+7 
        12448.7       4.6669e+7 
        12530.7      4.53919e+7 
        12612.7      4.41023e+7 
        12694.7      4.27511e+7 
        12735.4      4.20499e+7 
          12756      4.16896e+7 
        12776.7      4.13308e+7 
        12787.1      4.11583e+7 
        12797.4      4.10132e+7 
        12807.7      4.09089e+7 
          12818      4.09544e+7 
        12818.1      4.09538e+7 
        12818.1      4.09532e+7 
        12818.2      4.09516e+7 
        12818.4      4.09481e+7 
        12818.8      4.09384e+7 
        12819.6      4.09117e+7 
        12821.2      4.08489e+7 
        12824.4      4.07414e+7 
        12830.8      4.06133e+7 
        12837.2      4.05203e+7 
          12850      4.03801e+7 
        12875.6      4.01775e+7 
        12926.8      3.97763e+7 
          12978      3.93287e+7 
        13029.2      3.88417e+7 
        13080.3      3.83227e+7 
        13131.5      3.77918e+7 
        13182.7      3.72533e+7 
        13233.9      3.67123e+7 
        13261.8      3.64208e+7 
        13285.1      3.61773e+7 
        13308.4      3.59345e+7 
        13354.9      3.54522e+7 
        13447.9      3.45057e+7 
          13541      3.35858e+7 
          13634      3.27012e+7 
        13727.1      3.18356e+7 
        13820.1      3.09986e+7 
        13913.2      3.01889e+7 
        14006.2      2.94054e+7 
        14099.2      2.86472e+7 
        14192.3      2.79133e+7 
        14238.6      2.75567e+7 
        14285.3      2.72027e+7 
        14332.1      2.68544e+7 
        14393.4       2.6405e+7 
        14425.5      2.61736e+7 
        14457.6      2.59447e+7 
        14460.5      2.59245e+7 
        14521.9      2.54944e+7 
        14581.2      2.50869e+7 
        14583.2      2.50733e+7 
        14585.2      2.50597e+7 
        14589.2      2.50326e+7 
        14597.2      2.49785e+7 
        14613.2      2.48706e+7 
        14645.2      2.46567e+7 
        14709.2      2.42357e+7 
        14773.2      2.38236e+7 
        14837.1      2.34203e+7 
        14901.1      2.30254e+7 
        14965.1      2.26388e+7 
        15029.1      2.22603e+7 
        15093.1      2.18897e+7 
        15157.1      2.15268e+7 
          15221      2.11713e+7 
          15285      2.08232e+7 
          15349      2.04822e+7 
          15413      2.01481e+7 
        15471.6      1.98482e+7 
          15477      1.98209e+7 
        15482.4      1.97936e+7 
        15493.1      1.97391e+7 
        15514.7      1.96308e+7 
        15557.9      1.94165e+7 
        15644.2      1.89964e+7 
        15730.5      1.85876e+7 
        15816.8      1.81898e+7 
        15903.1      1.78026e+7 
        15989.4      1.74256e+7 
        16075.8      1.70586e+7 
        16162.1      1.67011e+7 
        16248.4       1.6353e+7 
        16289.9      1.61888e+7 
        16334.7      1.60139e+7 
        16379.5      1.58413e+7 
        16469.1       1.5503e+7 
        16558.8      1.51737e+7 
        16648.4      1.48531e+7 
          16738       1.4541e+7 
        16827.7       1.4237e+7 
        16917.3      1.39409e+7 
        17006.9      1.36525e+7 
        17096.6      1.33714e+7 
        17186.2      1.30976e+7 
        17275.8      1.28308e+7 
        17327.7      1.26795e+7 
        17365.5      1.25707e+7 
        17403.2       1.2463e+7 
        17478.8      1.22513e+7 
        17554.3       1.2044e+7 
        17629.9       1.1841e+7 
        17705.4      1.16424e+7 
          17781      1.14478e+7 
        17856.5      1.12574e+7 
        17932.1      1.10708e+7 
        18007.6      1.08821e+7 
        18083.2      1.07016e+7 
        18158.7      1.05241e+7 
        18234.3      1.03492e+7 
        18309.8       1.0176e+7 
        18343.7      1.00984e+7 
        18385.3      1.00033e+7 
          18427      9.90761e+6 
        18510.2      9.71151e+6 
        18593.4      9.50002e+6 
        18602.1       9.4763e+6 
        18639.3      9.36832e+6 
        18657.9      9.31017e+6 
        18676.6      9.24671e+6 
        18695.2      9.17697e+6 
        18704.5      9.13823e+6 
        18713.8      9.09328e+6 
        18723.2      9.04157e+6 
        18732.5      8.97522e+6 
        18737.1      8.93196e+6 
        18741.8      8.87362e+6 
        18744.1      8.83416e+6 
        18746.5       8.7799e+6 
        18748.8      8.69451e+6 
        18749.9      8.64513e+6 
        18750.5      8.62798e+6 
        18751.1      8.62097e+6 
        18751.7      8.62587e+6 
        18752.3      8.64092e+6 
        18752.9      8.66184e+6 
        18753.4      8.68606e+6 
          18754       8.7089e+6 
        18754.6      8.72932e+6 
        18755.2      8.74695e+6 
        18755.8      8.76284e+6 
        18756.9      8.78782e+6 
        18759.3      8.82492e+6 
        18761.6      8.85159e+6 
        18763.9      8.87161e+6 
        18768.6      8.89972e+6 
        18777.9      8.93337e+6 
        18787.2      8.95112e+6 
        18805.8      8.96479e+6 
        18824.5      8.96328e+6 
        18861.7      8.94072e+6 
          18899       8.9033e+6 
        18973.5      8.80372e+6 
        19048.1       8.6877e+6 
        19122.6      8.56521e+6 
        19197.1      8.44039e+6 
        19271.6      8.31564e+6 
        19346.2      8.19183e+6 
        19390.7      8.11854e+6 
        19420.7      8.06956e+6 
        19450.7      8.02086e+6 
        19510.6      7.92448e+6 
        19570.6      7.83174e+6 
        19630.6      7.73746e+6 
        19690.5      7.64459e+6 
        19750.5      7.55311e+6 
        19810.4      7.46298e+6 
        19870.4       7.3742e+6 
        19930.4      7.28674e+6 
        19990.3      7.20056e+6 
        20050.3      7.11568e+6 
        20110.2      7.03202e+6 
        20170.2      6.94958e+6 
        20230.2      6.86837e+6 
        20290.1      6.78832e+6 
        20350.1      6.70944e+6 
        20410.1      6.63171e+6 
        20465.6      6.56065e+6 
          20470      6.55509e+6 
        20474.4      6.54953e+6 
        20483.2      6.53844e+6 
        20500.7      6.51635e+6 
        20535.7      6.47243e+6 
        20605.8       6.3857e+6 
        20675.8       6.3004e+6 
        20745.9      6.21655e+6 
          20816      6.13405e+6 
          20886      6.05294e+6 
        20956.1      5.97314e+6 
        21026.1      5.89466e+6 
        21096.2      5.81748e+6 
        21166.3      5.74154e+6 
        21236.3      5.66684e+6 
        21306.4      5.59335e+6 
        21376.5      5.52107e+6 
        21446.5      5.44991e+6 
        21516.6      5.37991e+6 
        21542.7      5.35412e+6 
        21586.7      5.31105e+6 
        21630.6      5.26839e+6 
        21718.5      5.18435e+6 
        21806.5      5.10198e+6 
        21894.4      5.02121e+6 
        21982.3      4.94207e+6 
        22070.2      4.86447e+6 
        22158.2      4.78838e+6 
        22246.1      4.71377e+6 
          22334      4.64063e+6 
        22421.9      4.56888e+6 
        22509.8      4.49851e+6 
        22597.8      4.42949e+6 
        22685.7      4.36182e+6 
        22760.4       4.3053e+6 
        22773.6      4.29541e+6 
        22784.8      4.28702e+6 
        22786.8      4.28554e+6 
        22788.8      4.28403e+6 
        22792.8      4.28105e+6 
        22800.8      4.27511e+6 
        22816.8      4.26324e+6 
        22848.8      4.23961e+6 
        22912.8      4.19283e+6 
        22976.8      4.14668e+6 
        23040.8      4.10119e+6 
        23104.8      4.05633e+6 
        23168.7      4.01207e+6 
        23232.7       3.9684e+6 
        23296.7      3.92533e+6 
        23360.7      3.88285e+6 
        23424.7      3.84094e+6 
        23488.6       3.7996e+6 
        23552.6      3.75879e+6 
        23616.6      3.71855e+6 
        23680.6      3.67884e+6 
        23744.6      3.63966e+6 
        23808.6      3.60099e+6 
        23872.5      3.56285e+6 
        23936.5      3.52521e+6 
        24000.5      3.48805e+6 
        24064.5      3.45139e+6 
        24128.5      3.41519e+6 
        24192.5      3.37947e+6 
        24256.4      3.34423e+6 
        24320.4      3.30945e+6 
        24384.4      3.27511e+6 
        24448.4      3.24121e+6 
        24512.4      3.20775e+6 
        24576.3      3.17474e+6 
        24640.3      3.14213e+6 
        24704.3      3.10994e+6 
        24768.3      3.07817e+6 
        24832.3       3.0468e+6 
        24896.3      3.01583e+6 
        24960.2      2.98525e+6 
        25004.4      2.96435e+6 
        25024.2      2.95506e+6 
          25044       2.9458e+6 
        25083.6      2.92739e+6 
        25162.8      2.89099e+6 
        25241.9      2.85517e+6 
        25321.1      2.81989e+6 
        25400.2      2.78516e+6 
        25479.4      2.75096e+6 
        25558.5      2.71729e+6 
        25637.7      2.68412e+6 
        25716.9      2.65147e+6 
          25796       2.6193e+6 
        25875.2      2.58763e+6 
        25954.3      2.55642e+6 
        26033.5      2.52569e+6 
        26112.7      2.49542e+6 
        26191.8       2.4656e+6 
          26271      2.43623e+6 
        26350.1      2.40729e+6 
        26429.3      2.37878e+6 
        26508.4      2.35069e+6 
        26587.6      2.32301e+6 
        26666.8      2.29574e+6 
        26745.9      2.26887e+6 
        26825.1      2.24239e+6 
        26904.2      2.21629e+6 
        26983.4      2.19057e+6 
        27062.6      2.16522e+6 
        27141.7      2.14024e+6 
        27142.5      2.13998e+6 
        27220.9      2.11562e+6 
        27299.2       2.0916e+6 
        27377.5      2.06792e+6 
        27455.8      2.04456e+6 
        27534.2      2.02154e+6 
        27612.5      1.99884e+6 
        27690.8      1.97646e+6 
        27769.1      1.95438e+6 
        27847.5      1.93262e+6 
        27925.8      1.91116e+6 
        28004.1      1.88999e+6 
        28082.4      1.86912e+6 
        28160.8      1.84854e+6 
        28239.1      1.82823e+6 
        28317.4      1.80821e+6 
        28395.7      1.78846e+6 
          28474      1.76897e+6 
        28552.4      1.74976e+6 
        28630.7       1.7308e+6 
          28709       1.7121e+6 
        28787.3      1.69365e+6 
        28865.7      1.67545e+6 
          28944      1.65749e+6 
        29022.3      1.63977e+6 
        29100.6      1.62229e+6 
          29179      1.60504e+6 
        29257.3      1.58802e+6 
        29335.6      1.57122e+6 
        29413.9      1.55464e+6 
        29492.3      1.53828e+6 
        29570.6      1.52214e+6 
        29648.9      1.50621e+6 
        29727.2      1.49049e+6 
        29805.5      1.47497e+6 
        29883.9      1.45965e+6 
        29932.6      1.45022e+6 
        29962.2      1.44453e+6 
        29991.8      1.43887e+6 
